642 4 BEM3DMeshData
0 5.7881512044379989e-02 1.5561176222601655e-01 -2.9513498990717257e-01 -8.0583760914411440e-02
1 5.6168997989527257e-02 1.5934318869607811e-01 -2.9986585562781198e-01 -9.1734194559931537e-02
2 6.0823521808873890e-02 1.4849365816988155e-01 -2.8445740661473840e-01 -5.9442252484147307e-02
3 -4.5638979189714152e-01 2.2495263356370815e-01 2.5390499615609824e-01 -8.3285124686172285e-01
4 -5.6263854084148002e-01 1.7135715819923725e-01 4.3631750435762756e-01 -8.1379155943763459e-01
5 -5.1984274837647559e-01 1.9488281648060071e-01 3.6181686604504565e-01 -8.2440786424990764e-01
6 -1.6178521919281000e-01 2.8114657163400769e-01 -2.0014938842146834e-01 -6.5729752699466992e-01
7 -1.9126689493287707e-01 2.8254830642195067e-01 -1.6101713122108682e-01 -6.9398090366420329e-01
8 -1.1854201777500939e-01 2.7472510475077527e-01 -2.5056791885668145e-01 -5.8691488592873320e-01
9 -3.0334008305528161e-02 2.4477402102515305e-01 -3.3038164592859537e-01 -4.0987602122059091e-01
10 -1.5664866800812003e-03 2.2642789961041565e-01 -3.3965712287802696e-01 -3.2684883104492196e-01
11 1.4808444515699674e-03 2.2438052159149235e-01 -3.4330860118151169e-01 -3.2141134930648146e-01
12 -3.3346214052913958e-01 2.6631336811081247e-01 5.0939887335714328e-02 -8.1484137435866089e-01
13 -3.9394558260414686e-01 2.4871083362909832e-01 1.4974095767578355e-01 -8.3078049099863149e-01
14 -4.5712450772160046e-01 2.2462354208362972e-01 2.5533644263109445e-01 -8.3163840092237096e-01
15 -9.5936375294894649e-01 -2.0133250087688565e-01 1.0890606810565531e+00 -2.9820936289234656e-01
16 -1.0258278821005322e+00 -2.9950621513218922e-01 1.1841716814628054e+00 -1.3370742571844663e-01
17 -1.0095061632525391e+00 -2.7414491286729092e-01 1.1610249331288816e+00 -1.7634225595905550e-01
18 -9.2264770950406805e-01 -1.5246017313312996e-01 1.0357787272663725e+00 -3.7971500307601058e-01
19 -1.0095061632525375e+00 -2.7414491286729065e-01 1.1610249331288816e+00 -1.7634225595905761e-01
20 -9.5936375294894327e-01 -2.0133250087688320e-01 1.0890606810565553e+00 -2.9820936289235128e-01
21 -8.8542795004811925e-01 -1.0684589603728173e-01 9.7661388323078935e-01 -4.5007040943854559e-01
22 -9.6628097777487232e-01 -2.1039541449567090e-01 1.1018690004556007e+00 -2.8546472173018034e-01
23 -9.5472800178635886e-01 -1.9502313656282338e-01 1.0828937616730365e+00 -3.0854637840102883e-01
24 -2.0563949558352515e-02 2.3933758026327598e-01 -3.3644579750980602e-01 -3.8545204187993171e-01
25 -4.3193334257660837e-02 2.5115296357167100e-01 -3.2278763564524898e-01 -4.4186574298948134e-01
26 1.7457116731376537e-04 2.2552270405580882e-01 -3.4141739250586212e-01 -3.2401449250373460e-01
27 2.2471203040617085e-02 2.0639474242174566e-01 -3.4055486062283413e-01 -2.4981181483502557e-01
28 -1.3543283975895933e-03 2.2657632954495766e-01 -3.4140719232276151e-01 -3.2888175402707009e-01
29 2.4811188243567952e-02 2.0385042551697657e-01 -3.4006305441416884e-01 -2.4099877405753956e-01
30 -3.9399740518465437e-01 2.4879924085299679e-01 1.4986634287463271e-01 -8.3073906449764456e-01
31 -2.9718305849316679e-01 2.7340301029151831e-01 -5.5502077758364937e-03 -7.8747517917946308e-01
32 -2.9718305849316790e-01 2.7340301029151626e-01 -5.5502077758387627e-03 -7.8747517917946097e-01
33 -7.2754511417473966e-02 2.6328827365946222e-01 -3.0155099777374472e-01 -5.1137290790714141e-01
34 -1.3225833701320749e-01 2.7743166832647081e-01 -2.3691547827038165e-01 -6.1382522860378952e-01
35 -1.3941476001429823e-01 2.7837085087900154e-01 -2.2636579654940031e-01 -6.2045250861078882e-01
36 -5.1984274837647870e-01 1.9488281648060102e-01 3.6181686604504687e-01 -8.2440786424990375e-01
37 -3.9393949525879834e-01 2.4887960877814339e-01 1.4995197078033631e-01 -8.3083373034401276e-01
38 -4.5644580723562983e-01 2.2503677226477128e-01 2.5439834649937282e-01 -8.3612899918883044e-01
39 4.6458979690122144e-02 1.7677833336221080e-01 -3.2061856624893426e-01 -1.4702150494622512e-01
40 3.6995554122100871e-02 1.9002420696372027e-01 -3.3084845749383573e-01 -1.9059222710101315e-01
41 5.0872641273909995e-02 1.6947035973579705e-01 -3.1206100513591339e-01 -1.2307364973995399e-01
42 -9.6983198745271015e-01 -2.1565308057230193e-01 1.1073864882550000e+00 -2.7707572258914515e-01
43 -9.2264770950406949e-01 -1.5246017313313195e-01 1.0357787272663705e+00 -3.7971500307600825e-01
44 -1.0095061632525344e+00 -2.7414491286729048e-01 1.1610249331288809e+00 -1.7634225595906150e-01
45 -3.9396511513759747e-01 2.4889947255978578e-01 1.4998391651248147e-01 -8.3080681251776944e-01
46 -3.9393202190637050e-01 2.4896562902495437e-01 1.5005833848616257e-01 -8.3086637223471094e-01
47 -2.9822773391357843e-01 2.7361543641490277e-01 -3.6340684674767247e-03 -7.8895306163125123e-01
48 -7.4699124008059070e-01 3.6403433132749186e-02 7.5314225727320161e-01 -6.6522160803536856e-01
49 -8.6101424960135897e-01 -7.8458707228759458e-02 9.3993980853427894e-01 -4.9738156808914635e-01
50 -7.8932876501644478e-01 -2.9526890500892883e-03 8.2415630826433806e-01 -6.1080534528286812e-01
51 -2.9854816831295733e-01 2.7406371287396569e-01 -3.6214341539464560e-03 -7.9711634736633985e-01
52 -3.9393202190636845e-01 2.4896562902495428e-01 1.5005833848616193e-01 -8.3086637223471349e-01
53 -2.9822773391357932e-01 2.7361543641490449e-01 -3.6340684674743100e-03 -7.8895306163125056e-01
54 -2.7732572669960054e-01 2.7711475031666671e-01 -3.7103663975788695e-02 -7.7986196195102264e-01
55 -2.3880863528560065e-01 2.8101776249257743e-01 -9.3643066049035523e-02 -7.4229961630562724e-01
56 -3.3346214052913858e-01 2.6631336811081330e-01 5.0939887335715112e-02 -8.1484137435866233e-01
57 -1.0873598347376543e+00 -4.0528894057080994e-01 1.2611823898917143e+00 5.0710908556680478e-02
58 -1.1278309320310203e+00 -4.8494627984390692e-01 1.3057652735068630e+00 1.9154738478005690e-01
59 -1.1215621192983862e+00 -4.7229929636982226e-01 1.2965383076229826e+00 1.7062056176711460e-01
60 -1.0258278821005318e+00 -2.9950621513218983e-01 1.1841716814628045e+00 -1.3370742571844696e-01
61 -1.0699181076310404e+00 -3.7346676375858850e-01 1.2428036797992117e+00 -7.0975555217169251e-03
62 -1.0774439709734391e+00 -3.8681771513829699e-01 1.2520737845425405e+00 1.6328628709738280e-02
63 2.4811188243569430e-02 2.0385042551697566e-01 -3.4006305441417040e-01 -2.4099877405754111e-01
64 -1.3543283975858880e-03 2.2657632954495693e-01 -3.4140719232276351e-01 -3.2888175402707476e-01
65 2.2471203040617626e-02 2.0639474242174832e-01 -3.4055486062283091e-01 -2.4981181483502701e-01
66 -8.1766250888490366e-01 -3.2141698901636914e-02 8.6762747913592986e-01 -5.6312366084278831e-01
67 -7.1784439493254704e-01 6.1007366822806178e-02 7.0262034972460785e-01 -6.9535950810536873e-01
68 -8.2292904602832206e-01 -3.7750102110466074e-02 8.7634239896934463e-01 -5.5511085206935684e-01
69 -1.0351427796996837e+00 -3.1435795285496670e-01 1.1964544195763840e+00 -1.0779827214170407e-01
70 -1.0289273385326412e+00 -3.0364361906786996e-01 1.1914371505896990e+00 -1.2869327878571823e-01
71 -1.0873598347376514e+00 -4.0528894057080644e-01 1.2611823898917183e+00 5.0710908556675927e-02
72 -2.1339453695468438e-01 2.8294907556478838e-01 -1.3104058014644654e-01 -7.2386259348017723e-01
73 -2.4333241395298008e-01 2.8100831905974416e-01 -8.6396783323539741e-02 -7.4642585921119975e-01
74 -5.1984274837647870e-01 1.9488281648059902e-01 3.6181686604504437e-01 -8.2440786424990320e-01
75 -5.8241425526202850e-01 1.5941814027135570e-01 4.6946113152262819e-01 -8.0057625749982209e-01
76 -4.5644580723562989e-01 2.2503677226476945e-01 2.5439834649937049e-01 -8.3612899918882977e-01
77 -3.3409625706649887e-01 2.6603974007893627e-01 5.2474589632136540e-02 -8.1070858111012012e-01
78 -2.8125210039442455e-01 2.7621148460334655e-01 -3.0120010596634252e-02 -7.7653519899274459e-01
79 -3.9395858923900884e-01 2.4877084252545406e-01 1.4982008067660452e-01 -8.3078030504072153e-01
80 -3.9398627275061943e-01 2.4885907023136614e-01 1.4993872213418860e-01 -8.3076924529668839e-01
81 -2.9744339769066930e-01 2.7353522627747212e-01 -5.2010964919072880e-03 -7.8880266326306903e-01
82 -1.1278309320310262e+00 -4.8494627984390842e-01 1.3057652735068630e+00 1.9154738478006489e-01
83 -1.1215621192983876e+00 -4.7229929636982360e-01 1.2965383076229813e+00 1.7062056176711671e-01
84 -1.1522226196662335e+00 -5.3775963817758121e-01 1.3272386614343294e+00 2.8700258289274133e-01
85 -5.9557986376796851e-03 2.3016540952795903e-01 -3.4277479354870249e-01 -3.4589539510753292e-01
86 -5.3016410871469397e-02 2.5540717984492523e-01 -3.1562257997361098e-01 -4.6415253911747739e-01
87 -1.1684359915578959e+00 -5.7468393001587303e-01 1.3427835777333126e+00 3.5291160254939397e-01
88 -1.1533763043336505e+00 -5.4007097475349575e-01 1.3298396161414887e+00 2.9114515654548490e-01
89 -1.1684359915578946e+00 -5.7468393001587570e-01 1.3427835777333090e+00 3.5291160254939308e-01
90 -6.0680320028480905e-01 1.4407877958141782e-01 5.1254733845039091e-01 -7.9072905397791238e-01
91 -4.9795454403853417e-01 2.0630685920811140e-01 3.2503781859308006e-01 -8.3419317879459021e-01
92 -4.9795454403853451e-01 2.0630685920811082e-01 3.2503781859307951e-01 -8.3419317879458965e-01
93 -8.9021122396856600e-01 -1.1186512973848756e-01 9.8811222036643565e-01 -4.4724291790706194e-01
94 -9.0097281542019991e-01 -1.2507343640417215e-01 1.0032887044314411e+00 -4.2444815827660998e-01
95 -9.6633948108013157e-01 -2.0992498504657942e-01 1.1038369161544366e+00 -2.8773656466771347e-01
96 -1.6178521919281189e-01 2.8114657163400869e-01 -2.0014938842146657e-01 -6.5729752699466792e-01
97 -9.6737527567555312e-02 2.6993720458657339e-01 -2.7365935598778590e-01 -5.4889770718877540e-01
98 -1.1854201777500693e-01 2.7472510475077561e-01 -2.5056791885668167e-01 -5.8691488592873631e-01
99 -6.0396473071248824e-01 1.4606405141103038e-01 5.0796788942863480e-01 -7.9369685863971162e-01
100 -7.0696622100650597e-01 7.0434932691042978e-02 6.8571241315817555e-01 -7.1125737121438881e-01
101 -6.0469936198191809e-01 1.4531464365737046e-01 5.0830607751291168e-01 -7.8926038315647140e-01
102 -6.9812175900781537e-02 2.6234719780275051e-01 -3.0405644130840498e-01 -5.0526755752655250e-01
103 -3.0334008305528074e-02 2.4477402102515389e-01 -3.3038164592859437e-01 -4.0987602122059114e-01
104 -1.0258278821005338e+00 -2.9950621513218956e-01 1.1841716814628056e+00 -1.3370742571844457e-01
105 -1.0699181076310418e+00 -3.7346676375858878e-01 1.2428036797992119e+00 -7.0975555217153152e-03
106 -3.3332099646835817e-01 2.6612668881176393e-01 5.0944866103117575e-02 -8.1067106604724315e-01
107 -3.9395858923900778e-01 2.4877084252545642e-01 1.4982008067660726e-01 -8.3078030504072342e-01
108 -4.5728322277350736e-01 2.2448117138404666e-01 2.5569810298116896e-01 -8.3567813394300661e-01
109 -2.9744339769066985e-01 2.7353522627746901e-01 -5.2010964919110662e-03 -7.8880266326306736e-01
110 -2.9718305849316884e-01 2.7340301029151615e-01 -5.5502077758386829e-03 -7.8747517917945986e-01
111 -2.1156958810838222e-01 2.8215615453369947e-01 -1.3234633810470536e-01 -7.1347829516256045e-01
112 -2.1339453695468355e-01 2.8294907556478704e-01 -1.3104058014644840e-01 -7.2386259348017790e-01
113 -1.4073753664179378e-01 2.7902913157636861e-01 -2.2739521495627710e-01 -6.3027095045494863e-01
114 -2.0138844508734616e-02 2.3916430449342080e-01 -3.3634730049360917e-01 -3.8447663348392380e-01
115 1.5810741780054496e-02 2.1288731975958136e-01 -3.4351015213203734e-01 -2.7546681545285739e-01
116 -3.9139136494282575e-03 2.2888852988355274e-01 -3.4323931054466894e-01 -3.4058813724479686e-01
117 -2.9718305849316728e-01 2.7340301029151654e-01 -5.5502077758386031e-03 -7.8747517917946197e-01
118 -3.9398627275061809e-01 2.4885907023136764e-01 1.4993872213419013e-01 -8.3076924529669050e-01
119 -2.9744339769066797e-01 2.7353522627747168e-01 -5.2010964919082074e-03 -7.8880266326307058e-01
120 -2.3880863528560314e-01 2.8101776249257754e-01 -9.3643066049034690e-02 -7.4229961630562413e-01
121 -2.9393375261340898e-01 2.7401579910192386e-01 -1.0326620959079779e-02 -7.8239694267668281e-01
122 -5.8338200231013049e-01 1.5861947007013388e-01 4.7118943086713200e-01 -7.9861222209849614e-01
123 -5.2103605606992776e-01 1.9410554791624340e-01 3.6399213791020746e-01 -8.2274194145288038e-01
124 -9.5936375294894671e-01 -2.0133250087688387e-01 1.0890606810565553e+00 -2.9820936289234679e-01
125 -1.0258278821005322e+00 -2.9950621513218961e-01 1.1841716814628049e+00 -1.3370742571844652e-01
126 -1.5664866800807614e-03 2.2642789961041607e-01 -3.3965712287802652e-01 -3.2684883104492263e-01
127 1.4808444515707203e-03 2.2438052159149124e-01 -3.4330860118151324e-01 -3.2141134930648213e-01
128 2.2391070324894444e-02 2.0595213153454994e-01 -3.3780645700144041e-01 -2.4637265334180569e-01
129 -3.3406330904136877e-01 2.6639898520095012e-01 5.2696758374590931e-02 -8.1418593530102645e-01
130 -3.9393949525879796e-01 2.4887960877814597e-01 1.4995197078033942e-01 -8.3083373034401398e-01
131 -2.7832637002801358e-01 2.7704619462764846e-01 -3.4826446928081942e-02 -7.7949836190986654e-01
132 -2.9854816831295811e-01 2.7406371287396591e-01 -3.6214341539460085e-03 -7.9711634736633885e-01
133 -7.0459495279616280e-01 7.2038374937274774e-02 6.7846857582831732e-01 -7.0619925711676368e-01
134 -7.1784439493254748e-01 6.1007366822807024e-02 7.0262034972460918e-01 -6.9535950810536828e-01
135 -8.1766250888490200e-01 -3.2141698901634680e-02 8.6762747913593230e-01 -5.6312366084279109e-01
136 -5.6852319230432458e-01 1.6818311637247801e-01 4.4665200645107705e-01 -8.1087380375560025e-01
137 -5.0173714072036291e-01 2.0475566915960081e-01 3.3257587848701653e-01 -8.3640881397638012e-01
138 -6.1266928796068210e-01 1.4094479961666470e-01 5.2435578569842267e-01 -7.9088334422524398e-01
139 -8.1602180919894490e-02 2.6594212811431611e-01 -2.9091182661189408e-01 -5.2491294025139257e-01
140 -3.7647256985344511e-02 2.4869042238357153e-01 -3.2862051492398120e-01 -4.3186183363030639e-01
141 -6.8344654930916748e-01 8.9473186993218462e-02 6.4381189109900117e-01 -7.2919496126171812e-01
142 -9.6668351969201027e-01 -2.1120892765295854e-01 1.1024624106496801e+00 -2.8455534760228340e-01
143 -3.3332099646835694e-01 2.6612668881176366e-01 5.0944866103116909e-02 -8.1067106604724448e-01
144 -2.2708250745418404e-01 2.8203925634915628e-01 -1.1191580463124860e-01 -7.3592103318385860e-01
145 -2.7732572669960043e-01 2.7711475031666455e-01 -3.7103663975791470e-02 -7.7986196195102220e-01
146 -7.2161439451508846e-01 5.9033326401565514e-02 7.1217811869715786e-01 -6.9824288570769921e-01
147 -3.7647256985345628e-02 2.4869042238357006e-01 -3.2862051492398275e-01 -4.3186183363030450e-01
148 -5.9557986376774577e-03 2.3016540952795911e-01 -3.4277479354870322e-01 -3.4589539510753575e-01
149 -2.9393375261340771e-01 2.7401579910192359e-01 -1.0326620959080414e-02 -7.8239694267668425e-01
150 -3.0334008305530999e-02 2.4477402102515208e-01 -3.3038164592859587e-01 -4.0987602122058697e-01
151 -6.9812175900783313e-02 2.6234719780274995e-01 -3.0405644130840520e-01 -5.0526755752655006e-01
152 -3.0334008305530062e-02 2.4477402102515294e-01 -3.3038164592859509e-01 -4.0987602122058842e-01
153 5.8290367157813515e-02 1.5481872855076753e-01 -2.9404629822678729e-01 -7.8361032069475756e-02
154 5.7802708586882690e-02 1.5618454768683113e-01 -2.9694419664913507e-01 -8.3087358503371400e-02
155 6.1203903904003473e-02 1.4768001229937336e-01 -2.8399681030403878e-01 -5.7574285426079064e-02
156 -1.0351427796996842e+00 -3.1435795285496543e-01 1.1964544195763858e+00 -1.0779827214170384e-01
157 -9.6628097777487110e-01 -2.1039541449567076e-01 1.1018690004556007e+00 -2.8546472173018189e-01
158 -1.0281538081215982e+00 -3.0331572793193856e-01 1.1876511219056520e+00 -1.2733536495887199e-01
159 -5.8338200231012882e-01 1.5861947007013236e-01 4.7118943086712967e-01 -7.9861222209849780e-01
160 -6.9752955541167516e-01 7.8154248209776692e-02 6.6897596604174381e-01 -7.1875223364649687e-01
161 -6.3567325691561860e-01 1.2453862577531000e-01 5.6217336497766368e-01 -7.6987972225330426e-01
162 -4.9607941399985306e-01 2.0665462438509682e-01 3.2065781646655289e-01 -8.2619103018434314e-01
163 -5.6263854084147968e-01 1.7135715819923855e-01 4.3631750435762906e-01 -8.1379155943763548e-01
164 -6.0111947206911531e-01 1.4729709525127371e-01 5.0079450332017361e-01 -7.8739952296209692e-01
165 -8.1766250888490077e-01 -3.2141698901634874e-02 8.6762747913593163e-01 -5.6312366084279253e-01
166 -8.0207886815997020e-01 -1.5936652278994747e-02 8.4407231461319998e-01 -5.9057629342035156e-01
167 -8.9021122396856511e-01 -1.1186512973848592e-01 9.8811222036643742e-01 -4.4724291790706350e-01
168 -1.5498381707988246e-01 2.8024444166923196e-01 -2.0931597803318247e-01 -6.4794846403995843e-01
169 -2.0520956691653353e-01 2.8209540477138245e-01 -1.4078126020477100e-01 -7.0385786070969469e-01
170 -1.3021623010687383e-01 2.7667173223565295e-01 -2.3665452326019168e-01 -6.0374053308444497e-01
171 -4.5644580723562922e-01 2.2503677226477078e-01 2.5439834649937199e-01 -8.3612899918883088e-01
172 -3.9395858923900734e-01 2.4877084252545592e-01 1.4982008067660646e-01 -8.3078030504072375e-01
173 -5.1648537000216399e-01 1.9678993200993997e-01 3.5705131159631920e-01 -8.3014620027120856e-01
174 -2.1086773198122438e-01 2.8258415012690663e-01 -1.3409197729575295e-01 -7.1685672179621429e-01
175 -1.4073753664179289e-01 2.7902913157636883e-01 -2.2739521495627696e-01 -6.3027095045494963e-01
176 -2.1339453695468319e-01 2.8294907556478754e-01 -1.3104058014644793e-01 -7.2386259348017856e-01
177 -2.7832637002801436e-01 2.7704619462764896e-01 -3.4826446928081081e-02 -7.7949836190986554e-01
178 -2.2787156795646868e-01 2.8196806875583402e-01 -1.1007887766541607e-01 -7.3547853903296390e-01
179 -5.2103605606992842e-01 1.9410554791624213e-01 3.6399213791020602e-01 -8.2274194145287927e-01
180 -8.1602180919895823e-02 2.6594212811431617e-01 -2.9091182661189363e-01 -5.2491294025139101e-01
181 -3.7647256985343200e-02 2.4869042238357261e-01 -3.2862051492398020e-01 -4.3186183363030828e-01
182 -3.5608449525989745e-02 2.4736103220025005e-01 -3.2582851063052137e-01 -4.2071906572822737e-01
183 -3.3409625706650176e-01 2.6603974007893588e-01 5.2474589632136873e-02 -8.1070858111011634e-01
184 -1.5664866800843870e-03 2.2642789961041457e-01 -3.3965712287802741e-01 -3.2684883104491763e-01
185 -1.9126689493287519e-01 2.8254830642195045e-01 -1.6101713122108763e-01 -6.9398090366420551e-01
186 -1.1854201777500804e-01 2.7472510475077383e-01 -2.5056791885668361e-01 -5.8691488592873453e-01
187 -1.4732848968293188e-01 2.7926455219694635e-01 -2.1682541723031376e-01 -6.3209179645388991e-01
188 -5.6263854084148157e-01 1.7135715819923827e-01 4.3631750435762923e-01 -8.1379155943763293e-01
189 -6.3138946543126762e-01 1.2752810060224451e-01 5.5444459812580349e-01 -7.7251558168229750e-01
190 -1.1224790073432778e+00 -4.7382610090341193e-01 1.3003447335047698e+00 1.7181410916319706e-01
191 -1.1551051818965461e+00 -5.4402756638350225e-01 1.3309930092264550e+00 2.9781753069050676e-01
192 5.8290367157814514e-02 1.5481872855076778e-01 -2.9404629822678707e-01 -7.8361032069476977e-02
193 6.0823521808871343e-02 1.4849365816988117e-01 -2.8445740661473817e-01 -5.9442252484143976e-02
194 -5.2103605606992776e-01 1.9410554791624357e-01 3.6399213791020762e-01 -8.2274194145288038e-01
195 -3.9394558260414247e-01 2.4871083362909510e-01 1.4974095767577830e-01 -8.3078049099863616e-01
196 -4.5712450772160285e-01 2.2462354208363042e-01 2.5533644263109595e-01 -8.3163840092236818e-01
197 -1.3225833701320941e-01 2.7743166832647198e-01 -2.3691547827037973e-01 -6.1382522860378752e-01
198 -7.2754511417478740e-02 2.6328827365946345e-01 -3.0155099777374195e-01 -5.1137290790713563e-01
199 -3.9393202190637178e-01 2.4896562902495725e-01 1.5005833848616659e-01 -8.3086637223471005e-01
200 -2.9822773391357721e-01 2.7361543641490288e-01 -3.6340684674768947e-03 -7.8895306163125267e-01
201 -3.9396511513759735e-01 2.4889947255978834e-01 1.4998391651248466e-01 -8.3080681251777022e-01
202 2.1653423611499509e-02 2.0724343098529724e-01 -3.4104599848336947e-01 -2.5320457187606560e-01
203 3.8337149219440092e-02 1.8797374654219054e-01 -3.2788399184565209e-01 -1.8263230223672017e-01
204 3.6105785708116560e-02 1.9092338831142822e-01 -3.3020038670197638e-01 -1.9283474543293661e-01
205 -1.1202193681897792e+00 -4.6911889063553341e-01 1.2985095497249741e+00 1.6362347899003193e-01
206 -1.1052927190675101e+00 -4.3959220168199331e-01 1.2813902685436476e+00 1.1156646457024022e-01
207 -4.9607941399985334e-01 2.0665462438509580e-01 3.2065781646655162e-01 -8.2619103018434248e-01
208 -4.9660002115443963e-01 2.0677588589698154e-01 3.2281573528276486e-01 -8.3383862584986113e-01
209 -4.9795454403853867e-01 2.0630685920810968e-01 3.2503781859307918e-01 -8.3419317879458410e-01
210 -4.9795454403853617e-01 2.0630685920811040e-01 3.2503781859307940e-01 -8.3419317879458743e-01
211 -6.0680320028480461e-01 1.4407877958141757e-01 5.1254733845038936e-01 -7.9072905397791782e-01
212 -2.1339453695468280e-01 2.8294907556478716e-01 -1.3104058014644845e-01 -7.2386259348017890e-01
213 -2.1086773198122316e-01 2.8258415012690807e-01 -1.3409197729575142e-01 -7.1685672179621607e-01
214 -2.0520956691653369e-01 2.8209540477138229e-01 -1.4078126020477119e-01 -7.0385786070969458e-01
215 -4.3193334257660351e-02 2.5115296357167177e-01 -3.2278763564524809e-01 -4.4186574298948211e-01
216 1.7457116731439334e-04 2.2552270405580932e-01 -3.4141739250586156e-01 -3.2401449250373537e-01
217 -2.0138844508732941e-02 2.3916430449341991e-01 -3.3634730049361078e-01 -3.8447663348392563e-01
218 -8.8542795004811703e-01 -1.0684589603728054e-01 9.7661388323079024e-01 -4.5007040943854870e-01
219 -9.6628097777487332e-01 -2.1039541449566754e-01 1.1018690004556051e+00 -2.8546472173018000e-01
220 -5.8338200231012782e-01 1.5861947007013263e-01 4.7118943086712967e-01 -7.9861222209849902e-01
221 -4.5728322277350714e-01 2.2448117138404713e-01 2.5569810298116952e-01 -8.3567813394300705e-01
222 -5.2103605606992709e-01 1.9410554791624429e-01 3.6399213791020840e-01 -8.2274194145288149e-01
223 -2.8125210039442317e-01 2.7621148460334549e-01 -3.0120010596635941e-02 -7.7653519899274581e-01
224 -1.8353792347465417e-01 2.8225413463203713e-01 -1.7155036111276936e-01 -6.8421351295933230e-01
225 -2.2708250745418798e-01 2.8203925634915555e-01 -1.1191580463124842e-01 -7.3592103318385338e-01
226 -3.5608449525989565e-02 2.4736103220025155e-01 -3.2582851063051960e-01 -4.2071906572822804e-01
227 -3.7647256985346100e-02 2.4869042238357095e-01 -3.2862051492398153e-01 -4.3186183363030417e-01
228 -1.3543283975892152e-03 2.2657632954495699e-01 -3.4140719232276256e-01 -3.2888175402707043e-01
229 -1.0281538081215991e+00 -3.0331572793194000e-01 1.1876511219056503e+00 -1.2733536495887054e-01
230 -3.3406330904137049e-01 2.6639898520094957e-01 5.2696758374590681e-02 -8.1418593530102412e-01
231 -3.9393949525879618e-01 2.4887960877814466e-01 1.4995197078033734e-01 -8.3083373034401575e-01
232 -2.7832637002801580e-01 2.7704619462765068e-01 -3.4826446928078528e-02 -7.7949836190986432e-01
233 -2.9854816831295722e-01 2.7406371287396525e-01 -3.6214341539470910e-03 -7.9711634736633996e-01
234 -2.4333241395298422e-01 2.8100831905974305e-01 -8.6396783323540047e-02 -7.4642585921119420e-01
235 -9.5472800178636053e-01 -1.9502313656282336e-01 1.0828937616730372e+00 -3.0854637840102672e-01
236 -9.2175475729447665e-01 -1.5149803768197379e-01 1.0345802355252629e+00 -3.8109591287850014e-01
237 -1.0086776810367568e+00 -2.7303988972038140e-01 1.1601292186996974e+00 -1.7781088092422676e-01
238 -6.8344654930916637e-01 8.9473186993217407e-02 6.4381189109899961e-01 -7.2919496126171934e-01
239 -7.2161439451508791e-01 5.9033326401564792e-02 7.1217811869715686e-01 -6.9824288570769966e-01
240 -6.1266928796068054e-01 1.4094479961666512e-01 5.2435578569842267e-01 -7.9088334422524609e-01
241 -1.0395346300514197e-01 2.7190761951309028e-01 -2.6911561621565938e-01 -5.6764503674681055e-01
242 -7.5496797497109538e-02 2.6370336663226351e-01 -2.9634372960128930e-01 -5.1127803428222951e-01
243 -1.1760232498655152e+00 -5.9280001633702661e-01 1.3483684614236124e+00 3.8564742476733210e-01
244 -1.1701613488939135e+00 -5.7886840393648564e-01 1.3431715157098734e+00 3.6064788401115661e-01
245 2.4811188243569177e-02 2.0385042551697660e-01 -3.4006305441416917e-01 -2.4099877405754111e-01
246 4.0969521011441669e-02 1.8476328217682891e-01 -3.2711121361037376e-01 -1.7299992114874857e-01
247 4.1467938979012811e-02 1.8411825318257677e-01 -3.2722560249963140e-01 -1.7136970587700928e-01
248 -5.3016410871472006e-02 2.5540717984492473e-01 -3.1562257997361098e-01 -4.6415253911747395e-01
249 -6.4216852649374878e-01 1.1986212833377505e-01 5.7316101402484299e-01 -7.6492510863912910e-01
250 -5.8338200231012705e-01 1.5861947007013388e-01 4.7118943086713111e-01 -7.9861222209850036e-01
251 -6.9752955541167505e-01 7.8154248209775304e-02 6.6897596604174181e-01 -7.1875223364649665e-01
252 -1.4561054262020623e-01 2.7923661001957550e-01 -2.1970214067080060e-01 -6.3148345510327364e-01
253 -2.2708250745418468e-01 2.8203925634915639e-01 -1.1191580463124826e-01 -7.3592103318385771e-01
254 -1.8817516468431850e-01 2.8244041359088007e-01 -1.6521168381263496e-01 -6.8974593679048901e-01
255 -1.1278309320310236e+00 -4.8494627984390559e-01 1.3057652735068657e+00 1.9154738478006067e-01
256 -3.9139136494271629e-03 2.2888852988355315e-01 -3.4323931054466872e-01 -3.4058813724479842e-01
257 2.1653423611500126e-02 2.0724343098529710e-01 -3.4104599848337003e-01 -2.5320457187606626e-01
258 1.5810741780059548e-02 2.1288731975958192e-01 -3.4351015213203817e-01 -2.7546681545286400e-01
259 2.1653423611502021e-02 2.0724343098529768e-01 -3.4104599848336958e-01 -2.5320457187606893e-01
260 3.8337149219442368e-02 1.8797374654219107e-01 -3.2788399184565220e-01 -1.8263230223672305e-01
261 -4.9759781057606906e-01 2.0643617441822712e-01 3.2446615461663508e-01 -8.3316625940250355e-01
262 -6.0396473071248680e-01 1.4606405141102938e-01 5.0796788942863313e-01 -7.9369685863971318e-01
263 -1.4732848968293097e-01 2.7926455219694790e-01 -2.1682541723031201e-01 -6.3209179645389146e-01
264 -1.8353792347465722e-01 2.8225413463203552e-01 -1.7155036111277058e-01 -6.8421351295932809e-01
265 -1.0395346300514334e-01 2.7190761951308995e-01 -2.6911561621565938e-01 -5.6764503674680877e-01
266 -1.0857340106166631e+00 -4.0231716182122174e-01 1.2599907132930239e+00 4.5000913890757721e-02
267 -1.1278309320310238e+00 -4.8494627984390681e-01 1.3057652735068641e+00 1.9154738478006139e-01
268 -1.5664866800829003e-03 2.2642789961041423e-01 -3.3965712287802829e-01 -3.2684883104491941e-01
269 -7.0696622100650219e-01 7.0434932691042978e-02 6.8571241315817444e-01 -7.1125737121439347e-01
270 -7.0459495279616091e-01 7.2038374937278313e-02 6.7846857582832132e-01 -7.0619925711676701e-01
271 -9.0097281542019692e-01 -1.2507343640417098e-01 1.0032887044314416e+00 -4.2444815827661392e-01
272 -1.0774439709734385e+00 -3.8681771513829744e-01 1.2520737845425396e+00 1.6328628709737503e-02
273 -1.0351427796996859e+00 -3.1435795285496826e-01 1.1964544195763827e+00 -1.0779827214170068e-01
274 -9.6628097777487132e-01 -2.1039541449566837e-01 1.1018690004556038e+00 -2.8546472173018228e-01
275 -1.0281538081216002e+00 -3.0331572793193912e-01 1.1876511219056516e+00 -1.2733536495886938e-01
276 -1.0086776810367555e+00 -2.7303988972038401e-01 1.1601292186996939e+00 -1.7781088092422775e-01
277 -1.0470829284297956e+00 -3.3437778645176353e-01 1.2124218575540497e+00 -7.3711607269849766e-02
278 -8.8542795004812103e-01 -1.0684589603728195e-01 9.7661388323078957e-01 -4.5007040943854326e-01
279 -8.5514411770210241e-01 -7.1990593039849338e-02 9.3080587441486551e-01 -5.0747434490804966e-01
280 -8.8542795004811647e-01 -1.0684589603728373e-01 9.7661388323078602e-01 -4.5007040943854859e-01
281 -7.7608725321467864e-01 9.6170521722872306e-03 8.0295017314975770e-01 -6.3115904909889009e-01
282 -8.5514411770210441e-01 -7.1990593039852543e-02 9.3080587441486207e-01 -5.0747434490804622e-01
283 -6.9752955541167361e-01 7.8154248209776872e-02 6.6897596604174359e-01 -7.1875223364649909e-01
284 -8.1557250016183724e-01 -2.9537865645816549e-02 8.6655927263609389e-01 -5.7142121342538166e-01
285 -7.4699124008059159e-01 3.6403433132747048e-02 7.5314225727319917e-01 -6.6522160803536690e-01
286 -3.9390304587366687e-01 2.4901824008927903e-01 1.5011680489838167e-01 -8.3091708702328504e-01
287 -2.9854816831295683e-01 2.7406371287396503e-01 -3.6214341539474518e-03 -7.9711634736634018e-01
288 -3.3406330904136994e-01 2.6639898520094929e-01 5.2696758374590209e-02 -8.1418593530102479e-01
289 -4.9660002115444191e-01 2.0677588589698212e-01 3.2281573528276625e-01 -8.3383862584985846e-01
290 -4.9607941399985217e-01 2.0665462438509566e-01 3.2065781646655112e-01 -8.2619103018434392e-01
291 4.0969521011444361e-02 1.8476328217682972e-01 -3.2711121361037354e-01 -1.7299992114875212e-01
292 3.6995554122102300e-02 1.9002420696372088e-01 -3.3084845749383540e-01 -1.9059222710101514e-01
293 3.6105785708114069e-02 1.9092338831142952e-01 -3.3020038670197405e-01 -1.9283474543293383e-01
294 2.8935789931333500e-02 1.9959066894430810e-01 -3.3747307716849639e-01 -2.2478156090162882e-01
295 -1.1551051818965474e+00 -5.4402756638350136e-01 1.3309930092264564e+00 2.9781753069050820e-01
296 -1.1224790073432809e+00 -4.7382610090341265e-01 1.3003447335047698e+00 1.7181410916320117e-01
297 5.0872641273909863e-02 1.6947035973579525e-01 -3.1206100513591550e-01 -1.2307364973995327e-01
298 5.2229528025141282e-02 1.6714747535286306e-01 -3.0933241416659041e-01 -1.1575673355943034e-01
299 -9.5472800178636252e-01 -1.9502313656282255e-01 1.0828937616730387e+00 -3.0854637840102439e-01
300 -7.8932876501644056e-01 -2.9526890500871615e-03 8.2415630826433961e-01 -6.1080534528287400e-01
301 -6.8344654930916859e-01 8.9473186993218184e-02 6.4381189109900117e-01 -7.2919496126171657e-01
302 -6.8344654930916660e-01 8.9473186993216922e-02 6.4381189109899906e-01 -7.2919496126171890e-01
303 -6.0111947206911287e-01 1.4729709525127282e-01 5.0079450332017184e-01 -7.8739952296209970e-01
304 -1.9126689493287724e-01 2.8254830642194972e-01 -1.6101713122108796e-01 -6.9398090366420262e-01
305 -2.2787156795646898e-01 2.8196806875583441e-01 -1.1007887766541546e-01 -7.3547853903296367e-01
306 -2.9822773391357726e-01 2.7361543641490216e-01 -3.6340684674777794e-03 -7.8895306163125245e-01
307 -2.9744339769066974e-01 2.7353522627747040e-01 -5.2010964919093454e-03 -7.8880266326306803e-01
308 -8.9705020059658092e-01 -1.2082526244633920e-01 9.9391079392805048e-01 -4.2774220641032124e-01
309 -6.3567325691561716e-01 1.2453862577531126e-01 5.6217336497766479e-01 -7.6987972225330648e-01
310 -4.5638979189714241e-01 2.2495263356370970e-01 2.5390499615610046e-01 -8.3285124686172196e-01
311 -1.9126689493287585e-01 2.8254830642195106e-01 -1.6101713122108668e-01 -6.9398090366420506e-01
312 -1.4732848968293366e-01 2.7926455219694651e-01 -2.1682541723031304e-01 -6.3209179645388747e-01
313 -1.1684359915578957e+00 -5.7468393001587281e-01 1.3427835777333130e+00 3.5291160254939363e-01
314 -1.1533763043336518e+00 -5.4007097475349719e-01 1.3298396161414874e+00 2.9114515654548700e-01
315 -1.1684359915578957e+00 -5.7468393001587370e-01 1.3427835777333117e+00 3.5291160254939385e-01
316 -7.0459495279616147e-01 7.2038374937275579e-02 6.7846857582831799e-01 -7.0619925711676568e-01
317 -6.0469936198191820e-01 1.4531464365737201e-01 5.0830607751291368e-01 -7.8926038315647173e-01
318 -7.0696622100650541e-01 7.0434932691042576e-02 6.8571241315817477e-01 -7.1125737121438937e-01
319 -1.1452716585290712e+00 -5.2207582555905085e-01 1.3226107365830859e+00 2.5842669711716687e-01
320 -7.5496797497109164e-02 2.6370336663226118e-01 -2.9634372960129229e-01 -5.1127803428222940e-01
321 -1.0470829284297949e+00 -3.3437778645176153e-01 1.2124218575540522e+00 -7.3711607269851098e-02
322 -3.3332099646835733e-01 2.6612668881176427e-01 5.0944866103117770e-02 -8.1067106604724415e-01
323 -3.9396284653905705e-01 2.4891083591954818e-01 1.4999762182417628e-01 -8.3081273905906627e-01
324 -8.2359427586619394e-01 -3.7639692088674889e-02 8.7934970049429495e-01 -5.5851749886777136e-01
325 -8.9705020059658092e-01 -1.2082526244633811e-01 9.9391079392805182e-01 -4.2774220641032151e-01
326 -8.9705020059657903e-01 -1.2082526244633590e-01 9.9391079392805415e-01 -4.2774220641032457e-01
327 2.2391070324892241e-02 2.0595213153454930e-01 -3.3780645700144074e-01 -2.4637265334180281e-01
328 2.2391070324893392e-02 2.0595213153454919e-01 -3.3780645700144118e-01 -2.4637265334180414e-01
329 -6.7325173511657266e-01 9.6985574048241277e-02 6.2620213707490646e-01 -7.3859507011941017e-01
330 -7.7608725321467287e-01 9.6170521722896453e-03 8.0295017314975914e-01 -6.3115904909889808e-01
331 -4.3193334257661815e-02 2.5115296357167172e-01 -3.2278763564524782e-01 -4.4186574298948039e-01
332 -7.4138941137743983e-02 2.6340896472604886e-01 -2.9757253899217362e-01 -5.0922842885959918e-01
333 -2.0138844508733121e-02 2.3916430449342119e-01 -3.3634730049360900e-01 -3.8447663348392563e-01
334 -2.8125210039442039e-01 2.7621148460334538e-01 -3.0120010596636833e-02 -7.7653519899274948e-01
335 -6.3138946543127050e-01 1.2752810060224545e-01 5.5444459812580549e-01 -7.7251558168229417e-01
336 -5.8241425526202828e-01 1.5941814027135312e-01 4.6946113152262486e-01 -8.0057625749982164e-01
337 -3.9398627275061837e-01 2.4885907023136683e-01 1.4993872213418921e-01 -8.3076924529668994e-01
338 4.6458979690119376e-02 1.7677833336220961e-01 -3.2061856624893503e-01 -1.4702150494622135e-01
339 3.6995554122103994e-02 1.9002420696372130e-01 -3.3084845749383551e-01 -1.9059222710101742e-01
340 -2.0563949558349906e-02 2.3933758026327762e-01 -3.3644579750980486e-01 -3.8545204187993531e-01
341 -6.0111947206911498e-01 1.4729709525127455e-01 5.0079450332017461e-01 -7.8739952296209748e-01
342 -4.9660002115444291e-01 2.0677588589698087e-01 3.2281573528276492e-01 -8.3383862584985668e-01
343 -1.0857340106166620e+00 -4.0231716182121990e-01 1.2599907132930257e+00 4.5000913890755723e-02
344 -1.0873598347376521e+00 -4.0528894057080805e-01 1.2611823898917160e+00 5.0710908556677259e-02
345 -5.6263854084147913e-01 1.7135715819923869e-01 4.3631750435762912e-01 -8.1379155943763615e-01
346 -5.1984274837647793e-01 1.9488281648060105e-01 3.6181686604504670e-01 -8.2440786424990475e-01
347 -6.3138946543126973e-01 1.2752810060224506e-01 5.5444459812580482e-01 -7.7251558168229506e-01
348 -4.5728322277350641e-01 2.2448117138404652e-01 2.5569810298116857e-01 -8.3567813394300772e-01
349 -1.1052927190675050e+00 -4.3959220168199042e-01 1.2813902685436498e+00 1.1156646457023311e-01
350 -1.0724112652394377e+00 -3.7812594538010058e-01 1.2445726189371422e+00 2.1996720683387094e-03
351 -1.0699181076310369e+00 -3.7346676375858778e-01 1.2428036797992117e+00 -7.0975555217216990e-03
352 -1.0470829284298071e+00 -3.3437778645176419e-01 1.2124218575540522e+00 -7.3711607269835056e-02
353 -2.1156958810838211e-01 2.8215615453370024e-01 -1.3234633810470442e-01 -7.1347829516256100e-01
354 -1.6178521919280983e-01 2.8114657163400719e-01 -2.0014938842146901e-01 -6.5729752699467003e-01
355 -1.1854201777500564e-01 2.7472510475077477e-01 -2.5056791885668306e-01 -5.8691488592873786e-01
356 3.6995554122102335e-02 1.9002420696372038e-01 -3.3084845749383618e-01 -1.9059222710101509e-01
357 4.6458979690118793e-02 1.7677833336220902e-01 -3.2061856624893559e-01 -1.4702150494622035e-01
358 5.0872641273910203e-02 1.6947035973579566e-01 -3.1206100513591506e-01 -1.2307364973995383e-01
359 -6.3567325691561716e-01 1.2453862577531412e-01 5.6217336497766834e-01 -7.6987972225330714e-01
360 -7.8932876501644444e-01 -2.9526890500889795e-03 8.2415630826433839e-01 -6.1080534528286856e-01
361 5.2229528025140429e-02 1.6714747535285926e-01 -3.0933241416659507e-01 -1.1575673355942823e-01
362 5.0863549583345026e-02 1.6993460757207579e-01 -3.1516011759389750e-01 -1.2629163713481661e-01
363 -8.1323116596525580e-01 -2.7214368606637868e-02 8.6299746579036607e-01 -5.7526189146473206e-01
364 -8.7444574643721218e-01 -9.3863895053938967e-02 9.6134720366007409e-01 -4.7344459618500684e-01
365 -9.6633948108013468e-01 -2.0992498504658125e-01 1.1038369161544352e+00 -2.8773656466770903e-01
366 -9.5472800178636485e-01 -1.9502313656282644e-01 1.0828937616730343e+00 -3.0854637840102039e-01
367 -1.4732848968293250e-01 2.7926455219694557e-01 -2.1682541723031459e-01 -6.3209179645388880e-01
368 -1.8353792347465464e-01 2.8225413463203763e-01 -1.7155036111276856e-01 -6.8421351295933186e-01
369 -1.0395346300514316e-01 2.7190761951308823e-01 -2.6911561621566171e-01 -5.6764503674680855e-01
370 -9.2264770950406738e-01 -1.5246017313312993e-01 1.0357787272663725e+00 -3.7971500307601147e-01
371 -9.6983198745270971e-01 -2.1565308057230065e-01 1.1073864882550013e+00 -2.7707572258914603e-01
372 -1.0095061632525388e+00 -2.7414491286728937e-01 1.1610249331288833e+00 -1.7634225595905623e-01
373 -7.4138941137743969e-02 2.6340896472604841e-01 -2.9757253899217440e-01 -5.0922842885959918e-01
374 -1.1416648925137138e-01 2.7403341760927907e-01 -2.5643272634064584e-01 -5.8188566806392350e-01
375 -4.9920195210266360e-02 2.5425657582917455e-01 -3.1778434666068467e-01 -4.5773384399847633e-01
376 1.5514833550190101e-02 2.1314458874552270e-01 -3.4383790973890788e-01 -2.7646217396863826e-01
377 -5.3016410871472790e-02 2.5540717984492561e-01 -3.1562257997360965e-01 -4.6415253911747317e-01
378 -5.9557986376801257e-03 2.3016540952795894e-01 -3.4277479354870261e-01 -3.4589539510753226e-01
379 -4.9759781057606778e-01 2.0643617441822815e-01 3.2446615461663603e-01 -8.3316625940250555e-01
380 -9.6983198745270893e-01 -2.1565308057230087e-01 1.1073864882550009e+00 -2.7707572258914698e-01
381 1.7457116731577418e-04 2.2552270405580965e-01 -3.4141739250586156e-01 -3.2401449250373737e-01
382 1.5514833550186496e-02 2.1314458874552181e-01 -3.4383790973890799e-01 -2.7646217396863337e-01
383 2.8935789931335179e-02 1.9959066894430860e-01 -3.3747307716849628e-01 -2.2478156090163093e-01
384 -8.5514411770210086e-01 -7.1990593039850878e-02 9.3080587441486318e-01 -5.0747434490805110e-01
385 -7.7608725321467287e-01 9.6170521722894666e-03 8.0295017314975892e-01 -6.3115904909889797e-01
386 -7.5496797497109344e-02 2.6370336663226257e-01 -2.9634372960129052e-01 -5.1127803428222951e-01
387 -1.0470829284297982e+00 -3.3437778645176303e-01 1.2124218575540513e+00 -7.3711607269846491e-02
388 -8.1323116596525602e-01 -2.7214368606637791e-02 8.6299746579036629e-01 -5.7526189146473172e-01
389 -6.9505219736915169e-01 8.0233057942353553e-02 6.6506690898384024e-01 -7.2318392397846010e-01
390 -7.6364302579581078e-01 2.0872701367061895e-02 7.7936244988789272e-01 -6.4134542677663386e-01
391 -4.9920195210265646e-02 2.5425657582917466e-01 -3.1778434666068472e-01 -4.5773384399847727e-01
392 -7.4138941137744413e-02 2.6340896472604869e-01 -2.9757253899217395e-01 -5.0922842885959874e-01
393 -7.2754511417475021e-02 2.6328827365946422e-01 -3.0155099777374195e-01 -5.1137290790714063e-01
394 -3.5608449525991438e-02 2.4736103220024933e-01 -3.2582851063052187e-01 -4.2071906572822504e-01
395 -1.4561054262020270e-01 2.7923661001957545e-01 -2.1970214067080160e-01 -6.3148345510327797e-01
396 -1.1416648925137024e-01 2.7403341760927802e-01 -2.5643272634064751e-01 -5.8188566806392472e-01
397 -1.8817516468431811e-01 2.8244041359088101e-01 -1.6521168381263385e-01 -6.8974593679048979e-01
398 -8.8986826473414396e-02 2.6791455934686326e-01 -2.8276629388872798e-01 -5.3694682648260295e-01
399 -3.1843062147721521e-02 2.4601784414922248e-01 -3.3225039904705350e-01 -4.1885035588537156e-01
400 -3.9390304587366765e-01 2.4901824008927925e-01 1.5011680489838217e-01 -8.3091708702328415e-01
401 -3.3406330904137133e-01 2.6639898520094929e-01 5.2696758374590598e-02 -8.1418593530102290e-01
402 -4.5638979189714296e-01 2.2495263356370832e-01 2.5390499615609879e-01 -8.3285124686172107e-01
403 -9.6633948108013501e-01 -2.0992498504657978e-01 1.1038369161544370e+00 -2.8773656466770903e-01
404 -1.0289273385326430e+00 -3.0364361906786974e-01 1.1914371505896995e+00 -1.2869327878571613e-01
405 -4.5644580723562911e-01 2.2503677226476879e-01 2.5439834649936943e-01 -8.3612899918883044e-01
406 -6.0396473071248746e-01 1.4606405141102993e-01 5.0796788942863402e-01 -7.9369685863971251e-01
407 5.0228973672561870e-02 1.7041401594902816e-01 -3.1296721508010850e-01 -1.2585545091886119e-01
408 3.6105785708114284e-02 1.9092338831142883e-01 -3.3020038670197482e-01 -1.9283474543293366e-01
409 -1.4561054262020456e-01 2.7923661001957528e-01 -2.1970214067080135e-01 -6.3148345510327553e-01
410 -1.0395346300514420e-01 2.7190761951308901e-01 -2.6911561621566038e-01 -5.6764503674680733e-01
411 -7.4138941137740597e-02 2.6340896472604869e-01 -2.9757253899217495e-01 -5.0922842885960362e-01
412 -7.5496797497109469e-02 2.6370336663226390e-01 -2.9634372960128885e-01 -5.1127803428222973e-01
413 -5.8241425526202661e-01 1.5941814027135615e-01 4.6946113152262819e-01 -8.0057625749982453e-01
414 -6.3138946543126917e-01 1.2752810060224781e-01 5.5444459812580815e-01 -7.7251558168229661e-01
415 -6.7325173511657432e-01 9.6985574048239848e-02 6.2620213707490502e-01 -7.3859507011940762e-01
416 -6.4216852649374723e-01 1.1986212833377521e-01 5.7316101402484276e-01 -7.6492510863913121e-01
417 -2.3880863528559901e-01 2.8101776249257721e-01 -9.3643066049036217e-02 -7.4229961630562924e-01
418 -3.3346214052913969e-01 2.6631336811081352e-01 5.0939887335715688e-02 -8.1484137435866089e-01
419 -1.0724112652394326e+00 -3.7812594538009853e-01 1.2445726189371433e+00 2.1996720683317150e-03
420 5.7881512044380454e-02 1.5561176222601561e-01 -2.9513498990717391e-01 -8.0583760914411773e-02
421 6.0823521808872356e-02 1.4849365816988180e-01 -2.8445740661473773e-01 -5.9442252484145530e-02
422 1.5810741780057140e-02 2.1288731975958147e-01 -3.4351015213203806e-01 -2.7546681545286089e-01
423 -1.3225833701321049e-01 2.7743166832647270e-01 -2.3691547827037854e-01 -6.1382522860378641e-01
424 -1.3941476001429659e-01 2.7837085087900154e-01 -2.2636579654940073e-01 -6.2045250861079082e-01
425 2.1653423611500126e-02 2.0724343098529863e-01 -3.4104599848336803e-01 -2.5320457187606671e-01
426 3.6105785708112605e-02 1.9092338831142908e-01 -3.3020038670197427e-01 -1.9283474543293194e-01
427 -1.1416648925136992e-01 2.7403341760928057e-01 -2.5643272634064440e-01 -5.8188566806392583e-01
428 -8.8986826473417324e-02 2.6791455934686315e-01 -2.8276629388872732e-01 -5.3694682648259917e-01
429 -1.5498381707988398e-01 2.8024444166922929e-01 -2.0931597803318541e-01 -6.4794846403995576e-01
430 -2.0943009656677949e-01 2.8214550068086430e-01 -1.3586432146476446e-01 -7.1231089317148755e-01
431 2.8935789931335040e-02 1.9959066894430777e-01 -3.3747307716849717e-01 -2.2478156090163059e-01
432 -2.1086773198122422e-01 2.8258415012690674e-01 -1.3409197729575284e-01 -7.1685672179621429e-01
433 -6.7325173511657166e-01 9.6985574048242734e-02 6.2620213707490802e-01 -7.3859507011941172e-01
434 -7.1784439493254959e-01 6.1007366822805151e-02 7.0262034972460730e-01 -6.9535950810536518e-01
435 -4.5638979189714279e-01 2.2495263356370834e-01 2.5390499615609879e-01 -8.3285124686172129e-01
436 -6.9505219736915247e-01 8.0233057942352720e-02 6.6506690898383947e-01 -7.2318392397845899e-01
437 -7.4006254703531971e-01 4.2589292023589104e-02 7.4203600407198333e-01 -6.7569564826126793e-01
438 -9.0097281542019536e-01 -1.2507343640417146e-01 1.0032887044314407e+00 -4.2444815827661575e-01
439 -9.7336214088863715e-01 -2.2010106207455923e-01 1.1108252271958388e+00 -2.6749083198748502e-01
440 5.0228973672558609e-02 1.7041401594902703e-01 -3.1296721508010894e-01 -1.2585545091885691e-01
441 -3.9393202190637000e-01 2.4896562902495495e-01 1.5005833848616318e-01 -8.3086637223471160e-01
442 -8.6101424960135875e-01 -7.8458707228760666e-02 9.3993980853427750e-01 -4.9738156808914630e-01
443 -9.8888051718121033e-04 2.2661653868544673e-01 -3.4112484546975780e-01 -3.2841729112976048e-01
444 -2.0138844508735092e-02 2.3916430449342060e-01 -3.3634730049360939e-01 -3.8447663348392325e-01
445 -1.1416648925137232e-01 2.7403341760927830e-01 -2.5643272634064662e-01 -5.8188566806392206e-01
446 2.2471203040618875e-02 2.0639474242174810e-01 -3.4055486062283147e-01 -2.4981181483502846e-01
447 -1.1052927190675128e+00 -4.3959220168199353e-01 1.2813902685436480e+00 1.1156646457024377e-01
448 -9.2264770950406905e-01 -1.5246017313312965e-01 1.0357787272663734e+00 -3.7971500307600947e-01
449 -6.9752955541167527e-01 7.8154248209778052e-02 6.6897596604174558e-01 -7.1875223364649732e-01
450 -7.4699124008059425e-01 3.6403433132749075e-02 7.5314225727320250e-01 -6.6522160803536401e-01
451 -8.1557250016183447e-01 -2.9537865645815134e-02 8.6655927263609489e-01 -5.7142121342538554e-01
452 -4.5728322277350913e-01 2.2448117138404716e-01 2.5569810298117007e-01 -8.3567813394300450e-01
453 -1.0351427796996833e+00 -3.1435795285496804e-01 1.1964544195763822e+00 -1.0779827214170429e-01
454 -1.0289273385326432e+00 -3.0364361906787030e-01 1.1914371505896990e+00 -1.2869327878571568e-01
455 5.6168997989528027e-02 1.5934318869607808e-01 -2.9986585562781221e-01 -9.1734194559932536e-02
456 -9.6737527567554826e-02 2.6993720458657244e-01 -2.7365935598778723e-01 -5.4889770718877573e-01
457 -1.1052927190675073e+00 -4.3959220168198998e-01 1.2813902685436509e+00 1.1156646457023578e-01
458 -1.0724112652394364e+00 -3.7812594538010125e-01 1.2445726189371409e+00 2.1996720683371551e-03
459 -2.1156958810838164e-01 2.8215615453369947e-01 -1.3234633810470550e-01 -7.1347829516256123e-01
460 -1.0724112652394375e+00 -3.7812594538010164e-01 1.2445726189371409e+00 2.1996720683387649e-03
461 -1.1224790073432787e+00 -4.7382610090341365e-01 1.3003447335047678e+00 1.7181410916319878e-01
462 -8.5514411770210685e-01 -7.1990593039852696e-02 9.3080587441486251e-01 -5.0747434490804311e-01
463 -1.1522226196662391e+00 -5.3775963817757966e-01 1.3272386614343330e+00 2.8700258289274788e-01
464 -4.9660002115443846e-01 2.0677588589698262e-01 3.2281573528276591e-01 -8.3383862584986290e-01
465 -4.9759781057606955e-01 2.0643617441822479e-01 3.2446615461663225e-01 -8.3316625940250222e-01
466 -6.0396473071249046e-01 1.4606405141102863e-01 5.0796788942863325e-01 -7.9369685863970840e-01
467 -1.6178521919281005e-01 2.8114657163400808e-01 -2.0014938842146784e-01 -6.5729752699466992e-01
468 -2.0563949558347991e-02 2.3933758026327656e-01 -3.3644579750980658e-01 -3.8545204187993759e-01
469 -3.9396511513759802e-01 2.4889947255978728e-01 1.4998391651248349e-01 -8.3080681251776900e-01
470 -9.6668351969201316e-01 -2.1120892765296120e-01 1.1024624106496774e+00 -2.8455534760227896e-01
471 -3.9396284653906016e-01 2.4891083591954935e-01 1.4999762182417839e-01 -8.3081273905906261e-01
472 -7.0696622100650763e-01 7.0434932691043659e-02 6.8571241315817666e-01 -7.1125737121438681e-01
473 -7.1784439493254870e-01 6.1007366822807052e-02 7.0262034972460952e-01 -6.9535950810536684e-01
474 -7.7608725321467587e-01 9.6170521722893105e-03 8.0295017314975947e-01 -6.3115904909889409e-01
475 4.0969521011443182e-02 1.8476328217682958e-01 -3.2711121361037332e-01 -1.7299992114875046e-01
476 6.1203903903999504e-02 1.4768001229937408e-01 -2.8399681030403656e-01 -5.7574285426074234e-02
477 6.2186047292923124e-02 1.4481546158900963e-01 -2.7908621997242811e-01 -4.9004197461726295e-02
478 -9.6737527567557810e-02 2.6993720458657416e-01 -2.7365935598778424e-01 -5.4889770718877240e-01
479 -1.3021623010687258e-01 2.7667173223565283e-01 -2.3665452326019215e-01 -6.0374053308444653e-01
480 -6.9664607964000549e-02 2.6198138801834625e-01 -3.0186863213841714e-01 -5.0113969879685771e-01
481 -1.4561054262020379e-01 2.7923661001957639e-01 -2.1970214067080010e-01 -6.3148345510327686e-01
482 -1.8817516468431694e-01 2.8244041359087907e-01 -1.6521168381263662e-01 -6.8974593679049079e-01
483 -1.1452716585290719e+00 -5.2207582555904930e-01 1.3226107365830879e+00 2.5842669711716731e-01
484 -2.2708250745418643e-01 2.8203925634915678e-01 -1.1191580463124728e-01 -7.3592103318385560e-01
485 -4.9920195210263529e-02 2.5425657582917649e-01 -3.1778434666068306e-01 -4.5773384399848038e-01
486 -3.1843062147722971e-02 2.4601784414922148e-01 -3.3225039904705433e-01 -4.1885035588536923e-01
487 -1.0773789699627496e+00 -3.8678000919520455e-01 1.2496657407908698e+00 1.8097993675419755e-02
488 -4.9920195210264161e-02 2.5425657582917505e-01 -3.1778434666068467e-01 -4.5773384399847922e-01
489 -3.9139136494293382e-03 2.2888852988355271e-01 -3.4323931054466872e-01 -3.4058813724479542e-01
490 -1.5498381707988590e-01 2.8024444166922985e-01 -2.0931597803318419e-01 -6.4794846403995332e-01
491 -1.0857340106166626e+00 -4.0231716182122013e-01 1.2599907132930257e+00 4.5000913890756722e-02
492 5.0228973672560628e-02 1.7041401594902708e-01 -3.1296721508010961e-01 -1.2585545091885941e-01
493 4.6458979690119348e-02 1.7677833336220986e-01 -3.2061856624893470e-01 -1.4702150494622146e-01
494 5.6168997989527382e-02 1.5934318869607700e-01 -2.9986585562781332e-01 -9.1734194559931315e-02
495 2.8935789931333535e-02 1.9959066894430824e-01 -3.3747307716849617e-01 -2.2478156090162882e-01
496 -6.9505219736915325e-01 8.0233057942352803e-02 6.6506690898383980e-01 -7.2318392397845810e-01
497 -7.6364302579581034e-01 2.0872701367062870e-02 7.7936244988789383e-01 -6.4134542677663475e-01
498 -2.4333241395298491e-01 2.8100831905974238e-01 -8.6396783323540657e-02 -7.4642585921119331e-01
499 -5.3016410871470979e-02 2.5540717984492584e-01 -3.1562257997360987e-01 -4.6415253911747550e-01
500 4.0969521011441246e-02 1.8476328217682908e-01 -3.2711121361037332e-01 -1.7299992114874801e-01
501 -1.1551051818965452e+00 -5.4402756638350169e-01 1.3309930092264555e+00 2.9781753069050543e-01
502 -1.8817516468431481e-01 2.8244041359088190e-01 -1.6521168381263363e-01 -6.8974593679049434e-01
503 -2.7732572669960098e-01 2.7711475031666688e-01 -3.7103663975788390e-02 -7.7986196195102220e-01
504 -5.8241425526202928e-01 1.5941814027135615e-01 4.6946113152262897e-01 -8.0057625749982120e-01
505 -5.6852319230432435e-01 1.6818311637247890e-01 4.4665200645107811e-01 -8.1087380375560070e-01
506 -5.1648537000216554e-01 1.9678993200993819e-01 3.5705131159631737e-01 -8.3014620027120622e-01
507 -3.9398627275061759e-01 2.4885907023136922e-01 1.4993872213419202e-01 -8.3076924529669161e-01
508 -3.9399740518466136e-01 2.4879924085299629e-01 1.4986634287463396e-01 -8.3073906449763579e-01
509 -8.9021122396856811e-01 -1.1186512973848843e-01 9.8811222036643520e-01 -4.4724291790705917e-01
510 -9.6633948108013323e-01 -2.0992498504658069e-01 1.1038369161544352e+00 -2.8773656466771091e-01
511 -3.9390304587366781e-01 2.4901824008927828e-01 1.5011680489838100e-01 -8.3091708702328371e-01
512 1.5514833550191162e-02 2.1314458874552300e-01 -3.4383790973890760e-01 -2.7646217396863954e-01
513 -1.5498381707988548e-01 2.8024444166922990e-01 -2.0931597803318425e-01 -6.4794846403995399e-01
514 -3.3409625706649970e-01 2.6603974007893511e-01 5.2474589632135318e-02 -8.1070858111011868e-01
515 -1.0281538081215977e+00 -3.0331572793193834e-01 1.1876511219056520e+00 -1.2733536495887265e-01
516 -1.0086776810367553e+00 -2.7303988972038212e-01 1.1601292186996961e+00 -1.7781088092422848e-01
517 5.0872641273912070e-02 1.6947035973579763e-01 -3.1206100513591306e-01 -1.2307364973995671e-01
518 -8.1602180919893685e-02 2.6594212811431622e-01 -2.9091182661189424e-01 -5.2491294025139368e-01
519 -8.0207886815997187e-01 -1.5936652278995444e-02 8.4407231461319954e-01 -5.9057629342034934e-01
520 -6.3567325691561771e-01 1.2453862577531230e-01 5.6217336497766612e-01 -7.6987972225330581e-01
521 -5.6852319230432591e-01 1.6818311637247735e-01 4.4665200645107650e-01 -8.1087380375559825e-01
522 3.8468829310577962e-02 1.8805159971846663e-01 -3.3025945343523255e-01 -1.8468068635293355e-01
523 4.1467938979010195e-02 1.8411825318257458e-01 -3.2722560249963351e-01 -1.7136970587700540e-01
524 -2.0563949558347609e-02 2.3933758026327639e-01 -3.3644579750980691e-01 -3.8545204187993792e-01
525 4.1467938979012471e-02 1.8411825318257685e-01 -3.2722560249963106e-01 -1.7136970587700873e-01
526 5.2229528025140595e-02 1.6714747535286195e-01 -3.0933241416659174e-01 -1.1575673355942911e-01
527 -8.7444574643721484e-01 -9.3863895053938551e-02 9.6134720366007542e-01 -4.7344459618500367e-01
528 -8.1323116596525469e-01 -2.7214368606639176e-02 8.6299746579036418e-01 -5.7526189146473306e-01
529 -9.2175475729447520e-01 -1.5149803768197592e-01 1.0345802355252598e+00 -3.8109591287850131e-01
530 -2.1086773198122011e-01 2.8258415012690802e-01 -1.3409197729575234e-01 -7.1685672179621995e-01
531 -1.4073753664179453e-01 2.7902913157637038e-01 -2.2739521495627460e-01 -6.3027095045494796e-01
532 -5.9557986376788741e-03 2.3016540952795925e-01 -3.4277479354870249e-01 -3.4589539510753381e-01
533 -6.7325173511657421e-01 9.6985574048241666e-02 6.2620213707490735e-01 -7.3859507011940817e-01
534 -8.8986826473414646e-02 2.6791455934686376e-01 -2.8276629388872732e-01 -5.3694682648260283e-01
535 -3.1843062147722041e-02 2.4601784414922284e-01 -3.3225039904705284e-01 -4.1885035588537090e-01
536 -2.0943009656678174e-01 2.8214550068086319e-01 -1.3586432146476524e-01 -7.1231089317148444e-01
537 1.5514833550190885e-02 2.1314458874552322e-01 -3.4383790973890743e-01 -2.7646217396863937e-01
538 -6.0111947206911243e-01 1.4729709525127299e-01 5.0079450332017195e-01 -7.8739952296210036e-01
539 -7.6364302579581167e-01 2.0872701367061312e-02 7.7936244988789205e-01 -6.4134542677663253e-01
540 -8.1557250016183380e-01 -2.9537865645817032e-02 8.6655927263609245e-01 -5.7142121342538588e-01
541 -4.5712450772160113e-01 2.2462354208363014e-01 2.5533644263109517e-01 -8.3163840092237029e-01
542 -5.0173714072036490e-01 2.0475566915960100e-01 3.3257587848701731e-01 -8.3640881397637756e-01
543 -6.9664607964001576e-02 2.6198138801834647e-01 -3.0186863213841664e-01 -5.0113969879685638e-01
544 -3.1843062147721563e-02 2.4601784414922218e-01 -3.3225039904705378e-01 -4.1885035588537112e-01
545 -7.8932876501644600e-01 -2.9526890500869794e-03 8.2415630826434128e-01 -6.1080534528286712e-01
546 -1.0773789699627558e+00 -3.8678000919520539e-01 1.2496657407908702e+00 1.8097993675427748e-02
547 -6.4216852649374667e-01 1.1986212833377424e-01 5.7316101402484143e-01 -7.6492510863913155e-01
548 -8.1557250016183491e-01 -2.9537865645818520e-02 8.6655927263609078e-01 -5.7142121342538399e-01
549 -8.6101424960135908e-01 -7.8458707228760430e-02 9.3993980853427772e-01 -4.9738156808914591e-01
550 -5.1648537000216332e-01 1.9678993200994024e-01 3.5705131159631931e-01 -8.3014620027120967e-01
551 -2.2787156795646926e-01 2.8196806875583241e-01 -1.1007887766541793e-01 -7.3547853903296279e-01
552 -9.7336214088863915e-01 -2.2010106207455837e-01 1.1108252271958403e+00 -2.6749083198748280e-01
553 -1.0086776810367604e+00 -2.7303988972038423e-01 1.1601292186996950e+00 -1.7781088092422148e-01
554 -8.0207886815997087e-01 -1.5936652278993754e-02 8.4407231461320131e-01 -5.9057629342035101e-01
555 -1.1202193681897825e+00 -4.6911889063553586e-01 1.2985095497249719e+00 1.6362347899003676e-01
556 -1.1202193681897810e+00 -4.6911889063553569e-01 1.2985095497249719e+00 1.6362347899003477e-01
557 -7.0459495279616091e-01 7.2038374937274413e-02 6.7846857582831643e-01 -7.0619925711676590e-01
558 -8.0207886815997342e-01 -1.5936652278997820e-02 8.4407231461319698e-01 -5.9057629342034668e-01
559 5.0228973672559685e-02 1.7041401594902766e-01 -3.1296721508010839e-01 -1.2585545091885847e-01
560 -1.8353792347465619e-01 2.8225413463203630e-01 -1.7155036111276986e-01 -6.8421351295932942e-01
561 -6.9505219736915413e-01 8.0233057942353303e-02 6.6506690898384069e-01 -7.2318392397845699e-01
562 -6.4216852649374934e-01 1.1986212833377245e-01 5.7316101402483988e-01 -7.6492510863912777e-01
563 -7.6364302579581200e-01 2.0872701367061583e-02 7.7936244988789261e-01 -6.4134542677663231e-01
564 -8.1323116596525380e-01 -2.7214368606638381e-02 8.6299746579036485e-01 -5.7526189146473439e-01
565 -3.3332099646835672e-01 2.6612668881176227e-01 5.0944866103115105e-02 -8.1067106604724426e-01
566 -3.9395858923900917e-01 2.4877084252545759e-01 1.4982008067660907e-01 -8.3078030504072209e-01
567 -5.6852319230432380e-01 1.6818311637247849e-01 4.4665200645107739e-01 -8.1087380375560125e-01
568 -1.1551051818965461e+00 -5.4402756638350569e-01 1.3309930092264506e+00 2.9781753069050765e-01
569 -8.9021122396856389e-01 -1.1186512973848751e-01 9.8811222036643520e-01 -4.4724291790706461e-01
570 -4.5712450772160079e-01 2.2462354208363011e-01 2.5533644263109506e-01 -8.3163840092237051e-01
571 -2.7832637002801330e-01 2.7704619462764790e-01 -3.4826446928082705e-02 -7.7949836190986677e-01
572 -8.6101424960136130e-01 -7.8458707228761235e-02 9.3993980853427739e-01 -4.9738156808914291e-01
573 -9.2175475729447975e-01 -1.5149803768197620e-01 1.0345802355252607e+00 -3.8109591287849554e-01
574 -8.7444574643721529e-01 -9.3863895053939897e-02 9.6134720366007376e-01 -4.7344459618500268e-01
575 -1.1224790073432827e+00 -4.7382610090341076e-01 1.3003447335047726e+00 1.7181410916320294e-01
576 2.2471203040617827e-02 2.0639474242174735e-01 -3.4055486062283213e-01 -2.4981181483502690e-01
577 -1.3543283975894667e-03 2.2657632954495735e-01 -3.4140719232276207e-01 -3.2888175402707032e-01
578 2.4811188243569343e-02 2.0385042551697635e-01 -3.4006305441416940e-01 -2.4099877405754128e-01
579 -8.1602180919893672e-02 2.6594212811431489e-01 -2.9091182661189585e-01 -5.2491294025139323e-01
580 -2.7732572669960054e-01 2.7711475031666588e-01 -3.7103663975789750e-02 -7.7986196195102242e-01
581 -3.9394558260414769e-01 2.4871083362909782e-01 1.4974095767578316e-01 -8.3078049099863038e-01
582 -5.1648537000216488e-01 1.9678993200993863e-01 3.5705131159631776e-01 -8.3014620027120722e-01
583 -8.8986826473414937e-02 2.6791455934686292e-01 -2.8276629388872820e-01 -5.3694682648260217e-01
584 -8.1766250888489689e-01 -3.2141698901632737e-02 8.6762747913593319e-01 -5.6312366084279797e-01
585 -9.0097281542019547e-01 -1.2507343640417035e-01 1.0032887044314420e+00 -4.2444815827661586e-01
586 -8.2292904602832262e-01 -3.7750102110466602e-02 8.7634239896934418e-01 -5.5511085206935595e-01
587 -4.9607941399985250e-01 2.0665462438509596e-01 3.2065781646655162e-01 -8.2619103018434359e-01
588 -1.0699181076310407e+00 -3.7346676375858956e-01 1.2428036797992104e+00 -7.0975555217163699e-03
589 -1.1202193681897785e+00 -4.6911889063553364e-01 1.2985095497249737e+00 1.6362347899003121e-01
590 1.7457116731689828e-04 2.2552270405580924e-01 -3.4141739250586228e-01 -3.2401449250373854e-01
591 1.5810741780057449e-02 2.1288731975958164e-01 -3.4351015213203784e-01 -2.7546681545286122e-01
592 -3.9139136494261480e-03 2.2888852988355354e-01 -3.4323931054466839e-01 -3.4058813724479975e-01
593 -1.1701613488939104e+00 -5.7886840393648387e-01 1.3431715157098747e+00 3.6064788401115228e-01
594 -2.4333241395298488e-01 2.8100831905974194e-01 -8.6396783323541240e-02 -7.4642585921119320e-01
595 -9.5936375294894594e-01 -2.0133250087688415e-01 1.0890606810565548e+00 -2.9820936289234767e-01
596 -8.7444574643721862e-01 -9.3863895053939939e-02 9.6134720366007453e-01 -4.7344459618499851e-01
597 -9.6983198745271515e-01 -2.1565308057230331e-01 1.1073864882549995e+00 -2.7707572258913848e-01
598 -1.4073753664179334e-01 2.7902913157636888e-01 -2.2739521495627685e-01 -6.3027095045494907e-01
599 -7.4006254703531738e-01 4.2589292023590235e-02 7.4203600407198411e-01 -6.7569564826127115e-01
600 -6.0469936198191887e-01 1.4531464365737276e-01 5.0830607751291479e-01 -7.8926038315647107e-01
601 -6.0469936198191976e-01 1.4531464365737104e-01 5.0830607751291290e-01 -7.8926038315646940e-01
602 -3.9393949525879751e-01 2.4887960877814441e-01 1.4995197078033737e-01 -8.3083373034401409e-01
603 -1.0289273385326425e+00 -3.0364361906786730e-01 1.1914371505897026e+00 -1.2869327878571729e-01
604 3.8468829310576838e-02 1.8805159971846558e-01 -3.3025945343523344e-01 -1.8468068635293189e-01
605 -8.2359427586619383e-01 -3.7639692088675215e-02 8.7934970049429451e-01 -5.5851749886777147e-01
606 5.8290367157813758e-02 1.5481872855076623e-01 -2.9404629822678885e-01 -7.8361032069475756e-02
607 5.7802708586880060e-02 1.5618454768682921e-01 -2.9694419664913685e-01 -8.3087358503367736e-02
608 -2.3880863528559948e-01 2.8101776249257743e-01 -9.3643066049035800e-02 -7.4229961630562868e-01
609 -1.3941476001429828e-01 2.7837085087900110e-01 -2.2636579654940081e-01 -6.2045250861078860e-01
610 2.2391070324893035e-02 2.0595213153455039e-01 -3.3780645700143952e-01 -2.4637265334180392e-01
611 -7.4006254703532037e-01 4.2589292023590505e-02 7.4203600407198522e-01 -6.7569564826126738e-01
612 -7.4699124008059081e-01 3.6403433132749900e-02 7.5314225727320261e-01 -6.6522160803536856e-01
613 -1.1452716585290743e+00 -5.2207582555905241e-01 1.3226107365830848e+00 2.5842669711717120e-01
614 -7.4006254703531993e-01 4.2589292023588889e-02 7.4203600407198311e-01 -6.7569564826126749e-01
615 -9.8888051718348108e-04 2.2661653868544532e-01 -3.4112484546975902e-01 -3.2841729112975704e-01
616 -1.3225833701320791e-01 2.7743166832647165e-01 -2.3691547827038054e-01 -6.1382522860378930e-01
617 -1.0873598347376519e+00 -4.0528894057080866e-01 1.2611823898917156e+00 5.0710908556677037e-02
618 6.0823521808870025e-02 1.4849365816988092e-01 -2.8445740661473817e-01 -5.9442252484142366e-02
619 -9.2175475729447598e-01 -1.5149803768197551e-01 1.0345802355252605e+00 -3.8109591287850042e-01
620 -3.9394558260414764e-01 2.4871083362909829e-01 1.4974095767578374e-01 -8.3078049099863061e-01
621 -3.3346214052913892e-01 2.6631336811081424e-01 5.0939887335716381e-02 -8.1484137435866211e-01
622 5.2229528025140949e-02 1.6714747535286134e-01 -3.0933241416659263e-01 -1.1575673355942945e-01
623 -1.0857340106166617e+00 -4.0231716182121852e-01 1.2599907132930275e+00 4.5000913890755168e-02
624 -3.9390304587366670e-01 2.4901824008927950e-01 1.5011680489838225e-01 -8.3091708702328537e-01
625 4.1467938979007975e-02 1.8411825318257549e-01 -3.2722560249963173e-01 -1.7136970587700295e-01
626 -7.2754511417476811e-02 2.6328827365946444e-01 -3.0155099777374117e-01 -5.1137290790713852e-01
627 5.6168997989526945e-02 1.5934318869607819e-01 -2.9986585562781176e-01 -9.1734194559931093e-02
628 -2.1156958810838034e-01 2.8215615453369997e-01 -1.3234633810470522e-01 -7.1347829516256300e-01
629 -9.6737527567554271e-02 2.6993720458657350e-01 -2.7365935598778601e-01 -5.4889770718877662e-01
630 -4.9759781057606989e-01 2.0643617441822595e-01 3.2446615461663386e-01 -8.3316625940250222e-01
631 -2.2787156795646951e-01 2.8196806875583291e-01 -1.1007887766541724e-01 -7.3547853903296256e-01
632 -8.9705020059657825e-01 -1.2082526244633524e-01 9.9391079392805481e-01 -4.2774220641032579e-01
633 5.0863549583345165e-02 1.6993460757207626e-01 -3.1516011759389706e-01 -1.2629163713481684e-01
634 -3.5608449525989183e-02 2.4736103220024921e-01 -3.2582851063052259e-01 -4.2071906572822793e-01
635 -1.1452716585290739e+00 -5.2207582555905008e-01 1.3226107365830877e+00 2.5842669711717009e-01
636 -1.3941476001429531e-01 2.7837085087900199e-01 -2.2636579654940051e-01 -6.2045250861079237e-01
637 -3.3409625706649448e-01 2.6603974007893694e-01 5.2474589632136234e-02 -8.1070858111012567e-01
638 5.8290367157812398e-02 1.5481872855076684e-01 -2.9404629822678774e-01 -7.8361032069474201e-02
639 -3.9396511513759858e-01 2.4889947255978814e-01 1.4998391651248474e-01 -8.3080681251776867e-01
640 -4.3193334257662523e-02 2.5115296357167133e-01 -3.2278763564524809e-01 -4.4186574298947934e-01
641 -2.8125210039442416e-01 2.7621148460334560e-01 -3.0120010596635556e-02 -7.7653519899274470e-01
