642 4 BEM3DMeshData
0 9.5289210110379186e-01 3.0330948493906507e-01 -9.4014140096529669e-02 2.9535947914074007e-01
2 9.2770713179579878e-01 3.7330882338248117e-01 -1.4611257427563862e-01 3.6310333083574914e-01
3 9.1535548086317853e-01 4.0264667346662542e-01 -1.6667030405338312e-01 3.7889938341944923e-01
1 8.7685267210113504e-01 4.8075918236586956e-01 -2.4018959432584094e-01 4.3807980236396438e-01
4 8.8485473679814264e-01 4.6586703550035569e-01 -2.2507392063356085e-01 4.2749907082056998e-01
6 8.2110959350117829e-01 5.7077056288874062e-01 -3.4878209492755585e-01 5.0175734841160680e-01
7 7.7869180516970504e-01 6.2740662457575791e-01 -4.2792217970586455e-01 5.3110611449573419e-01
5 8.2789306424735121e-01 5.6088597252127026e-01 -3.3832881418478178e-01 4.9938863230884162e-01
9 5.4873208447734989e-01 8.3599826522854848e-01 -8.2903337735786020e-01 5.4416047518293476e-01
10 4.8702751235832770e-01 8.7338662813559209e-01 -9.2506668392088409e-01 5.1584591671308599e-01
8 8.7685267210113504e-01 4.8075918236586956e-01 -2.4018959432584094e-01 4.3807980236396438e-01
11 4.2428535241789955e-01 9.0552854163942220e-01 -1.0256231707880579e+00 4.8055568483566635e-01
13 7.0387664401903827e-01 -7.1032222969895575e-01 -5.6145059442509748e-01 -5.5635589548410935e-01
14 5.7067612500357723e-01 -8.2117523120884595e-01 -7.8721972142545693e-01 -5.4707872701925198e-01
15 4.4492221696042838e-01 8.9556921611621820e-01 -9.9306091760022830e-01 4.9335646769050384e-01
16 5.5433398869988759e-01 8.3229431631609319e-01 -8.1952416224914360e-01 5.4582866756351711e-01
17 4.5641684930739979e-01 8.8976607019390574e-01 -9.7572820305573171e-01 5.0051222128757467e-01
18 7.4719698645338939e-01 -6.6460263574181933e-01 -4.7788633313730866e-01 -5.3727627424904156e-01
19 8.4754720299070674e-01 -5.3072001912743960e-01 -2.9626809865875092e-01 -4.7313308204660587e-01
20 7.4114398078871346e-01 -6.7134611024467783e-01 -4.8890550571413055e-01 -5.3973556591015104e-01
21 1.0000000000000000e+00 7.2922275271999986e-17 -2.4173818815267730e-33 3.3150115962645734e-17
22 9.9356342953867716e-01 -1.1327714457622132e-01 -1.2095346082162037e-02 -1.0608930495033665e-01
23 9.8317810678753770e-01 -1.8264941919883876e-01 -3.1555999614104047e-02 -1.6986184842234822e-01
24 5.5433398869988759e-01 -8.3229431631609319e-01 -8.1952416224914360e-01 -5.4582866756351711e-01
25 5.7067612500357723e-01 -8.2117523120884595e-01 -7.8721972142545682e-01 -5.4707872701925186e-01
26 4.5641684930739979e-01 -8.8976607019390574e-01 -9.7572820305573149e-01 -5.0051222128757467e-01
27 1.0000000000000000e+00 8.4905646461999987e-17 -3.3112289616151505e-33 3.8998925272856974e-17
28 9.8276855074705594e-01 1.8484040592503401e-01 -3.4497657407904468e-02 1.8341883964853925e-01
29 9.8269637376282670e-01 1.8522374845950745e-01 -3.5003074932465544e-02 1.8570725996403287e-01
30 3.8439029719193146e-01 9.2317067729900226e-01 -1.0899377942918733e+00 4.5382887798642202e-01
31 3.7081385165773761e-01 9.2870721296798020e-01 -1.1104390726839433e+00 4.4337567731088168e-01
32 2.8846264090808210e-01 9.5749115129088003e-01 -1.2245557139075991e+00 3.6892098135490353e-01
33 4.6045722547121593e-01 -8.8768189319786728e-01 -9.6906492104313957e-01 -5.0267212642755188e-01
34 5.5363794928794530e-01 -8.3275748036762687e-01 -8.2092873533874944e-01 -5.4577390447918939e-01
35 4.6045722547121593e-01 -8.8768189319786728e-01 -9.6906492104313957e-01 -5.0267212642755188e-01
36 9.8306156154252045e-01 -1.8327565636925536e-01 -3.4035828107358619e-02 -1.8256278542634427e-01
37 9.3243006063689648e-01 -3.6135049746841852e-01 -1.3289836422742193e-01 -3.4293139398804806e-01
38 9.3453410546808924e-01 -3.5587358108878819e-01 -1.2649151083410279e-01 -3.3217029082347804e-01
39 6.1752127554063008e-01 -7.8655417757117863e-01 -7.1045357303207524e-01 -5.5777492401845863e-01
40 7.0387664401903827e-01 -7.1032222969895575e-01 -5.6145059442509748e-01 -5.5635589548410935e-01
41 5.7067612500357723e-01 -8.2117523120884595e-01 -7.8721972142545682e-01 -5.4707872701925186e-01
42 9.9336572022445258e-01 1.1499802556111373e-01 -1.2975382420318300e-02 1.1208279481544134e-01
43 9.7611339837581312e-01 2.1726167059843121e-01 -4.8109510998316778e-02 2.1614644748618919e-01
44 9.4469017575150482e-01 3.2796413193913582e-01 -1.0744318662038028e-01 3.0948665712793688e-01
45 9.9356342953867716e-01 1.1327714457622132e-01 -1.2095346082162043e-02 1.0608930495033671e-01
46 9.8317810678753770e-01 1.8264941919883876e-01 -3.1555999614104067e-02 1.6986184842234833e-01
47 9.5585747199335702e-01 2.9383072207389854e-01 -8.8290988854772295e-02 2.8721843927978125e-01
48 1.0000000000000000e+00 8.5725275943999994e-17 -3.2045689798612677e-33 3.7381845022635455e-17
49 9.8269637376282670e-01 1.8522374845950745e-01 -3.5003074932465551e-02 1.8570725996403292e-01
50 1.0000000000000000e+00 8.4905646461999987e-17 -3.0352932148138881e-33 3.5749014833452228e-17
51 9.9356342953867716e-01 1.1327714457622132e-01 -1.2095346082162041e-02 1.0608930495033668e-01
52 9.7482291316156178e-01 2.2298046545651967e-01 -4.8982935533002848e-02 2.1414291971149296e-01
53 9.5585747199335702e-01 2.9383072207389854e-01 -8.8290988854772295e-02 2.8721843927978125e-01
54 7.5010845227499579e-01 -6.6131483411882597e-01 -4.7872446313188677e-01 -5.4300198268577637e-01
55 8.2110959350117829e-01 -5.7077056288874062e-01 -3.4878209492755596e-01 -5.0175734841160691e-01
56 6.9688436076699034e-01 -7.1718351048973739e-01 -5.7380941471445923e-01 -5.5756832292798364e-01
57 9.9355461567239578e-01 1.1335442503968622e-01 -1.2690637175514939e-02 1.1123377968828402e-01
58 9.9355461567239578e-01 -1.1335442503968622e-01 -1.2690637175514935e-02 -1.1123377968828400e-01
59 1.0000000000000000e+00 4.5068444651999997e-17 -2.9304182319191249e-34 6.5021507943010014e-18
60 8.8485473679814264e-01 4.6586703550035569e-01 -2.2507392063356083e-01 4.2749907082056993e-01
61 8.2789306424735121e-01 5.6088597252127026e-01 -3.3832881418478178e-01 4.9938863230884162e-01
62 7.9255925468370170e-01 6.0979490635394396e-01 -4.0494178438776468e-01 5.2630869080820297e-01
63 7.5010845227499579e-01 -6.6131483411882597e-01 -4.7872446313188677e-01 -5.4300198268577637e-01
64 6.8009849278320778e-01 -7.3312075411490651e-01 -6.0327178246309854e-01 -5.5964072451765035e-01
65 6.1660236162835380e-01 -7.8727474723525637e-01 -7.1251952077939029e-01 -5.5805323460678635e-01
66 8.6529687761598828e-01 5.0125972667672136e-01 -2.6477546089615916e-01 4.5706719967658760e-01
67 9.4469017575150482e-01 3.2796413193913582e-01 -1.0744318662038024e-01 3.0948665712793677e-01
68 9.1236887302655090e-01 4.0936907495835767e-01 -1.7271955515923609e-01 3.8494345452525786e-01
69 4.8790382593811987e-01 -8.7289739181357673e-01 -9.2290209630794984e-01 -5.1585383113520300e-01
70 1.0000000000000000e+00 7.8442349775999995e-17 -3.0591803078364385e-33 3.8999090626074240e-17
71 9.8306156154252045e-01 -1.8327565636925536e-01 -3.4035828107358626e-02 -1.8256278542634433e-01
72 8.2110959350117829e-01 5.7077056288874062e-01 -3.4878209492755585e-01 5.0175734841160680e-01
73 7.5010845227499579e-01 6.6131483411882597e-01 -4.7872446313188677e-01 5.4300198268577637e-01
74 9.4541815875928581e-01 -3.2585964016459879e-01 -1.0692964784092698e-01 -3.1023550731070487e-01
75 9.7611339837581312e-01 -2.1726167059843121e-01 -4.8109510998316785e-02 -2.1614644748618922e-01
76 9.0786883979874411e-01 -4.1925430197254071e-01 -1.8137938601655881e-01 -3.9276566029618670e-01
77 5.6423275525861050e-01 8.2561576892237043e-01 -7.9796736440312743e-01 5.4533760324285008e-01
78 4.8702751235832770e-01 8.7338662813559209e-01 -9.2506668392088409e-01 5.1584591671308599e-01
79 4.6045722547121593e-01 8.8768189319786728e-01 -9.6906492104313957e-01 5.0267212642755188e-01
80 7.4719698645338939e-01 -6.6460263574181933e-01 -4.7788633313730866e-01 -5.3727627424904156e-01
81 6.4609794329117642e-01 -7.6325451041897663e-01 -6.6350479162267506e-01 -5.6165941423120935e-01
82 9.7424597232756138e-01 2.2548788305255918e-01 -4.9534638434672359e-02 2.1402002330401426e-01
83 9.5289210110379186e-01 3.0330948493906507e-01 -9.4014140096529683e-02 2.9535947914074012e-01
84 9.9337877306972322e-01 1.1488521756297129e-01 -1.2197446241577715e-02 1.0546773935820715e-01
85 8.6759686409271841e-01 4.9726821878789024e-01 -2.6216349114017673e-01 4.5740349815083653e-01
86 8.2789306424735121e-01 5.6088597252127026e-01 -3.3832881418478183e-01 4.9938863230884173e-01
87 7.5264542659640754e-01 6.5842604886464784e-01 -4.7451655874963172e-01 5.4241887665746558e-01
88 4.8790382593811987e-01 -8.7289739181357673e-01 -9.2290209630794984e-01 -5.1585383113520300e-01
89 5.4873208447734989e-01 -8.3599826522854848e-01 -8.2903337735786020e-01 -5.4416047518293476e-01
90 4.2428535241789955e-01 -9.0552854163942220e-01 -1.0256231707880581e+00 -4.8055568483566641e-01
91 8.5736796050242614e-01 5.1470397346815788e-01 -2.8168096092254935e-01 4.6920996034135021e-01
92 7.6484218728448850e-01 6.4421768723769102e-01 -4.5095238094450224e-01 5.3538953095443909e-01
93 8.5921692825909324e-01 5.1161144454850527e-01 -2.7164108367189627e-01 4.5620288597631203e-01
94 2.1612770945557114e-01 -9.7636510241071617e-01 -1.3204743552583829e+00 -2.9229956815556501e-01
95 2.8408740393740672e-01 -9.5879838700537290e-01 -1.2303750464655392e+00 -3.6455427705866850e-01
96 2.7324989359695140e-01 -9.6194308337305212e-01 -1.2453011536443863e+00 -3.5374068758444999e-01
97 7.4114398078871346e-01 -6.7134611024467783e-01 -4.9412655199868405e-01 -5.4549942894319337e-01
98 6.5099727919745476e-01 -7.5908006328549504e-01 -6.4887478919325037e-01 -5.5648375281561657e-01
99 6.5099727919745476e-01 -7.5908006328549504e-01 -6.4887478919325037e-01 -5.5648375281561657e-01
100 3.5513684843533705e-01 9.3481432321259206e-01 -1.1296384661512791e+00 4.2915072520669906e-01
101 9.9336572022445258e-01 -1.1499802556111373e-01 -1.2975382420318300e-02 -1.1208279481544134e-01
102 9.7611339837581312e-01 -2.1726167059843121e-01 -4.8109510998316785e-02 -2.1614644748618922e-01
103 9.4469017575150482e-01 -3.2796413193913582e-01 -1.0744318662038028e-01 -3.0948665712793688e-01
104 9.7482291316156178e-01 -2.2298046545651967e-01 -4.8982935533002848e-02 -2.1414291971149296e-01
105 9.4541815875928581e-01 -3.2585964016459879e-01 -1.0692964784092696e-01 -3.1023550731070476e-01
106 9.9355461567239578e-01 -1.1335442503968622e-01 -1.2690637175514935e-02 -1.1123377968828400e-01
107 2.1612770945557114e-01 9.7636510241071617e-01 -1.3204743552583829e+00 2.9229956815556501e-01
108 2.8408740393740672e-01 9.5879838700537290e-01 -1.2303750464655392e+00 3.6455427705866850e-01
109 2.7324989359695140e-01 9.6194308337305212e-01 -1.2453011536443861e+00 3.5374068758444993e-01
110 8.5921692825909324e-01 -5.1161144454850527e-01 -2.7164108367189627e-01 -4.5620288597631203e-01
111 9.3243006063689648e-01 -3.6135049746841852e-01 -1.3289836422742188e-01 -3.4293139398804795e-01
112 8.5736796050242614e-01 -5.1470397346815788e-01 -2.8168096092254946e-01 -4.6920996034135043e-01
113 9.9355461567239578e-01 1.1335442503968622e-01 -1.2690637175514935e-02 1.1123377968828400e-01
114 9.7611339837581312e-01 2.1726167059843121e-01 -4.8109510998316785e-02 2.1614644748618922e-01
115 1.0000000000000000e+00 4.5068444651999997e-17 -7.3260455797978137e-34 1.6255376985752507e-17
116 6.6031724333641395e-01 -7.5098677628344368e-01 -6.4185192748951281e-01 -5.6435866619051500e-01
117 6.4609794329117642e-01 -7.6325451041897663e-01 -6.6350479162267506e-01 -5.6165941423120935e-01
118 5.5464087006811635e-01 -8.3208984205437986e-01 -8.2271700875432041e-01 -5.4839327977941210e-01
119 9.1535548086317853e-01 -4.0264667346662542e-01 -1.6667030405338312e-01 -3.7889938341944923e-01
120 8.6759686409271841e-01 -4.9726821878789024e-01 -2.6216349114017673e-01 -4.5740349815083653e-01
121 6.5099727919745476e-01 -7.5908006328549504e-01 -6.4887478919325037e-01 -5.5648375281561657e-01
122 6.5099727919745476e-01 -7.5908006328549504e-01 -6.4887478919325037e-01 -5.5648375281561657e-01
123 5.5363794928794530e-01 -8.3275748036762687e-01 -8.2092873533874944e-01 -5.4577390447918939e-01
124 1.0000000000000000e+00 7.2922275271999986e-17 -2.4173818815267730e-33 3.3150115962645734e-17
125 9.9356342953867716e-01 -1.1327714457622132e-01 -1.2095346082162039e-02 -1.0608930495033667e-01
126 9.9356342953867716e-01 1.1327714457622132e-01 -1.2095346082162041e-02 1.0608930495033668e-01
127 8.0472354093545495e-01 -5.9364974746419563e-01 -3.7600476842715758e-01 -5.0969429356249707e-01
128 7.5264542659640754e-01 -6.5842604886464784e-01 -4.7451655874963161e-01 -5.4241887665746547e-01
129 6.8009849278320778e-01 -7.3312075411490651e-01 -6.0327178246309854e-01 -5.5964072451765035e-01
130 9.4469017575150482e-01 -3.2796413193913582e-01 -1.0744318662038026e-01 -3.0948665712793677e-01
131 8.6529687761598828e-01 -5.0125972667672136e-01 -2.6477546089615916e-01 -4.5706719967658765e-01
132 6.9688436076699034e-01 -7.1718351048973739e-01 -5.7380941471445923e-01 -5.5756832292798364e-01
133 7.5010845227499579e-01 -6.6131483411882597e-01 -4.7872446313188677e-01 -5.4300198268577637e-01
134 6.1660236162835380e-01 -7.8727474723525637e-01 -7.1251952077939029e-01 -5.5805323460678635e-01
135 1.0000000000000000e+00 8.2462431155999994e-17 -3.0820677579596620e-33 3.7375417080889808e-17
136 1.0000000000000000e+00 7.8442349775999995e-17 -2.5493169231970320e-33 3.2499242188395202e-17
137 9.8306156154252045e-01 -1.8327565636925536e-01 -3.4035828107358626e-02 -1.8256278542634433e-01
138 9.1236887302655090e-01 -4.0936907495835767e-01 -1.7271955515923607e-01 -3.8494345452525774e-01
139 8.2110959350117829e-01 -5.7077056288874062e-01 -3.4878209492755585e-01 -5.0175734841160680e-01
140 8.7685267210113504e-01 -4.8075918236586956e-01 -2.4018959432584092e-01 -4.3807980236396432e-01
141 7.9255925468370170e-01 6.0979490635394396e-01 -4.0494178438776468e-01 5.2630869080820297e-01
142 7.0387664401903827e-01 7.1032222969895575e-01 -5.6145059442509748e-01 5.5635589548410935e-01
143 3.8439029719193146e-01 -9.2317067729900226e-01 -1.0899377942918733e+00 -4.5382887798642202e-01
144 4.2428535241789955e-01 -9.0552854163942220e-01 -1.0256231707880579e+00 -4.8055568483566635e-01
145 3.1777999342941854e-01 -9.4816447717471397e-01 -1.1816624408259702e+00 -3.9603749319989995e-01
146 5.7067612500357723e-01 -8.2117523120884595e-01 -7.8721972142545693e-01 -5.4707872701925198e-01
147 7.0387664401903827e-01 -7.1032222969895575e-01 -5.6145059442509737e-01 -5.5635589548410924e-01
148 6.1752127554063008e-01 -7.8655417757117863e-01 -7.1045357303207535e-01 -5.5777492401845863e-01
149 4.8702751235832770e-01 -8.7338662813559209e-01 -9.2506668392088409e-01 -5.1584591671308599e-01
150 3.8439029719193146e-01 -9.2317067729900226e-01 -1.0899377942918733e+00 -4.5382887798642202e-01
151 9.9355461567239578e-01 -1.1335442503968622e-01 -1.2690637175514935e-02 -1.1123377968828400e-01
152 1.0000000000000000e+00 4.5068444651999997e-17 -7.3260455797978137e-34 1.6255376985752507e-17
153 9.0786883979874411e-01 4.1925430197254071e-01 -1.8137938601655884e-01 3.9276566029618676e-01
154 9.7611339837581312e-01 2.1726167059843121e-01 -4.8109510998316778e-02 2.1614644748618919e-01
155 5.4383638329753214e-01 8.3919127033225249e-01 -8.3422824305241339e-01 5.4062010245489900e-01
156 6.4609794329117642e-01 7.6325451041897663e-01 -6.6350479162267506e-01 5.6165941423120935e-01
157 5.5464087006811635e-01 8.3208984205437986e-01 -8.2271700875432030e-01 5.4839327977941199e-01
158 9.5585747199335702e-01 2.9383072207389854e-01 -8.8290988854772295e-02 2.8721843927978125e-01
159 9.1535548086317853e-01 4.0264667346662542e-01 -1.6667030405338315e-01 3.7889938341944929e-01
160 2.7324989359695140e-01 9.6194308337305212e-01 -1.2453011536443861e+00 3.5374068758444993e-01
161 2.2221201748565356e-01 9.7499836886271540e-01 -1.3105686704353017e+00 2.9869189283938663e-01
162 2.8569879516800140e-01 9.5831946575218452e-01 -1.2231480852840484e+00 3.6465077332371182e-01
163 6.5099727919745476e-01 7.5908006328549504e-01 -6.4887478919325037e-01 5.5648375281561657e-01
164 6.5099727919745476e-01 7.5908006328549504e-01 -6.4887478919325037e-01 5.5648375281561657e-01
165 5.5363794928794530e-01 8.3275748036762687e-01 -8.2092873533874944e-01 5.4577390447918939e-01
166 5.4873208447734989e-01 -8.3599826522854848e-01 -8.2903337735786020e-01 -5.4416047518293476e-01
167 2.8846264090808210e-01 -9.5749115129088003e-01 -1.2245557139075991e+00 -3.6892098135490353e-01
168 9.4541815875928581e-01 -3.2585964016459879e-01 -1.0692964784092698e-01 -3.1023550731070487e-01
169 9.9355461567239578e-01 -1.1335442503968622e-01 -1.2690637175514935e-02 -1.1123377968828400e-01
170 9.7611339837581312e-01 -2.1726167059843121e-01 -4.8109510998316778e-02 -2.1614644748618919e-01
171 7.7869180516970504e-01 -6.2740662457575791e-01 -4.2792217970586444e-01 -5.3110611449573397e-01
172 9.8317810678753770e-01 -1.8264941919883876e-01 -3.1555999614104047e-02 -1.6986184842234822e-01
173 9.9356342953867716e-01 -1.1327714457622132e-01 -1.2095346082162037e-02 -1.0608930495033665e-01
174 9.5585747199335702e-01 -2.9383072207389854e-01 -8.8290988854772295e-02 -2.8721843927978125e-01
175 6.9688436076699034e-01 -7.1718351048973739e-01 -5.7380941471445923e-01 -5.5756832292798364e-01
176 8.8485473679814264e-01 4.6586703550035569e-01 -2.2507392063356083e-01 4.2749907082056993e-01
177 9.1535548086317853e-01 4.0264667346662542e-01 -1.6667030405338318e-01 3.7889938341944934e-01
178 5.5433398869988759e-01 8.3229431631609319e-01 -8.1952416224914348e-01 5.4582866756351711e-01
179 5.5464087006811635e-01 8.3208984205437986e-01 -8.2271700875432041e-01 5.4839327977941210e-01
180 4.4492221696042838e-01 8.9556921611621820e-01 -9.9306091760022830e-01 4.9335646769050384e-01
181 7.6484218728448850e-01 -6.4421768723769102e-01 -4.5095238094450230e-01 -5.3538953095443920e-01
182 6.6031724333641395e-01 -7.5098677628344368e-01 -6.4185192748951281e-01 -5.6435866619051500e-01
183 7.4719698645338939e-01 -6.6460263574181933e-01 -4.7788633313730866e-01 -5.3727627424904156e-01
184 7.6484218728448850e-01 -6.4421768723769102e-01 -4.5095238094450224e-01 -5.3538953095443909e-01
185 6.6031724333641395e-01 -7.5098677628344368e-01 -6.4185192748951281e-01 -5.6435866619051500e-01
186 6.6589660722345034e-01 -7.4604403924185192e-01 -6.2358098060873379e-01 -5.5658974199218247e-01
187 3.7955963183354818e-01 -9.2516727454141034e-01 -1.0943104332687348e+00 -4.4895239660198361e-01
188 3.5513684843533705e-01 -9.3481432321259206e-01 -1.1296384661512793e+00 -4.2915072520669911e-01
189 2.8408740393740672e-01 -9.5879838700537290e-01 -1.2303750464655392e+00 -3.6455427705866850e-01
190 1.0000000000000000e+00 8.4905646461999987e-17 -2.6213895946119943e-33 3.0874149174345108e-17
191 9.8276855074705594e-01 -1.8484040592503401e-01 -3.4497657407904461e-02 -1.8341883964853922e-01
192 1.0000000000000000e+00 8.2462431155999994e-17 -2.5460559739666776e-33 3.0875344545082888e-17
193 3.5217620226654373e-01 9.3593371696777461e-01 -1.1328123820901272e+00 4.2625835074894969e-01
194 8.5921692825909324e-01 -5.1161144454850527e-01 -2.7164108367189627e-01 -4.5620288597631203e-01
195 7.9255925468370170e-01 -6.0979490635394396e-01 -4.0494178438776468e-01 -5.2630869080820297e-01
196 7.6484218728448850e-01 -6.4421768723769102e-01 -4.5095238094450230e-01 -5.3538953095443920e-01
197 9.3304447393860201e-01 3.5976104521284330e-01 -1.3411918445881665e-01 3.4783967184222397e-01
198 8.4754720299070674e-01 5.3072001912743960e-01 -2.9626809865875092e-01 4.7313308204660587e-01
199 9.1535548086317853e-01 -4.0264667346662542e-01 -1.6667030405338315e-01 -3.7889938341944929e-01
200 8.6759686409271841e-01 -4.9726821878789024e-01 -2.6216349114017679e-01 -4.5740349815083658e-01
201 4.4492221696042838e-01 -8.9556921611621820e-01 -9.9306091760022830e-01 -4.9335646769050384e-01
202 3.5513684843533705e-01 -9.3481432321259206e-01 -1.1296384661512791e+00 -4.2915072520669906e-01
203 3.5217620226654373e-01 -9.3593371696777461e-01 -1.1328123820901272e+00 -4.2625835074894969e-01
204 6.1660236162835380e-01 -7.8727474723525637e-01 -7.1251952077938996e-01 -5.5805323460678624e-01
205 5.6423275525861050e-01 -8.2561576892237043e-01 -7.9796736440312743e-01 -5.4533760324285008e-01
206 1.0000000000000000e+00 8.2462431155999994e-17 -3.0820677579596620e-33 3.7375417080889808e-17
207 8.0472354093545495e-01 -5.9364974746419563e-01 -3.7600476842715758e-01 -5.0969429356249707e-01
208 8.0472354093545495e-01 5.9364974746419563e-01 -3.7600476842715758e-01 5.0969429356249707e-01
209 7.5010845227499579e-01 6.6131483411882597e-01 -4.7872446313188677e-01 5.4300198268577637e-01
210 6.8009849278320778e-01 7.3312075411490651e-01 -6.0327178246309854e-01 5.5964072451765035e-01
211 6.6589660722345034e-01 -7.4604403924185192e-01 -6.2358098060873368e-01 -5.5658974199218236e-01
212 5.5433398869988759e-01 -8.3229431631609319e-01 -8.1952416224914348e-01 -5.4582866756351711e-01
213 2.3703934536069010e-01 -9.7150005082396962e-01 -1.2935045649084049e+00 -3.1560623700112278e-01
214 2.1612770945557114e-01 -9.7636510241071617e-01 -1.3204743552583829e+00 -2.9229956815556501e-01
215 1.8692658466063908e-01 -9.8237388602665376e-01 -1.3587389955007274e+00 -2.5854152221152110e-01
216 9.7611339837581312e-01 -2.1726167059843121e-01 -4.8109510998316778e-02 -2.1614644748618919e-01
217 9.0786883979874411e-01 -4.1925430197254071e-01 -1.8137938601655881e-01 -3.9276566029618670e-01
218 9.4469017575150482e-01 -3.2796413193913582e-01 -1.0744318662038026e-01 -3.0948665712793677e-01
219 6.8009849278320778e-01 7.3312075411490651e-01 -6.0327178246309854e-01 5.5964072451765035e-01
220 5.4873208447734989e-01 8.3599826522854848e-01 -8.2903337735786020e-01 5.4416047518293476e-01
221 6.1660236162835380e-01 7.8727474723525637e-01 -7.1251952077939018e-01 5.5805323460678624e-01
222 9.7482291316156178e-01 -2.2298046545651967e-01 -4.8982935533002848e-02 -2.1414291971149296e-01
223 9.1535548086317853e-01 -4.0264667346662542e-01 -1.6667030405338318e-01 -3.7889938341944934e-01
224 9.7424597232756138e-01 2.2548788305255918e-01 -4.9534638434672366e-02 2.1402002330401432e-01
225 1.0000000000000000e+00 2.2837616521999998e-17 -1.4855342395348149e-34 6.5047691737172570e-18
226 9.9337877306972322e-01 1.1488521756297129e-01 -1.2197446241577719e-02 1.0546773935820719e-01
227 1.0000000000000000e+00 7.8442349775999995e-17 -2.8042486155167351e-33 3.5749166407234724e-17
228 9.8317810678753770e-01 1.8264941919883876e-01 -3.1555999614104061e-02 1.6986184842234830e-01
229 9.8306156154252045e-01 1.8327565636925536e-01 -3.4035828107358633e-02 1.8256278542634435e-01
230 3.1777999342941854e-01 9.4816447717471397e-01 -1.1816624408259702e+00 3.9603749319989995e-01
231 2.8846264090808210e-01 9.5749115129088003e-01 -1.2245557139075991e+00 3.6892098135490353e-01
232 2.3703934536069010e-01 9.7150005082396962e-01 -1.2935045649084049e+00 3.1560623700112278e-01
233 8.6529687761598828e-01 5.0125972667672136e-01 -2.6477546089615916e-01 4.5706719967658760e-01
234 9.1236887302655090e-01 4.0936907495835767e-01 -1.7271955515923604e-01 3.8494345452525769e-01
235 8.2110959350117829e-01 5.7077056288874062e-01 -3.4878209492755591e-01 5.0175734841160691e-01
236 4.4492221696042838e-01 8.9556921611621820e-01 -9.9306091760022819e-01 4.9335646769050379e-01
237 3.5217620226654373e-01 9.3593371696777461e-01 -1.1328123820901272e+00 4.2625835074894969e-01
238 3.5513684843533705e-01 9.3481432321259206e-01 -1.1296384661512791e+00 4.2915072520669906e-01
239 1.8692658466063908e-01 -9.8237388602665376e-01 -1.3587389955007274e+00 -2.5854152221152110e-01
240 1.8314232404482819e-01 -9.8308640980508888e-01 -1.3621940201893381e+00 -2.5376749812552601e-01
241 1.6996714290024104e-01 -9.8544972998846014e-01 -1.3796296219838442e+00 -2.3795400006033743e-01
242 8.2789306424735121e-01 5.6088597252127026e-01 -3.3832881418478178e-01 4.9938863230884162e-01
243 5.6423275525861050e-01 -8.2561576892237043e-01 -7.9796736440312743e-01 -5.4533760324285008e-01
244 4.8702751235832770e-01 8.7338662813559209e-01 -9.2506668392088409e-01 5.1584591671308599e-01
245 4.2428535241789955e-01 9.0552854163942220e-01 -1.0256231707880581e+00 4.8055568483566641e-01
246 3.8439029719193146e-01 9.2317067729900226e-01 -1.0899377942918733e+00 4.5382887798642202e-01
247 6.6031724333641395e-01 -7.5098677628344368e-01 -6.4185192748951281e-01 -5.6435866619051500e-01
248 6.8009849278320778e-01 7.3312075411490651e-01 -6.0327178246309854e-01 5.5964072451765035e-01
249 6.1752127554063008e-01 7.8655417757117863e-01 -7.1045357303207535e-01 5.5777492401845863e-01
250 5.4873208447734989e-01 8.3599826522854848e-01 -8.2903337735786020e-01 5.4416047518293476e-01
251 8.8485473679814264e-01 -4.6586703550035569e-01 -2.2507392063356085e-01 -4.2749907082056998e-01
252 4.5592929437133406e-01 -8.9001599903263395e-01 -9.8220276197069933e-01 -5.0315389013412148e-01
253 3.5217620226654373e-01 -9.3593371696777461e-01 -1.1328123820901277e+00 -4.2625835074894980e-01
254 3.7081385165773761e-01 -9.2870721296798020e-01 -1.1060077580236189e+00 -4.4160634373173258e-01
255 9.8306156154252045e-01 1.8327565636925536e-01 -3.4035828107358626e-02 1.8256278542634433e-01
256 9.8317810678753770e-01 1.8264941919883876e-01 -3.1555999614104061e-02 1.6986184842234830e-01
257 9.3453410546808924e-01 3.5587358108878819e-01 -1.2649151083410279e-01 3.3217029082347804e-01
258 5.6423275525861050e-01 -8.2561576892237043e-01 -7.9796736440312743e-01 -5.4533760324285008e-01
259 4.8790382593811987e-01 -8.7289739181357673e-01 -9.2290209630794984e-01 -5.1585383113520300e-01
260 6.1752127554063008e-01 -7.8655417757117863e-01 -7.1045357303207535e-01 -5.5777492401845863e-01
261 5.4873208447734989e-01 -8.3599826522854848e-01 -8.2903337735786020e-01 -5.4416047518293476e-01
262 9.7424597232756138e-01 -2.2548788305255918e-01 -4.9534638434672359e-02 -2.1402002330401426e-01
263 9.9337877306972322e-01 -1.1488521756297129e-01 -1.2197446241577715e-02 -1.0546773935820715e-01
264 9.5289210110379186e-01 -3.0330948493906507e-01 -9.4014140096529655e-02 -2.9535947914074001e-01
265 9.4469017575150482e-01 3.2796413193913582e-01 -1.0744318662038024e-01 3.0948665712793677e-01
266 8.6529687761598828e-01 5.0125972667672136e-01 -2.6477546089615916e-01 4.5706719967658760e-01
267 9.1236887302655090e-01 4.0936907495835767e-01 -1.7271955515923607e-01 3.8494345452525774e-01
268 1.0000000000000000e+00 7.2922275271999986e-17 -2.4173818815267730e-33 3.3150115962645734e-17
269 1.8314232404482819e-01 -9.8308640980508888e-01 -1.3621940201893381e+00 -2.5376749812552601e-01
270 8.2110959350117829e-01 5.7077056288874062e-01 -3.4878209492755585e-01 5.0175734841160680e-01
271 6.9688436076699034e-01 7.1718351048973739e-01 -5.7380941471445923e-01 5.5756832292798364e-01
272 7.7869180516970504e-01 6.2740662457575791e-01 -4.2792217970586444e-01 5.3110611449573397e-01
273 4.5641684930739979e-01 -8.8976607019390574e-01 -9.7572820305573149e-01 -5.0051222128757467e-01
274 3.7955963183354818e-01 -9.2516727454141034e-01 -1.0943104332687348e+00 -4.4895239660198366e-01
275 7.4114398078871346e-01 6.7134611024467783e-01 -4.8890550571413055e-01 5.3973556591015104e-01
276 7.4719698645338939e-01 6.6460263574181933e-01 -4.7788633313730855e-01 5.3727627424904145e-01
277 1.0000000000000000e+00 7.2922275271999986e-17 -2.4173818815267730e-33 3.3150115962645734e-17
278 9.9356342953867716e-01 -1.1327714457622132e-01 -1.2095346082162037e-02 -1.0608930495033665e-01
279 9.3453410546808924e-01 3.5587358108878819e-01 -1.2649151083410279e-01 3.3217029082347804e-01
280 8.5921692825909324e-01 5.1161144454850527e-01 -2.7164108367189627e-01 4.5620288597631203e-01
281 8.0472354093545495e-01 5.9364974746419563e-01 -3.7600476842715758e-01 5.0969429356249707e-01
282 7.5010845227499579e-01 6.6131483411882597e-01 -4.7872446313188677e-01 5.4300198268577637e-01
283 1.8692658466063908e-01 -9.8237388602665376e-01 -1.3587389955007274e+00 -2.5854152221152110e-01
284 2.1958645355634596e-01 -9.7559304498061417e-01 -1.3157382331435752e+00 -2.9614632239432520e-01
285 1.8692658466063908e-01 9.8237388602665376e-01 -1.3587389955007274e+00 2.5854152221152110e-01
286 1.8314232404482819e-01 9.8308640980508888e-01 -1.3621940201893381e+00 2.5376749812552601e-01
287 1.6996714290024104e-01 9.8544972998846014e-01 -1.3796296219838442e+00 2.3795400006033743e-01
288 9.8276855074705594e-01 -1.8484040592503401e-01 -3.4497657407904461e-02 -1.8341883964853922e-01
289 9.3243006063689648e-01 -3.6135049746841852e-01 -1.3289836422742191e-01 -3.4293139398804801e-01
290 9.3304447393860201e-01 -3.5976104521284330e-01 -1.3411918445881665e-01 -3.4783967184222397e-01
291 9.8317810678753770e-01 -1.8264941919883876e-01 -3.1555999614104047e-02 -1.6986184842234822e-01
292 9.3453410546808924e-01 -3.5587358108878819e-01 -1.2649151083410279e-01 -3.3217029082347804e-01
293 9.5585747199335702e-01 -2.9383072207389854e-01 -8.8290988854772282e-02 -2.8721843927978113e-01
294 4.8702751235832770e-01 -8.7338662813559209e-01 -9.2506668392088409e-01 -5.1584591671308599e-01
295 3.8439029719193146e-01 -9.2317067729900226e-01 -1.0899377942918733e+00 -4.5382887798642202e-01
296 5.6423275525861050e-01 8.2561576892237043e-01 -7.9796736440312743e-01 5.4533760324285008e-01
297 4.6045722547121593e-01 8.8768189319786728e-01 -9.6906492104313968e-01 5.0267212642755188e-01
298 7.4719698645338939e-01 6.6460263574181933e-01 -4.7788633313730866e-01 5.3727627424904156e-01
299 8.4754720299070674e-01 5.3072001912743960e-01 -2.9626809865875092e-01 4.7313308204660587e-01
300 7.4114398078871346e-01 6.7134611024467783e-01 -4.8890550571413055e-01 5.3973556591015104e-01
301 2.3703934536069010e-01 -9.7150005082396962e-01 -1.2935045649084049e+00 -3.1560623700112278e-01
302 2.1958645355634596e-01 -9.7559304498061417e-01 -1.3157382331435754e+00 -2.9614632239432526e-01
303 1.8692658466063908e-01 -9.8237388602665376e-01 -1.3587389955007274e+00 -2.5854152221152110e-01
304 9.0786883979874411e-01 -4.1925430197254071e-01 -1.8137938601655884e-01 -3.9276566029618676e-01
305 9.4469017575150482e-01 -3.2796413193913582e-01 -1.0744318662038023e-01 -3.0948665712793672e-01
306 9.4541815875928581e-01 3.2585964016459879e-01 -1.0692964784092698e-01 3.1023550731070487e-01
307 9.0786883979874411e-01 4.1925430197254071e-01 -1.8137938601655879e-01 3.9276566029618665e-01
308 6.8009849278320778e-01 -7.3312075411490651e-01 -6.0327178246309854e-01 -5.5964072451765035e-01
309 5.4383638329753214e-01 -8.3919127033225249e-01 -8.3422824305241328e-01 -5.4062010245489889e-01
310 5.5464087006811635e-01 -8.3208984205437986e-01 -8.2271700875432041e-01 -5.4839327977941210e-01
311 9.7482291316156178e-01 -2.2298046545651967e-01 -4.8982935533002848e-02 -2.1414291971149296e-01
312 7.9255925468370170e-01 -6.0979490635394396e-01 -4.0494178438776468e-01 -5.2630869080820297e-01
313 3.1777999342941854e-01 -9.4816447717471397e-01 -1.1816624408259704e+00 -3.9603749319990000e-01
314 2.8408740393740672e-01 -9.5879838700537290e-01 -1.2303750464655392e+00 -3.6455427705866850e-01
315 9.4469017575150482e-01 3.2796413193913582e-01 -1.0744318662038026e-01 3.0948665712793677e-01
316 9.7611339837581312e-01 2.1726167059843121e-01 -4.8109510998316778e-02 2.1614644748618919e-01
317 9.9336572022445258e-01 1.1499802556111373e-01 -1.2975382420318300e-02 1.1208279481544134e-01
318 4.4492221696042838e-01 8.9556921611621820e-01 -9.9306091760022830e-01 4.9335646769050384e-01
319 3.5513684843533705e-01 9.3481432321259206e-01 -1.1296384661512793e+00 4.2915072520669911e-01
320 3.5217620226654373e-01 9.3593371696777461e-01 -1.1328123820901272e+00 4.2625835074894969e-01
321 4.2428535241789955e-01 9.0552854163942220e-01 -1.0256231707880581e+00 4.8055568483566641e-01
322 3.1777999342941854e-01 9.4816447717471397e-01 -1.1816624408259702e+00 3.9603749319989995e-01
323 3.7955963183354818e-01 9.2516727454141034e-01 -1.0943104332687348e+00 4.4895239660198361e-01
324 4.5641684930739979e-01 8.8976607019390574e-01 -9.7572820305573149e-01 5.0051222128757467e-01
325 3.5513684843533705e-01 9.3481432321259206e-01 -1.1296384661512791e+00 4.2915072520669906e-01
326 3.7955963183354818e-01 9.2516727454141034e-01 -1.0943104332687346e+00 4.4895239660198349e-01
327 9.3243006063689648e-01 3.6135049746841852e-01 -1.3289836422742191e-01 3.4293139398804801e-01
328 9.3304447393860201e-01 3.5976104521284330e-01 -1.3411918445881665e-01 3.4783967184222397e-01
329 7.4719698645338939e-01 6.6460263574181933e-01 -4.7788633313730866e-01 5.3727627424904156e-01
330 8.5736796050242614e-01 5.1470397346815788e-01 -2.8168096092254946e-01 4.6920996034135043e-01
331 7.6484218728448850e-01 6.4421768723769102e-01 -4.5095238094450224e-01 5.3538953095443909e-01
332 1.0000000000000000e+00 2.2837616521999998e-17 -2.9710684790696298e-34 1.3009538347434514e-17
333 4.5592929437133406e-01 8.9001599903263395e-01 -9.8220276197069933e-01 5.0315389013412148e-01
334 3.7081385165773761e-01 9.2870721296798020e-01 -1.1060077580236189e+00 4.4160634373173258e-01
335 4.8790382593811987e-01 8.7289739181357673e-01 -9.2290209630794984e-01 5.1585383113520300e-01
336 8.5736796050242614e-01 5.1470397346815788e-01 -2.8168096092254941e-01 4.6920996034135037e-01
12 6.1752127554063008e-01 -7.8655417757117863e-01 -7.1045357303207524e-01 -5.5777492401845863e-01
338 4.5592929437133406e-01 8.9001599903263395e-01 -9.8220276197069933e-01 5.0315389013412148e-01
339 9.1236887302655090e-01 -4.0936907495835767e-01 -1.7271955515923609e-01 -3.8494345452525786e-01
340 3.7081385165773761e-01 -9.2870721296798020e-01 -1.1104390726839433e+00 -4.4337567731088168e-01
341 3.8439029719193146e-01 -9.2317067729900226e-01 -1.0899377942918733e+00 -4.5382887798642202e-01
342 2.8846264090808210e-01 -9.5749115129088003e-01 -1.2245557139075991e+00 -3.6892098135490353e-01
343 7.5264542659640754e-01 6.5842604886464784e-01 -4.7451655874963161e-01 5.4241887665746547e-01
344 8.0472354093545495e-01 5.9364974746419563e-01 -3.7600476842715763e-01 5.0969429356249718e-01
345 6.8009849278320778e-01 7.3312075411490651e-01 -6.0327178246309865e-01 5.5964072451765046e-01
346 9.8306156154252045e-01 1.8327565636925536e-01 -3.4035828107358626e-02 1.8256278542634433e-01
337 9.3304447393860201e-01 3.5976104521284330e-01 -1.3411918445881668e-01 3.4783967184222409e-01
348 5.6423275525861050e-01 8.2561576892237043e-01 -7.9796736440312743e-01 5.4533760324285008e-01
349 4.4492221696042838e-01 -8.9556921611621820e-01 -9.9306091760022830e-01 -4.9335646769050384e-01
350 4.5592929437133406e-01 -8.9001599903263395e-01 -9.8220276197069933e-01 -5.0315389013412148e-01
351 3.5217620226654373e-01 -9.3593371696777461e-01 -1.1328123820901272e+00 -4.2625835074894969e-01
352 8.6759686409271841e-01 4.9726821878789024e-01 -2.6216349114017673e-01 4.5740349815083653e-01
353 8.2110959350117829e-01 -5.7077056288874062e-01 -3.4878209492755596e-01 -5.0175734841160691e-01
354 9.1236887302655090e-01 -4.0936907495835767e-01 -1.7271955515923601e-01 -3.8494345452525763e-01
355 8.7685267210113504e-01 -4.8075918236586956e-01 -2.4018959432584092e-01 -4.3807980236396432e-01
356 8.7685267210113504e-01 4.8075918236586956e-01 -2.4018959432584094e-01 4.3807980236396438e-01
357 8.4475053146317625e-01 5.3516029336328885e-01 -3.0786305834269151e-01 4.8596184242002982e-01
358 8.5921692825909324e-01 -5.1161144454850527e-01 -2.7164108367189627e-01 -4.5620288597631203e-01
359 6.6589660722345034e-01 -7.4604403924185192e-01 -6.2358098060873379e-01 -5.5658974199218247e-01
360 9.7424597232756138e-01 2.2548788305255918e-01 -4.9534638434672359e-02 2.1402002330401426e-01
361 9.3243006063689648e-01 3.6135049746841852e-01 -1.3289836422742191e-01 3.4293139398804801e-01
362 7.7869180516970504e-01 -6.2740662457575791e-01 -4.2792217970586444e-01 -5.3110611449573397e-01
363 7.4114398078871346e-01 -6.7134611024467783e-01 -4.9412655199868405e-01 -5.4549942894319337e-01
364 5.7067612500357723e-01 8.2117523120884595e-01 -7.8721972142545693e-01 5.4707872701925198e-01
365 6.1752127554063008e-01 7.8655417757117863e-01 -7.1045357303207535e-01 5.5777492401845863e-01
366 9.8140769497974834e-01 1.9193471867939199e-01 -3.8401100272322602e-02 1.9635392472113888e-01
367 1.0000000000000000e+00 0.0000000000000000e+00 0.0000000000000000e+00 -6.5011904387192100e-18
368 4.6045722547121593e-01 8.8768189319786728e-01 -9.6906492104313968e-01 5.0267212642755188e-01
369 2.8408740393740672e-01 9.5879838700537290e-01 -1.2303750464655392e+00 3.6455427705866850e-01
370 7.7869180516970504e-01 -6.2740662457575791e-01 -4.2792217970586444e-01 -5.3110611449573397e-01
371 6.9688436076699034e-01 -7.1718351048973739e-01 -5.7380941471445923e-01 -5.5756832292798364e-01
372 8.6529687761598828e-01 5.0125972667672136e-01 -2.6477546089615916e-01 4.5706719967658760e-01
373 9.1236887302655090e-01 4.0936907495835767e-01 -1.7271955515923609e-01 3.8494345452525786e-01
374 6.4609794329117642e-01 -7.6325451041897663e-01 -6.6350479162267506e-01 -5.6165941423120935e-01
375 5.5464087006811635e-01 -8.3208984205437986e-01 -8.2271700875432041e-01 -5.4839327977941210e-01
376 5.4383638329753214e-01 -8.3919127033225249e-01 -8.3422824305241339e-01 -5.4062010245489900e-01
377 6.4609794329117642e-01 7.6325451041897663e-01 -6.6350479162267506e-01 5.6165941423120935e-01
378 2.1612770945557114e-01 9.7636510241071617e-01 -1.3204743552583829e+00 2.9229956815556501e-01
379 2.2221201748565356e-01 9.7499836886271540e-01 -1.3105686704353017e+00 2.9869189283938663e-01
380 1.8314232404482819e-01 9.8308640980508888e-01 -1.3621940201893381e+00 2.5376749812552601e-01
381 4.5641684930739979e-01 8.8976607019390574e-01 -9.7572820305573149e-01 5.0051222128757467e-01
382 3.7955963183354818e-01 9.2516727454141034e-01 -1.0943104332687348e+00 4.4895239660198361e-01
383 7.4719698645338939e-01 6.6460263574181933e-01 -4.7788633313730866e-01 5.3727627424904156e-01
384 6.6031724333641395e-01 7.5098677628344368e-01 -6.4185192748951281e-01 5.6435866619051500e-01
385 6.4609794329117642e-01 7.6325451041897663e-01 -6.6350479162267506e-01 5.6165941423120935e-01
386 1.0000000000000000e+00 6.0974823000000000e-17 -1.1890965119682846e-33 1.9501434419387894e-17
387 9.7482291316156178e-01 -2.2298046545651967e-01 -4.8982935533002848e-02 -2.1414291971149296e-01
388 9.4541815875928581e-01 -3.2585964016459879e-01 -1.0692964784092696e-01 -3.1023550731070476e-01
389 9.7424597232756138e-01 2.2548788305255918e-01 -4.9534638434672359e-02 2.1402002330401426e-01
390 1.0000000000000000e+00 2.2837616521999998e-17 -1.4855342395348149e-34 6.5047691737172570e-18
391 9.9337877306972322e-01 1.1488521756297129e-01 -1.2197446241577715e-02 1.0546773935820715e-01
392 9.3125048299465674e-01 3.6437966178454373e-01 -1.3688762718395500e-01 3.4984573043055028e-01
393 8.4754720299070674e-01 5.3072001912743960e-01 -2.9626809865875092e-01 4.7313308204660587e-01
394 7.5264542659640754e-01 -6.5842604886464784e-01 -4.7451655874963172e-01 -5.4241887665746558e-01
395 8.6759686409271841e-01 -4.9726821878789024e-01 -2.6216349114017679e-01 -4.5740349815083658e-01
396 5.5464087006811635e-01 -8.3208984205437986e-01 -8.2271700875432008e-01 -5.4839327977941188e-01
397 9.7424597232756138e-01 -2.2548788305255918e-01 -4.9534638434672359e-02 -2.1402002330401426e-01
398 9.5289210110379186e-01 -3.0330948493906507e-01 -9.4014140096529669e-02 -2.9535947914074007e-01
399 7.6484218728448850e-01 6.4421768723769102e-01 -4.5095238094450230e-01 5.3538953095443920e-01
400 8.5736796050242614e-01 5.1470397346815788e-01 -2.8168096092254946e-01 4.6920996034135043e-01
401 5.7067612500357723e-01 8.2117523120884595e-01 -7.8721972142545682e-01 5.4707872701925186e-01
402 5.5433398869988759e-01 8.3229431631609319e-01 -8.1952416224914360e-01 5.4582866756351711e-01
403 3.1777999342941854e-01 -9.4816447717471397e-01 -1.1816624408259702e+00 -3.9603749319989995e-01
404 2.8846264090808210e-01 -9.5749115129088003e-01 -1.2245557139075991e+00 -3.6892098135490353e-01
405 9.4541815875928581e-01 3.2585964016459879e-01 -1.0692964784092698e-01 3.1023550731070487e-01
406 9.0786883979874411e-01 4.1925430197254071e-01 -1.8137938601655881e-01 3.9276566029618670e-01
407 3.5513684843533705e-01 -9.3481432321259206e-01 -1.1296384661512791e+00 -4.2915072520669906e-01
408 2.8408740393740672e-01 -9.5879838700537290e-01 -1.2303750464655392e+00 -3.6455427705866850e-01
409 2.7324989359695140e-01 -9.6194308337305212e-01 -1.2453011536443861e+00 -3.5374068758444993e-01
410 9.7482291316156178e-01 2.2298046545651967e-01 -4.8982935533002848e-02 2.1414291971149296e-01
411 9.5585747199335702e-01 2.9383072207389854e-01 -8.8290988854772295e-02 2.8721843927978125e-01
412 5.6423275525861050e-01 8.2561576892237043e-01 -7.9796736440312743e-01 5.4533760324285008e-01
413 4.6045722547121593e-01 8.8768189319786728e-01 -9.6906492104313957e-01 5.0267212642755188e-01
414 4.8702751235832770e-01 8.7338662813559209e-01 -9.2506668392088398e-01 5.1584591671308588e-01
415 7.7869180516970504e-01 6.2740662457575791e-01 -4.2792217970586455e-01 5.3110611449573419e-01
416 6.9688436076699034e-01 7.1718351048973739e-01 -5.7380941471445923e-01 5.5756832292798364e-01
417 9.0786883979874411e-01 -4.1925430197254071e-01 -1.8137938601655881e-01 -3.9276566029618670e-01
418 5.4873208447734989e-01 8.3599826522854848e-01 -8.2903337735786020e-01 5.4416047518293476e-01
419 6.1660236162835380e-01 7.8727474723525637e-01 -7.1251952077939018e-01 5.5805323460678624e-01
420 8.2789306424735121e-01 -5.6088597252127026e-01 -3.3832881418478183e-01 -4.9938863230884173e-01
421 2.7324989359695140e-01 -9.6194308337305212e-01 -1.2453011536443861e+00 -3.5374068758444993e-01
422 2.1612770945557114e-01 -9.7636510241071617e-01 -1.3204743552583829e+00 -2.9229956815556501e-01
423 2.2221201748565356e-01 -9.7499836886271540e-01 -1.3105686704353021e+00 -2.9869189283938674e-01
424 5.5433398869988759e-01 -8.3229431631609319e-01 -8.1952416224914360e-01 -5.4582866756351711e-01
347 9.8317810678753770e-01 1.8264941919883876e-01 -3.1555999614104067e-02 1.6986184842234833e-01
426 4.5641684930739979e-01 8.8976607019390574e-01 -9.7572820305573171e-01 5.0051222128757467e-01
427 9.4541815875928581e-01 3.2585964016459879e-01 -1.0692964784092698e-01 3.1023550731070487e-01
428 2.8408740393740672e-01 9.5879838700537290e-01 -1.2303750464655392e+00 3.6455427705866850e-01
429 2.7324989359695140e-01 9.6194308337305212e-01 -1.2453011536443861e+00 3.5374068758444993e-01
430 2.3703934536069010e-01 9.7150005082396962e-01 -1.2935045649084049e+00 3.1560623700112278e-01
431 1.8692658466063908e-01 9.8237388602665376e-01 -1.3587389955007274e+00 2.5854152221152110e-01
432 2.1612770945557114e-01 9.7636510241071617e-01 -1.3204743552583829e+00 2.9229956815556501e-01
433 1.8692658466063908e-01 9.8237388602665376e-01 -1.3587389955007274e+00 2.5854152221152110e-01
434 9.9355461567239578e-01 1.1335442503968622e-01 -1.2690637175514939e-02 1.1123377968828402e-01
435 8.0472354093545495e-01 5.9364974746419563e-01 -3.7600476842715758e-01 5.0969429356249707e-01
436 6.1752127554063008e-01 7.8655417757117863e-01 -7.1045357303207535e-01 5.5777492401845863e-01
437 4.8790382593811987e-01 8.7289739181357673e-01 -9.2290209630794984e-01 5.1585383113520300e-01
438 9.8276855074705594e-01 -1.8484040592503401e-01 -3.4497657407904461e-02 -1.8341883964853922e-01
439 2.8846264090808210e-01 -9.5749115129088003e-01 -1.2245557139075991e+00 -3.6892098135490353e-01
440 3.7081385165773761e-01 -9.2870721296798020e-01 -1.1104390726839433e+00 -4.4337567731088168e-01
441 8.8485473679814264e-01 -4.6586703550035569e-01 -2.2507392063356083e-01 -4.2749907082056993e-01
442 7.9255925468370170e-01 -6.0979490635394396e-01 -4.0494178438776468e-01 -5.2630869080820297e-01
443 6.1660236162835380e-01 7.8727474723525637e-01 -7.1251952077939018e-01 5.5805323460678624e-01
444 8.4754720299070674e-01 -5.3072001912743960e-01 -2.9626809865875098e-01 -4.7313308204660592e-01
445 8.5736796050242614e-01 -5.1470397346815788e-01 -2.8168096092254946e-01 -4.6920996034135043e-01
446 9.3453410546808924e-01 3.5587358108878819e-01 -1.2649151083410282e-01 3.3217029082347815e-01
447 9.8306156154252045e-01 1.8327565636925536e-01 -3.4035828107358626e-02 1.8256278542634433e-01
448 2.3703934536069010e-01 9.7150005082396962e-01 -1.2935045649084049e+00 3.1560623700112278e-01
449 7.5264542659640754e-01 6.5842604886464784e-01 -4.7451655874963161e-01 5.4241887665746547e-01
450 2.3703934536069010e-01 -9.7150005082396962e-01 -1.2935045649084049e+00 -3.1560623700112278e-01
451 7.5010845227499579e-01 6.6131483411882597e-01 -4.7872446313188677e-01 5.4300198268577637e-01
452 6.9688436076699034e-01 7.1718351048973739e-01 -5.7380941471445923e-01 5.5756832292798364e-01
453 3.7955963183354818e-01 9.2516727454141034e-01 -1.0943104332687348e+00 4.4895239660198366e-01
454 5.5363794928794530e-01 8.3275748036762687e-01 -8.2092873533874944e-01 5.4577390447918939e-01
455 9.3243006063689648e-01 3.6135049746841852e-01 -1.3289836422742191e-01 3.4293139398804801e-01
456 9.8276855074705594e-01 1.8484040592503401e-01 -3.4497657407904468e-02 1.8341883964853925e-01
457 1.0000000000000000e+00 8.5725275943999994e-17 -3.3438980659421926e-33 3.9007142632315265e-17
458 9.8269637376282670e-01 -1.8522374845950745e-01 -3.5003074932465537e-02 -1.8570725996403284e-01
459 9.8269637376282670e-01 -1.8522374845950745e-01 -3.5003074932465537e-02 -1.8570725996403284e-01
460 3.1777999342941854e-01 9.4816447717471397e-01 -1.1816624408259702e+00 3.9603749319989995e-01
461 7.4114398078871346e-01 6.7134611024467783e-01 -4.9412655199868405e-01 5.4549942894319337e-01
462 4.4492221696042838e-01 -8.9556921611621820e-01 -9.9306091760022830e-01 -4.9335646769050384e-01
463 4.6045722547121593e-01 -8.8768189319786728e-01 -9.6906492104313957e-01 -5.0267212642755188e-01
464 4.4492221696042838e-01 -8.9556921611621820e-01 -9.9306091760022830e-01 -4.9335646769050384e-01
465 1.0000000000000000e+00 4.5068444651999997e-17 -2.9304182319191253e-34 6.5021507943010022e-18
466 9.9336572022445258e-01 -1.1499802556111373e-01 -1.2975382420318298e-02 -1.1208279481544131e-01
467 9.3304447393860201e-01 -3.5976104521284330e-01 -1.3411918445881665e-01 -3.4783967184222397e-01
468 9.3243006063689648e-01 -3.6135049746841852e-01 -1.3289836422742191e-01 -3.4293139398804801e-01
469 4.5641684930739979e-01 -8.8976607019390574e-01 -9.7572820305573149e-01 -5.0051222128757467e-01
470 6.6031724333641395e-01 7.5098677628344368e-01 -6.4185192748951292e-01 5.6435866619051511e-01
471 6.6589660722345034e-01 7.4604403924185192e-01 -6.2358098060873368e-01 5.5658974199218236e-01
472 9.5585747199335702e-01 -2.9383072207389854e-01 -8.8290988854772295e-02 -2.8721843927978125e-01
473 9.9336572022445258e-01 -1.1499802556111373e-01 -1.2975382420318296e-02 -1.1208279481544130e-01
474 5.6423275525861050e-01 -8.2561576892237043e-01 -7.9796736440312743e-01 -5.4533760324285008e-01
475 4.6045722547121593e-01 -8.8768189319786728e-01 -9.6906492104313957e-01 -5.0267212642755188e-01
476 3.8439029719193146e-01 9.2317067729900226e-01 -1.0899377942918733e+00 4.5382887798642202e-01
477 9.9355461567239578e-01 1.1335442503968622e-01 -1.2690637175514941e-02 1.1123377968828403e-01
478 1.0000000000000000e+00 6.0974823000000000e-17 -1.5854620159577125e-33 2.6001912559183850e-17
479 9.3453410546808924e-01 -3.5587358108878819e-01 -1.2649151083410279e-01 -3.3217029082347804e-01
480 1.0000000000000000e+00 2.2837616521999998e-17 -3.7138355988370369e-34 1.6261922934293138e-17
481 9.9337877306972322e-01 -1.1488521756297129e-01 -1.2197446241577713e-02 -1.0546773935820712e-01
482 6.5099727919745476e-01 7.5908006328549504e-01 -6.4887478919325037e-01 5.5648375281561657e-01
483 2.2221201748565356e-01 -9.7499836886271540e-01 -1.3105686704353021e+00 -2.9869189283938674e-01
484 3.5513684843533705e-01 -9.3481432321259206e-01 -1.1296384661512791e+00 -4.2915072520669906e-01
485 3.5217620226654373e-01 -9.3593371696777461e-01 -1.1328123820901272e+00 -4.2625835074894969e-01
486 9.3453410546808924e-01 -3.5587358108878819e-01 -1.2649151083410279e-01 -3.3217029082347804e-01
487 4.2428535241789955e-01 -9.0552854163942220e-01 -1.0256231707880579e+00 -4.8055568483566635e-01
488 7.0387664401903827e-01 7.1032222969895575e-01 -5.6145059442509737e-01 5.5635589548410924e-01
489 2.8569879516800140e-01 -9.5831946575218452e-01 -1.2231480852840484e+00 -3.6465077332371182e-01
490 8.6529687761598828e-01 -5.0125972667672136e-01 -2.6477546089615916e-01 -4.5706719967658760e-01
491 3.1777999342941854e-01 9.4816447717471397e-01 -1.1816624408259702e+00 3.9603749319989995e-01
492 6.6031724333641395e-01 7.5098677628344368e-01 -6.4185192748951281e-01 5.6435866619051500e-01
493 7.5264542659640754e-01 -6.5842604886464784e-01 -4.7451655874963161e-01 -5.4241887665746547e-01
494 6.8009849278320778e-01 -7.3312075411490651e-01 -6.0327178246309854e-01 -5.5964072451765035e-01
495 6.6589660722345034e-01 7.4604403924185192e-01 -6.2358098060873368e-01 5.5658974199218236e-01
496 9.5289210110379186e-01 3.0330948493906507e-01 -9.4014140096529683e-02 2.9535947914074012e-01
497 9.2770713179579878e-01 3.7330882338248117e-01 -1.4611257427563862e-01 3.6310333083574914e-01
498 4.8790382593811987e-01 -8.7289739181357673e-01 -9.2290209630794984e-01 -5.1585383113520300e-01
499 8.4754720299070674e-01 5.3072001912743960e-01 -2.9626809865875098e-01 4.7313308204660592e-01
500 9.8140769497974834e-01 -1.9193471867939199e-01 -3.8401100272322596e-02 -1.9635392472113886e-01
501 9.2770713179579878e-01 -3.7330882338248117e-01 -1.4611257427563859e-01 -3.6310333083574908e-01
502 6.4609794329117642e-01 -7.6325451041897663e-01 -6.6350479162267506e-01 -5.6165941423120935e-01
503 9.9336572022445258e-01 -1.1499802556111373e-01 -1.2975382420318298e-02 -1.1208279481544131e-01
504 9.9336572022445258e-01 1.1499802556111373e-01 -1.2975382420318300e-02 1.1208279481544134e-01
505 3.7955963183354818e-01 -9.2516727454141034e-01 -1.0943104332687348e+00 -4.4895239660198361e-01
506 7.0387664401903827e-01 7.1032222969895575e-01 -5.6145059442509748e-01 5.5635589548410935e-01
507 9.8276855074705594e-01 1.8484040592503401e-01 -3.4497657407904468e-02 1.8341883964853925e-01
508 8.6759686409271841e-01 -4.9726821878789024e-01 -2.6216349114017679e-01 -4.5740349815083658e-01
509 8.2789306424735121e-01 -5.6088597252127026e-01 -3.3832881418478178e-01 -4.9938863230884162e-01
510 7.5264542659640754e-01 -6.5842604886464784e-01 -4.7451655874963172e-01 -5.4241887665746558e-01
511 4.8790382593811987e-01 8.7289739181357673e-01 -9.2290209630794984e-01 5.1585383113520300e-01
512 9.3304447393860201e-01 -3.5976104521284330e-01 -1.3411918445881668e-01 -3.4783967184222409e-01
513 9.8276855074705594e-01 -1.8484040592503401e-01 -3.4497657407904461e-02 -1.8341883964853922e-01
514 9.8269637376282670e-01 -1.8522374845950745e-01 -3.5003074932465544e-02 -1.8570725996403287e-01
515 4.5592929437133406e-01 8.9001599903263395e-01 -9.8220276197069922e-01 5.0315389013412148e-01
516 3.7081385165773761e-01 9.2870721296798020e-01 -1.1060077580236189e+00 4.4160634373173258e-01
517 3.5217620226654373e-01 9.3593371696777461e-01 -1.1328123820901272e+00 4.2625835074894969e-01
518 9.1535548086317853e-01 4.0264667346662542e-01 -1.6667030405338315e-01 3.7889938341944929e-01
519 8.8485473679814264e-01 4.6586703550035569e-01 -2.2507392063356085e-01 4.2749907082056998e-01
520 7.6484218728448850e-01 6.4421768723769102e-01 -4.5095238094450224e-01 5.3538953095443909e-01
521 5.5464087006811635e-01 8.3208984205437986e-01 -8.2271700875432041e-01 5.4839327977941210e-01
522 9.0786883979874411e-01 4.1925430197254071e-01 -1.8137938601655881e-01 3.9276566029618670e-01
523 1.0000000000000000e+00 8.2462431155999994e-17 -3.4840765959544012e-33 4.2250471482745002e-17
524 7.0387664401903827e-01 7.1032222969895575e-01 -5.6145059442509737e-01 5.5635589548410924e-01
525 8.7685267210113504e-01 4.8075918236586956e-01 -2.4018959432584086e-01 4.3807980236396427e-01
526 2.7324989359695140e-01 9.6194308337305212e-01 -1.2453011536443863e+00 3.5374068758444999e-01
527 2.8408740393740672e-01 9.5879838700537290e-01 -1.2303750464655392e+00 3.6455427705866850e-01
528 2.1612770945557114e-01 9.7636510241071617e-01 -1.3204743552583829e+00 2.9229956815556501e-01
529 9.3125048299465674e-01 -3.6437966178454373e-01 -1.3688762718395497e-01 -3.4984573043055023e-01
530 5.4873208447734989e-01 -8.3599826522854848e-01 -8.2903337735786020e-01 -5.4416047518293476e-01
531 4.8702751235832770e-01 -8.7338662813559209e-01 -9.2506668392088409e-01 -5.1584591671308599e-01
532 9.7424597232756138e-01 -2.2548788305255918e-01 -4.9534638434672359e-02 -2.1402002330401426e-01
533 9.5289210110379186e-01 -3.0330948493906507e-01 -9.4014140096529655e-02 -2.9535947914074001e-01
534 9.9337877306972322e-01 -1.1488521756297129e-01 -1.2197446241577715e-02 -1.0546773935820715e-01
535 4.8790382593811987e-01 8.7289739181357673e-01 -9.2290209630794984e-01 5.1585383113520300e-01
536 4.5592929437133406e-01 -8.9001599903263395e-01 -9.8220276197069933e-01 -5.0315389013412148e-01
537 6.5099727919745476e-01 7.5908006328549504e-01 -6.4887478919325037e-01 5.5648375281561657e-01
538 6.6589660722345034e-01 7.4604403924185192e-01 -6.2358098060873368e-01 5.5658974199218236e-01
539 8.2789306424735121e-01 -5.6088597252127026e-01 -3.3832881418478178e-01 -4.9938863230884162e-01
540 9.9337877306972322e-01 1.1488521756297129e-01 -1.2197446241577715e-02 1.0546773935820715e-01
541 8.7685267210113504e-01 -4.8075918236586956e-01 -2.4018959432584094e-01 -4.3807980236396438e-01
542 8.4475053146317625e-01 -5.3516029336328885e-01 -3.0786305834269151e-01 -4.8596184242002982e-01
543 7.7869180516970504e-01 -6.2740662457575791e-01 -4.2792217970586455e-01 -5.3110611449573419e-01
544 9.7482291316156178e-01 2.2298046545651967e-01 -4.8982935533002848e-02 2.1414291971149296e-01
545 9.4541815875928581e-01 3.2585964016459879e-01 -1.0692964784092700e-01 3.1023550731070487e-01
546 9.1535548086317853e-01 -4.0264667346662542e-01 -1.6667030405338312e-01 -3.7889938341944923e-01
547 7.9255925468370170e-01 -6.0979490635394396e-01 -4.0494178438776468e-01 -5.2630869080820297e-01
548 8.5736796050242614e-01 -5.1470397346815788e-01 -2.8168096092254941e-01 -4.6920996034135037e-01
549 7.4719698645338939e-01 -6.6460263574181933e-01 -4.7788633313730866e-01 -5.3727627424904156e-01
550 2.3703934536069010e-01 9.7150005082396962e-01 -1.2935045649084049e+00 3.1560623700112278e-01
551 4.2428535241789955e-01 9.0552854163942220e-01 -1.0256231707880581e+00 4.8055568483566641e-01
552 8.0472354093545495e-01 -5.9364974746419563e-01 -3.7600476842715763e-01 -5.0969429356249718e-01
553 7.5010845227499579e-01 -6.6131483411882597e-01 -4.7872446313188688e-01 -5.4300198268577649e-01
554 3.8439029719193146e-01 9.2317067729900226e-01 -1.0899377942918733e+00 4.5382887798642202e-01
555 3.7081385165773761e-01 9.2870721296798020e-01 -1.1104390726839433e+00 4.4337567731088168e-01
556 9.3125048299465674e-01 -3.6437966178454373e-01 -1.3688762718395500e-01 -3.4984573043055028e-01
557 9.3243006063689648e-01 3.6135049746841852e-01 -1.3289836422742191e-01 3.4293139398804801e-01
558 8.7685267210113504e-01 -4.8075918236586956e-01 -2.4018959432584086e-01 -4.3807980236396427e-01
559 6.1660236162835380e-01 7.8727474723525637e-01 -7.1251952077939029e-01 5.5805323460678635e-01
560 4.2428535241789955e-01 -9.0552854163942220e-01 -1.0256231707880579e+00 -4.8055568483566635e-01
561 6.4609794329117642e-01 7.6325451041897663e-01 -6.6350479162267506e-01 5.6165941423120935e-01
562 5.5464087006811635e-01 8.3208984205437986e-01 -8.2271700875432041e-01 5.4839327977941210e-01
563 8.4475053146317625e-01 -5.3516029336328885e-01 -3.0786305834269151e-01 -4.8596184242002971e-01
564 8.0472354093545495e-01 -5.9364974746419563e-01 -3.7600476842715758e-01 -5.0969429356249707e-01
565 5.7067612500357723e-01 8.2117523120884595e-01 -7.8721972142545682e-01 5.4707872701925186e-01
566 7.6484218728448850e-01 -6.4421768723769102e-01 -4.5095238094450224e-01 -5.3538953095443909e-01
567 9.8269637376282670e-01 1.8522374845950745e-01 -3.5003074932465544e-02 1.8570725996403287e-01
568 8.8485473679814264e-01 -4.6586703550035569e-01 -2.2507392063356085e-01 -4.2749907082056998e-01
569 8.5921692825909324e-01 -5.1161144454850527e-01 -2.7164108367189627e-01 -4.5620288597631203e-01
570 9.3125048299465674e-01 3.6437966178454373e-01 -1.3688762718395497e-01 3.4984573043055023e-01
571 9.3304447393860201e-01 3.5976104521284330e-01 -1.3411918445881665e-01 3.4783967184222397e-01
572 7.9255925468370170e-01 6.0979490635394396e-01 -4.0494178438776468e-01 5.2630869080820297e-01
573 4.5592929437133406e-01 8.9001599903263395e-01 -9.8220276197069922e-01 5.0315389013412148e-01
574 8.5921692825909324e-01 5.1161144454850527e-01 -2.7164108367189627e-01 4.5620288597631203e-01
575 9.9356342953867716e-01 1.1327714457622132e-01 -1.2095346082162041e-02 1.0608930495033668e-01
576 1.8692658466063908e-01 9.8237388602665376e-01 -1.3587389955007274e+00 2.5854152221152110e-01
577 2.8569879516800140e-01 -9.5831946575218452e-01 -1.2231480852840484e+00 -3.6465077332371182e-01
578 8.8485473679814264e-01 -4.6586703550035569e-01 -2.2507392063356085e-01 -4.2749907082056998e-01
579 7.9255925468370170e-01 6.0979490635394396e-01 -4.0494178438776468e-01 5.2630869080820297e-01
580 6.9688436076699034e-01 7.1718351048973739e-01 -5.7380941471445912e-01 5.5756832292798353e-01
581 3.1777999342941854e-01 -9.4816447717471397e-01 -1.1816624408259702e+00 -3.9603749319989995e-01
582 8.6759686409271841e-01 4.9726821878789024e-01 -2.6216349114017673e-01 4.5740349815083653e-01
583 5.5433398869988759e-01 8.3229431631609319e-01 -8.1952416224914348e-01 5.4582866756351711e-01
584 4.8702751235832770e-01 -8.7338662813559209e-01 -9.2506668392088409e-01 -5.1584591671308599e-01
585 9.8269637376282670e-01 1.8522374845950745e-01 -3.5003074932465544e-02 1.8570725996403287e-01
586 9.5585747199335702e-01 -2.9383072207389854e-01 -8.8290988854772295e-02 -2.8721843927978125e-01
587 8.6759686409271841e-01 4.9726821878789024e-01 -2.6216349114017673e-01 4.5740349815083653e-01
588 1.0000000000000000e+00 7.8442349775999995e-17 -2.4218510770371802e-33 3.0874280078975438e-17
589 9.8317810678753770e-01 -1.8264941919883876e-01 -3.1555999614104047e-02 -1.6986184842234822e-01
590 5.7067612500357723e-01 8.2117523120884595e-01 -7.8721972142545693e-01 5.4707872701925198e-01
591 2.1958645355634596e-01 9.7559304498061417e-01 -1.3157382331435752e+00 2.9614632239432520e-01
592 9.8269637376282670e-01 -1.8522374845950745e-01 -3.5003074932465544e-02 -1.8570725996403287e-01
593 9.3304447393860201e-01 -3.5976104521284330e-01 -1.3411918445881665e-01 -3.4783967184222397e-01
594 9.8276855074705594e-01 1.8484040592503401e-01 -3.4497657407904461e-02 1.8341883964853922e-01
595 1.0000000000000000e+00 8.4905646461999987e-17 -2.4834217212113629e-33 2.9249193954642732e-17
596 5.4383638329753214e-01 8.3919127033225249e-01 -8.3422824305241339e-01 5.4062010245489900e-01
597 7.4114398078871346e-01 6.7134611024467783e-01 -4.9412655199868405e-01 5.4549942894319337e-01
598 8.2789306424735121e-01 -5.6088597252127026e-01 -3.3832881418478172e-01 -4.9938863230884156e-01
599 9.5289210110379186e-01 3.0330948493906507e-01 -9.4014140096529669e-02 2.9535947914074007e-01
600 9.8140769497974834e-01 1.9193471867939199e-01 -3.8401100272322602e-02 1.9635392472113888e-01
601 6.1752127554063008e-01 7.8655417757117863e-01 -7.1045357303207524e-01 5.5777492401845863e-01
602 8.4754720299070674e-01 -5.3072001912743960e-01 -2.9626809865875092e-01 -4.7313308204660587e-01
603 2.3703934536069010e-01 -9.7150005082396962e-01 -1.2935045649084049e+00 -3.1560623700112278e-01
604 8.6529687761598828e-01 -5.0125972667672136e-01 -2.6477546089615916e-01 -4.5706719967658760e-01
605 8.2110959350117829e-01 -5.7077056288874062e-01 -3.4878209492755596e-01 -5.0175734841160691e-01
606 9.1236887302655090e-01 -4.0936907495835767e-01 -1.7271955515923607e-01 -3.8494345452525774e-01
607 8.4475053146317625e-01 5.3516029336328885e-01 -3.0786305834269151e-01 4.8596184242002982e-01
608 2.8846264090808210e-01 9.5749115129088003e-01 -1.2245557139075987e+00 3.6892098135490342e-01
609 8.5921692825909324e-01 5.1161144454850527e-01 -2.7164108367189627e-01 4.5620288597631209e-01
610 9.8306156154252045e-01 -1.8327565636925536e-01 -3.4035828107358626e-02 -1.8256278542634433e-01
611 1.0000000000000000e+00 6.0974823000000000e-17 -1.3872792639629982e-33 2.2751673489285869e-17
612 2.8846264090808210e-01 9.5749115129088003e-01 -1.2245557139075991e+00 3.6892098135490353e-01
613 2.1958645355634596e-01 9.7559304498061417e-01 -1.3157382331435752e+00 2.9614632239432520e-01
614 8.6529687761598828e-01 -5.0125972667672136e-01 -2.6477546089615916e-01 -4.5706719967658760e-01
615 1.0000000000000000e+00 1.7145055185999999e-16 -1.0031694196188275e-32 5.8510713948472888e-17
616 3.7955963183354818e-01 -9.2516727454141034e-01 -1.0943104332687348e+00 -4.4895239660198361e-01
617 2.8569879516800140e-01 9.5831946575218452e-01 -1.2231480852840484e+00 3.6465077332371182e-01
618 9.9337877306972322e-01 -1.1488521756297129e-01 -1.2197446241577713e-02 -1.0546773935820712e-01
619 6.6589660722345034e-01 7.4604403924185192e-01 -6.2358098060873379e-01 5.5658974199218247e-01
620 4.5592929437133406e-01 -8.9001599903263395e-01 -9.8220276197069922e-01 -5.0315389013412148e-01
621 3.7081385165773761e-01 -9.2870721296798020e-01 -1.1060077580236189e+00 -4.4160634373173258e-01
622 8.5736796050242614e-01 -5.1470397346815788e-01 -2.8168096092254941e-01 -4.6920996034135037e-01
623 6.1660236162835380e-01 -7.8727474723525637e-01 -7.1251952077939018e-01 -5.5805323460678624e-01
624 2.7324989359695140e-01 -9.6194308337305212e-01 -1.2453011536443861e+00 -3.5374068758444993e-01
625 9.7424597232756138e-01 -2.2548788305255918e-01 -4.9534638434672359e-02 -2.1402002330401426e-01
626 7.4114398078871346e-01 -6.7134611024467783e-01 -4.8890550571413055e-01 -5.3973556591015104e-01
627 8.4754720299070674e-01 -5.3072001912743960e-01 -2.9626809865875098e-01 -4.7313308204660592e-01
628 2.1612770945557114e-01 -9.7636510241071617e-01 -1.3204743552583829e+00 -2.9229956815556501e-01
629 9.8140769497974834e-01 -1.9193471867939199e-01 -3.8401100272322602e-02 -1.9635392472113888e-01
630 6.6031724333641395e-01 7.5098677628344368e-01 -6.4185192748951281e-01 5.6435866619051500e-01
631 6.6589660722345034e-01 -7.4604403924185192e-01 -6.2358098060873379e-01 -5.5658974199218247e-01
632 9.7482291316156178e-01 2.2298046545651967e-01 -4.8982935533002848e-02 2.1414291971149296e-01
633 7.5264542659640754e-01 6.5842604886464784e-01 -4.7451655874963172e-01 5.4241887665746558e-01
634 9.2770713179579878e-01 -3.7330882338248117e-01 -1.4611257427563859e-01 -3.6310333083574908e-01
635 9.5289210110379186e-01 -3.0330948493906507e-01 -9.4014140096529655e-02 -2.9535947914074001e-01
636 7.0387664401903827e-01 -7.1032222969895575e-01 -5.6145059442509737e-01 -5.5635589548410924e-01
637 9.9336572022445258e-01 1.1499802556111373e-01 -1.2975382420318300e-02 1.1208279481544134e-01
638 9.3453410546808924e-01 3.5587358108878819e-01 -1.2649151083410279e-01 3.3217029082347804e-01
639 5.5433398869988759e-01 -8.3229431631609319e-01 -8.1952416224914348e-01 -5.4582866756351711e-01
640 7.7869180516970504e-01 6.2740662457575791e-01 -4.2792217970586455e-01 5.3110611449573419e-01
641 1.0000000000000000e+00 6.0974823000000000e-17 -1.1890965119682846e-33 1.9501434419387894e-17
425 4.5641684930739979e-01 -8.8976607019390574e-01 -9.7572820305573149e-01 -5.0051222128757467e-01
