642 4 BEM3DMeshData
0 -4.9910128172922653e-02 -1.1721722726396488e-01 9.4014140096529669e-02 -2.9535947914074007e-01
1 -1.3783477340439035e-01 -6.2087135804718384e-02 2.4018959432584094e-01 -4.3807980236396438e-01
2 -8.0955911088358812e-02 -9.3844971346094541e-02 1.4611257427563862e-01 -3.6310333083574914e-01
3 -9.5169665136593487e-02 -8.5287812073579244e-02 1.6667030405338312e-01 -3.7889938341944923e-01
4 -1.2911742541992099e-01 -6.6558624244186029e-02 2.2507392063356085e-01 -4.2749907082056998e-01
5 -1.8981173827181533e-01 -4.0827918249867833e-02 3.3832881418478178e-01 -4.9938863230884162e-01
6 -1.9638465904831312e-01 -3.8663111627934170e-02 3.4878209492755585e-01 -5.0175734841160680e-01
7 -2.3913126692855791e-01 -2.6126853406651402e-02 4.2792217970586455e-01 -5.3110611449573419e-01
8 -1.3783477504267674e-01 -6.2087131161601111e-02 2.4018959432584094e-01 -4.3807980236396438e-01
9 -4.5782606736497578e-01 -7.5094733914979443e-03 8.2903337735786020e-01 -5.4416047518293476e-01
10 -5.1441378648809744e-01 -1.2508228454541200e-02 9.2506668392088409e-01 -5.1584591671308599e-01
11 -5.7141942820039793e-01 -2.1067801983023573e-02 1.0256231707880579e+00 -4.8055568483566635e-01
12 -9.3231085529478341e-02 -5.1168635267796836e-01 7.1045357303207524e-01 5.5777492401845863e-01
13 -4.9533141351362026e-02 -4.9026288089058023e-01 5.6145059442509748e-01 5.5635589548410935e-01
14 -1.1759980010596442e-01 -5.1996013503868233e-01 7.8721972142545693e-01 5.4707872701925198e-01
15 -5.5287260033491803e-01 -1.7754634195127315e-02 9.9306091760022830e-01 -4.9335646769050384e-01
16 -4.5283327733891421e-01 -7.1201177234851360e-03 8.1952416224914360e-01 -5.4582866756351711e-01
17 -5.4225804873499095e-01 -1.6235038773472082e-02 9.7572820305573171e-01 -5.0051222128757467e-01
18 -2.7951068259819821e-02 -4.7539673138227639e-01 4.7788633313730866e-01 5.3727627424904156e-01
19 1.7414882954050817e-02 -4.2929221044287014e-01 2.9626809865875092e-01 4.7313308204660587e-01
20 -3.0782312023986628e-02 -4.7746827964710215e-01 4.8890550571413055e-01 5.3973556591015104e-01
21 3.6245619738714076e-02 -2.2681308795343869e-01 2.4173818815267730e-33 -3.3150115962645734e-17
22 5.0419260279444857e-02 -2.6981919666424148e-01 1.2095346082162037e-02 1.0608930495033665e-01
23 5.4581453484717338e-02 -2.9642273887259801e-01 3.1555999614104047e-02 1.6986184842234822e-01
24 -1.2675408746256919e-01 -5.2267329699639187e-01 8.1952416224914360e-01 5.4582866756351711e-01
25 -1.1759982832450434e-01 -5.1996017190074717e-01 7.8721972142545682e-01 5.4707872701925186e-01
26 -1.7903133050396472e-01 -5.3215175531982428e-01 9.7572820305573149e-01 5.0051222128757467e-01
27 3.5983167461131005e-02 -2.2682669403047667e-01 3.3112289616151505e-33 -3.8998925272856974e-17
28 -7.6799512768219187e-03 -1.5832891542115796e-01 3.4497657407904468e-02 -1.8341883964853925e-01
29 -7.9486003559479865e-03 -1.5800273736188689e-01 3.5003074932465544e-02 -1.8570725996403287e-01
30 -6.0777758615450894e-01 -2.8210305275109197e-02 1.0899377942918733e+00 -4.5382887798642202e-01
31 -6.2005027999591322e-01 -3.0933935979723878e-02 1.1104390726839433e+00 -4.4337567731088168e-01
32 -6.9308357911619456e-01 -5.0888931377552397e-02 1.2245557139075991e+00 -3.6892098135490353e-01
33 -1.7692955480912814e-01 -5.3199332333819893e-01 9.6906492104313957e-01 5.0267212642755188e-01
34 -1.2697307611460143e-01 -5.2272672550482491e-01 8.2092873533874944e-01 5.4577390447918939e-01
35 -1.7692954263009386e-01 -5.3199330423015112e-01 9.6906492104313957e-01 5.0267212642755188e-01
36 5.4424134812449620e-02 -2.9721813197289798e-01 3.4035828107358619e-02 1.8256278542634427e-01
37 4.8110642713820401e-02 -3.6597113204624154e-01 1.3289836422742193e-01 3.4293139398804806e-01
38 4.8886677098300607e-02 -3.6348172241305815e-01 1.2649151083410279e-01 3.3217029082347804e-01
39 -9.3231110872053977e-02 -5.1168639383886749e-01 7.1045357303207524e-01 5.5777492401845863e-01
40 -4.9533147265336509e-02 -4.9026293499836909e-01 5.6145059442509748e-01 5.5635589548410935e-01
41 -1.1759984064720402e-01 -5.1996019497617973e-01 7.8721972142545682e-01 5.4707872701925186e-01
42 1.1947667231560630e-02 -1.8415415703101792e-01 1.2975382420318300e-02 -1.1208279481544134e-01
43 -1.8048188845212299e-02 -1.4703026386886101e-01 4.8109510998316778e-02 -2.1614644748618919e-01
44 -6.0003460815842631e-02 -1.0969753890890568e-01 1.0744318662038028e-01 -3.0948665712793688e-01
45 1.2558931810756773e-02 -1.8482844192917544e-01 1.2095346082162043e-02 -1.0608930495033671e-01
46 -6.6704295084328005e-03 -1.5986596476970139e-01 3.1555999614104067e-02 -1.6986184842234833e-01
47 -4.5985625249769881e-02 -1.2064690759794344e-01 8.8290988854772295e-02 -2.8721843927978125e-01
48 3.5925047662148657e-02 -2.2683625396689211e-01 3.2045689798612677e-33 -3.7381845022635455e-17
49 -7.9486012123372446e-03 -1.5800273697768830e-01 3.5003074932465551e-02 -1.8570725996403292e-01
50 3.5983166916047638e-02 -2.2682669504290806e-01 3.0352932148138881e-33 -3.5749014833452228e-17
51 1.2558931678699986e-02 -1.8482844526663092e-01 1.2095346082162041e-02 -1.0608930495033668e-01
52 -1.9825257548729654e-02 -1.4527280474065238e-01 4.8982935533002848e-02 -2.1414291971149296e-01
53 -4.5985626596335254e-02 -1.2064690886904642e-01 8.8290988854772295e-02 -2.8721843927978125e-01
54 -2.7047442542716581e-02 -4.7481216917405683e-01 4.7872446313188677e-01 5.4300198268577637e-01
55 5.7644604833612641e-03 -4.4404720085923072e-01 3.4878209492755596e-01 5.0175734841160691e-01
56 -5.3052044187282085e-02 -4.9236207518857128e-01 5.7380941471445923e-01 5.5756832292798364e-01
57 1.2390083714648541e-02 -1.8459301275158260e-01 1.2690637175514939e-02 -1.1123377968828402e-01
58 5.0246148813147755e-02 -2.7007450322649351e-01 1.2690637175514935e-02 1.1123377968828400e-01
59 3.5990011534038885e-02 -2.2683988943223116e-01 2.9304182319191249e-34 -6.5021507943010014e-18
60 -1.2911742177573335e-01 -6.6558623852072729e-02 2.2507392063356083e-01 -4.2749907082056993e-01
61 -1.8981173709020494e-01 -4.0827919291041972e-02 3.3832881418478178e-01 -4.9938863230884162e-01
62 -2.2555718065637539e-01 -2.9776099692914358e-02 4.0494178438776468e-01 -5.2630869080820297e-01
63 -2.7047443582708375e-02 -4.7481216938953763e-01 4.7872446313188677e-01 5.4300198268577637e-01
64 -6.1442200002170218e-02 -4.9705472399728762e-01 6.0327178246309854e-01 5.5964072451765035e-01
65 -9.3880309799483391e-02 -5.1195769723166840e-01 7.1251952077939029e-01 5.5805323460678635e-01
66 -1.5029915078314460e-01 -5.6545425188930770e-02 2.6477546089615916e-01 -4.5706719967658760e-01
67 -6.0003462692580160e-02 -1.0969753860815304e-01 1.0744318662038024e-01 -3.0948665712793677e-01
68 -9.8490471985418007e-02 -8.3319293345713544e-02 1.7271955515923609e-01 -3.8494345452525786e-01
69 -1.6173186366090450e-01 -5.2981701131604786e-01 9.2290209630794984e-01 5.1585383113520300e-01
70 3.6159797811660670e-02 -2.2681598908153608e-01 3.0591803078364385e-33 -3.8999090626074240e-17
71 5.4424133731267366e-02 -2.9721812760999944e-01 3.4035828107358626e-02 1.8256278542634433e-01
72 -1.9638467913327515e-01 -3.8663109951669210e-02 3.4878209492755585e-01 -5.0175734841160680e-01
73 -2.6732921493243328e-01 -1.9977338528699019e-02 4.7872446313188677e-01 -5.4300198268577637e-01
74 5.1309618996891210e-02 -3.5231785541663907e-01 1.0692964784092698e-01 3.1023550731070487e-01
75 5.4959365292384058e-02 -3.1042336026852846e-01 4.8109510998316785e-02 2.1614644748618922e-01
76 4.0425293455232117e-02 -3.8810380647148129e-01 1.8137938601655881e-01 3.9276566029618670e-01
77 -4.4334834095859471e-01 -6.9114025465769986e-03 7.9796736440312743e-01 -5.4533760324285008e-01
78 -5.1441379850310198e-01 -1.2508229802329487e-02 9.2506668392088409e-01 -5.1584591671308599e-01
79 -5.3872833759200034e-01 -1.5638560394687265e-02 9.6906492104313957e-01 -5.0267212642755188e-01
80 -2.7951065839003430e-02 -4.7539669457528660e-01 4.7788633313730866e-01 5.3727627424904156e-01
81 -7.8811038360739327e-02 -5.0570016224318937e-01 6.6350479162267506e-01 5.6165941423120935e-01
82 -2.0552280413896364e-02 -1.4471893831201277e-01 4.9534638434672359e-02 -2.1402002330401426e-01
83 -4.9910143654359265e-02 -1.1721722743249988e-01 9.4014140096529683e-02 -2.9535947914074012e-01
84 1.2139910063005372e-02 -1.8434997510156939e-01 1.2197446241577715e-02 -1.0546773935820715e-01
85 -1.4819990977717212e-01 -5.7357921690255831e-02 2.6216349114017673e-01 -4.5740349815083653e-01
86 -1.8981173171303128e-01 -4.0827915831320588e-02 3.3832881418478183e-01 -4.9938863230884173e-01
87 -2.6489231691080711e-01 -2.0505203057877314e-02 4.7451655874963172e-01 -5.4241887665746558e-01
88 -1.6173183064227423e-01 -5.2981693833813015e-01 9.2290209630794984e-01 5.1585383113520300e-01
89 -1.2954782931391298e-01 -5.2334497665218516e-01 8.2903337735786020e-01 5.4416047518293476e-01
90 -1.9648067889302709e-01 -5.3362904259173016e-01 1.0256231707880581e+00 4.8055568483566641e-01
91 -1.5881783441274916e-01 -5.2847302375320537e-02 2.8168096092254935e-01 -4.6920996034135021e-01
92 -2.5265849695901038e-01 -2.3170549469397506e-02 4.5095238094450224e-01 -5.3538953095443909e-01
93 -1.5650794767526521e-01 -5.4069493417133394e-02 2.7164108367189627e-01 -4.5620288597631203e-01
94 -3.1068075969404824e-01 -5.2490724057902460e-01 1.3204743552583829e+00 2.9229956815556501e-01
95 -2.7332885998875811e-01 -5.3107753143707026e-01 1.2303750464655392e+00 3.6455427705866850e-01
96 -2.7927591174886418e-01 -5.3028833677881382e-01 1.2453011536443863e+00 3.5374068758444999e-01
97 -3.1289785842295775e-02 -4.7818434924838360e-01 4.9412655199868405e-01 5.4549942894319337e-01
98 -7.5981920211461898e-02 -5.0435817534481231e-01 6.4887478919325037e-01 5.5648375281561657e-01
99 -7.5981918790678935e-02 -5.0435818167365143e-01 6.4887478919325037e-01 5.5648375281561657e-01
100 -6.3373641943234205e-01 -3.4373548868471535e-02 1.1296384661512791e+00 -4.2915072520669906e-01
101 5.0312950983729093e-02 -2.7059886178459619e-01 1.2975382420318300e-02 1.1208279481544134e-01
102 5.4959359999977454e-02 -3.1042336204281490e-01 4.8109510998316785e-02 2.1614644748618922e-01
103 5.1205990416024923e-02 -3.5275066619381867e-01 1.0744318662038028e-01 3.0948665712793688e-01
104 5.5155327251059649e-02 -3.1235368163513494e-01 4.8982935533002848e-02 2.1414291971149296e-01
105 5.1309615621724675e-02 -3.5231782279520663e-01 1.0692964784092696e-01 3.1023550731070476e-01
106 5.0246153196172691e-02 -2.7007449938932937e-01 1.2690637175514935e-02 1.1123377968828400e-01
107 -7.5712039244360596e-01 -7.2887421590996426e-02 1.3204743552583829e+00 -2.9229956815556501e-01
108 -6.9707551128239176e-01 -5.2161604549657389e-02 1.2303750464655392e+00 -3.6455427705866850e-01
109 -7.0667026753067241e-01 -5.5228001988524844e-02 1.2453011536443861e+00 -3.5374068758444993e-01
110 2.2332510738446019e-02 -4.2230327173560617e-01 2.7164108367189627e-01 4.5620288597631203e-01
111 4.8110639305877716e-02 -3.6597111785167369e-01 1.3289836422742188e-01 3.4293139398804795e-01
112 2.1278702327565964e-02 -4.2386965402550464e-01 2.8168096092254946e-01 4.6920996034135043e-01
113 1.2390086256988042e-02 -1.8459302134491198e-01 1.2690637175514935e-02 -1.1123377968828400e-01
114 -1.8048162906348517e-02 -1.4703026834874069e-01 4.8109510998316785e-02 -2.1614644748618922e-01
115 3.5990034614778912e-02 -2.2684021221022346e-01 7.3260455797978137e-34 -1.6255376985752507e-17
116 -7.1676382309111955e-02 -5.0241258013274637e-01 6.4185192748951281e-01 5.6435866619051500e-01
117 -7.8811040970009849e-02 -5.0570016978370513e-01 6.6350479162267506e-01 5.6165941423120935e-01
118 -1.2690341487918227e-01 -5.2285293966517843e-01 8.2271700875432041e-01 5.4839327977941210e-01
119 4.2947006422933379e-02 -3.8190145270108106e-01 1.6667030405338312e-01 3.7889938341944923e-01
120 2.5263025882295193e-02 -4.1769435927186693e-01 2.6216349114017673e-01 4.5740349815083653e-01
121 -7.5981926726228874e-02 -5.0435818175029301e-01 6.4887478919325037e-01 5.5648375281561657e-01
122 -7.5981925305446854e-02 -5.0435818807913202e-01 6.4887478919325037e-01 5.5648375281561657e-01
123 -1.2697308960924467e-01 -5.2272674443022404e-01 8.2092873533874944e-01 5.4577390447918939e-01
124 3.6245629060740900e-02 -2.2681312332249656e-01 2.4173818815267730e-33 -3.3150115962645734e-17
125 5.0419266426027794e-02 -2.6981920111192553e-01 1.2095346082162039e-02 1.0608930495033667e-01
126 1.2558938418792034e-02 -1.8482844994131228e-01 1.2095346082162041e-02 -1.0608930495033668e-01
127 -1.4330722808239887e-03 -4.5182573923011826e-01 3.7600476842715758e-01 5.0969429356249707e-01
128 -2.5845526640702585e-02 -4.7390821591637317e-01 4.7451655874963161e-01 5.4241887665746547e-01
129 -6.1442194395184911e-02 -4.9705474013124518e-01 6.0327178246309854e-01 5.5964072451765035e-01
130 5.1205992499200437e-02 -3.5275066611485645e-01 1.0744318662038026e-01 3.0948665712793677e-01
131 2.4519922116591042e-02 -4.1882284584443630e-01 2.6477546089615916e-01 4.5706719967658765e-01
132 -5.3052053718465511e-02 -4.9236205245199710e-01 5.7380941471445923e-01 5.5756832292798364e-01
133 -2.7047438980593294e-02 -4.7481212608733486e-01 4.7872446313188677e-01 5.4300198268577637e-01
134 -9.3880309145552177e-02 -5.1195769114977996e-01 7.1251952077939029e-01 5.5805323460678635e-01
135 3.6055435001068399e-02 -2.2682127471173893e-01 3.0820677579596620e-33 -3.7375417080889808e-17
136 3.6159797301922258e-02 -2.2681599187617529e-01 2.5493169231970320e-33 -3.2499242188395202e-17
137 5.4424133340614723e-02 -2.9721813246887546e-01 3.4035828107358626e-02 1.8256278542634433e-01
138 4.1980097003702900e-02 -3.8433924975336992e-01 1.7271955515923607e-01 3.8494345452525774e-01
139 5.7644588973894146e-03 -4.4404720083928517e-01 3.4878209492755585e-01 5.0175734841160680e-01
140 2.9132485012685987e-02 -4.1135807478011704e-01 2.4018959432584092e-01 4.3807980236396432e-01
141 -2.2555720214136579e-01 -2.9776109391827461e-02 4.0494178438776468e-01 -5.2630869080820297e-01
142 -3.1205832582641968e-01 -1.2596441497530846e-02 5.6145059442509748e-01 -5.5635589548410935e-01
143 -2.1852986662923962e-01 -5.3447636651316577e-01 1.0899377942918733e+00 4.5382887798642202e-01
144 -1.9648068077075312e-01 -5.3362905540743288e-01 1.0256231707880579e+00 4.8055568483566635e-01
145 -2.5468031204573255e-01 -5.3298161646401898e-01 1.1816624408259702e+00 3.9603749319989995e-01
146 -1.1759981242866295e-01 -5.1996015811411322e-01 7.8721972142545693e-01 5.4707872701925198e-01
147 -4.9533158300136382e-02 -4.9026288458141215e-01 5.6145059442509737e-01 5.5635589548410924e-01
148 -9.3231125490335076e-02 -5.1168641611331034e-01 7.1045357303207535e-01 5.5777492401845863e-01
149 -1.6248896628859164e-01 -5.2999773321521204e-01 9.2506668392088409e-01 5.1584591671308599e-01
150 -2.1852984720881566e-01 -5.3447629213694448e-01 1.0899377942918733e+00 4.5382887798642202e-01
151 5.0246155216610376e-02 -2.7007450121843057e-01 1.2690637175514935e-02 1.1123377968828400e-01
152 3.5990024178960231e-02 -2.2683988810204106e-01 7.3260455797978137e-34 -1.6255376985752507e-17
153 -1.0370362025662076e-01 -8.0309963445613572e-02 1.8137938601655884e-01 -3.9276566029618676e-01
154 -1.8048193098109962e-02 -1.4703026588367979e-01 4.8109510998316778e-02 -2.1614644748618919e-01
155 -4.6255199769730276e-01 -7.5379476463474709e-03 8.3422824305241339e-01 -5.4062010245489900e-01
156 -3.6711396810358354e-01 -7.3285711853547054e-03 6.6350479162267506e-01 -5.6165941423120935e-01
157 -4.5285330968271542e-01 -6.8714885342939409e-03 8.2271700875432030e-01 -5.4839327977941199e-01
158 -4.5985626134552982e-02 -1.2064691094485556e-01 8.8290988854772295e-02 -2.8721843927978125e-01
159 -9.5169662552485962e-02 -8.5287812105577523e-02 1.6667030405338315e-01 -3.7889938341944929e-01
160 -7.0667027959736339e-01 -5.5228002992661708e-02 1.2453011536443861e+00 -3.5374068758444993e-01
161 -7.5168724625830030e-01 -7.0916020603237678e-02 1.3105686704353017e+00 -2.9869189283938663e-01
162 -6.9545439732667536e-01 -5.1743742414685177e-02 1.2231480852840484e+00 -3.6465077332371182e-01
163 -3.6219597308232132e-01 -7.7913858522501026e-03 6.4887478919325037e-01 -5.5648375281561657e-01
164 -3.6219597449848101e-01 -7.7913811788795318e-03 6.4887478919325037e-01 -5.5648375281561657e-01
165 -4.5336922770408200e-01 -7.2082599816940957e-03 8.2092873533874944e-01 -5.4577390447918939e-01
166 -1.2954782274356622e-01 -5.2334496326619495e-01 8.2903337735786020e-01 5.4416047518293476e-01
167 -2.7079845861794660e-01 -5.3147396874311348e-01 1.2245557139075991e+00 3.6892098135490353e-01
168 5.1309612800088215e-02 -3.5231782418575325e-01 1.0692964784092698e-01 3.1023550731070487e-01
169 5.0246146792709709e-02 -2.7007450139739264e-01 1.2690637175514935e-02 1.1123377968828400e-01
170 5.4959353452789961e-02 -3.1042328913410594e-01 4.8109510998316778e-02 2.1614644748618919e-01
171 -1.3547273244309236e-02 -4.6374192821382054e-01 4.2792217970586444e-01 5.3110611449573397e-01
172 5.4581451974307860e-02 -2.9642273926795382e-01 3.1555999614104047e-02 1.6986184842234822e-01
173 5.0419266039762760e-02 -2.6981920443846025e-01 1.2095346082162037e-02 1.0608930495033665e-01
174 5.3482776852849433e-02 -3.4000715367546125e-01 8.8290988854772295e-02 2.8721843927978125e-01
175 -5.3052046865118697e-02 -4.9236207673042598e-01 5.7380941471445923e-01 5.5756832292798364e-01
176 -1.2911739554580307e-01 -6.6558665005293824e-02 2.2507392063356083e-01 -4.2749907082056993e-01
177 -9.5169664474181320e-02 -8.5287816427898372e-02 1.6667030405338318e-01 -3.7889938341944934e-01
178 -4.5283330140864164e-01 -7.1201170588777634e-03 8.1952416224914348e-01 -5.4582866756351711e-01
179 -4.5285333630670888e-01 -6.8714901139031526e-03 8.2271700875432041e-01 -5.4839327977941210e-01
180 -5.5287268980829651e-01 -1.7754644865758600e-02 9.9306091760022830e-01 -4.9335646769050384e-01
181 -1.9862519835423580e-02 -4.6908391993670906e-01 4.5095238094450230e-01 5.3538953095443920e-01
182 -7.1676380391799077e-02 -5.0241257684140361e-01 6.4185192748951281e-01 5.6435866619051500e-01
183 -2.7951067591525762e-02 -4.7539672878700667e-01 4.7788633313730866e-01 5.3727627424904156e-01
184 -1.9862519587142316e-02 -4.6908390978196612e-01 4.5095238094450224e-01 5.3538953095443909e-01
185 -7.1676378399184934e-02 -5.0241258072896844e-01 6.4185192748951281e-01 5.6435866619051500e-01
186 -6.8379136592076686e-02 -5.0063916736116842e-01 6.2358098060873379e-01 5.5658974199218247e-01
187 -2.2094216203097822e-01 -5.3435878943483051e-01 1.0943104332687348e+00 4.4895239660198361e-01
188 -2.3435136859115124e-01 -5.3414153328681813e-01 1.1296384661512793e+00 4.2915072520669911e-01
189 -2.7332885164859383e-01 -5.3107752035673284e-01 1.2303750464655392e+00 3.6455427705866850e-01
190 3.5983169752644928e-02 -2.2682669402821751e-01 2.6213895946119943e-33 -3.0874149174345108e-17
191 5.4355249619907994e-02 -2.9804920795951134e-01 3.4497657407904461e-02 1.8341883964853922e-01
192 3.6055436280660533e-02 -2.2682127221349865e-01 2.5460559739666776e-33 -3.0875344545082888e-17
193 -6.3641640689985512e-01 -3.5002821491240961e-02 1.1328123820901272e+00 -4.2625835074894969e-01
194 2.2332511342096583e-02 -4.2230327063699102e-01 2.7164108367189627e-01 4.5620288597631203e-01
195 -7.2336958006705759e-03 -4.5781757306604748e-01 4.0494178438776468e-01 5.2630869080820297e-01
196 -1.9862519468958999e-02 -4.6908391038010822e-01 4.5095238094450230e-01 5.3538953095443920e-01
197 -7.4704193139221484e-02 -9.8503467059171998e-02 1.3411918445881665e-01 -3.4783967184222397e-01
198 -1.6879745186247966e-01 -4.9055819534552125e-02 2.9626809865875092e-01 -4.7313308204660587e-01
199 4.2947006925737864e-02 -3.8190145926739111e-01 1.6667030405338315e-01 3.7889938341944929e-01
200 2.5263024087350296e-02 -4.1769435869078170e-01 2.6216349114017679e-01 4.5740349815083658e-01
201 -1.8543969007393990e-01 -5.3286210111261167e-01 9.9306091760022830e-01 4.9335646769050384e-01
202 -2.3435137621123547e-01 -5.3414155735633551e-01 1.1296384661512791e+00 4.2915072520669906e-01
203 -2.3600511718018147e-01 -5.3410706221153181e-01 1.1328123820901272e+00 4.2625835074894969e-01
204 -9.3880307401673899e-02 -5.1195769486452292e-01 7.1251952077938996e-01 5.5805323460678624e-01
205 -1.2117887643471760e-01 -5.2103996399360208e-01 7.9796736440312743e-01 5.4533760324285008e-01
206 3.6055427671384664e-02 -2.2682117493733614e-01 3.0820677579596620e-33 -3.7375417080889808e-17
207 -1.4330733900023522e-03 -4.5182571370853619e-01 3.7600476842715758e-01 5.0969429356249707e-01
208 -2.1292674848934084e-01 -3.3674888042805856e-02 3.7600476842715758e-01 -5.0969429356249707e-01
209 -2.6732922040437423e-01 -1.9977268611846677e-02 4.7872446313188677e-01 -5.4300198268577637e-01
210 -3.3481525324743516e-01 -9.9616349655078582e-03 6.0327178246309854e-01 -5.5964072451765035e-01
211 -6.8379131599552528e-02 -5.0063915999846575e-01 6.2358098060873368e-01 5.5658974199218236e-01
212 -1.2675408820664208e-01 -5.2267329825124675e-01 8.1952416224914348e-01 5.4582866756351711e-01
213 -2.9909350059473694e-01 -5.2718827370015342e-01 1.2935045649084049e+00 3.1560623700112278e-01
214 -3.1068076481212459e-01 -5.2490725826075313e-01 1.3204743552583829e+00 2.9229956815556501e-01
215 -3.2675506961151929e-01 -5.2136466563626960e-01 1.3587389955007274e+00 2.5854152221152110e-01
216 5.4959358745196550e-02 -3.1042328735981939e-01 4.8109510998316778e-02 2.1614644748618919e-01
217 4.0425292915313264e-02 -3.8810377081804176e-01 1.8137938601655881e-01 3.9276566029618670e-01
218 5.1205992838764244e-02 -3.5275066594164051e-01 1.0744318662038026e-01 3.0948665712793677e-01
219 -3.3481524832630249e-01 -9.9616332979542612e-03 6.0327178246309854e-01 -5.5964072451765035e-01
220 -4.5782608312274969e-01 -7.5094759352613751e-03 8.2903337735786020e-01 -5.4416047518293476e-01
221 -3.9471059425760080e-01 -6.3943724323828281e-03 7.1251952077939018e-01 -5.5805323460678624e-01
222 5.5155327639286530e-02 -3.1235369490572140e-01 4.8982935533002848e-02 2.1414291971149296e-01
223 4.2947005393742139e-02 -3.8190145573678874e-01 1.6667030405338318e-01 3.7889938341944934e-01
224 -2.0552278890381342e-02 -1.4471893900458871e-01 4.9534638434672366e-02 -2.1402002330401432e-01
225 3.5997636371856184e-02 -2.2685347311862653e-01 1.4855342395348149e-34 -6.5047691737172570e-18
226 1.2139911972258326e-02 -1.8434997552648466e-01 1.2197446241577719e-02 -1.0546773935820719e-01
227 3.6159797349446639e-02 -2.2681598887429905e-01 2.8042486155167351e-33 -3.5749166407234724e-17
228 -6.6704299685017496e-03 -1.5986596573904638e-01 3.1555999614104061e-02 -1.6986184842234830e-01
229 -7.0702763270449409e-03 -1.5910087061490230e-01 3.4035828107358633e-02 -1.8256278542634435e-01
230 -6.6696757635869108e-01 -4.3231865969338937e-02 1.1816624408259702e+00 -3.9603749319989995e-01
231 -6.9308357999823378e-01 -5.0888930930766803e-02 1.2245557139075991e+00 -3.6892098135490353e-01
232 -7.3860521515906874e-01 -6.6092464281578570e-02 1.2935045649084049e+00 -3.1560623700112278e-01
233 -1.5029914865985225e-01 -5.6545425247581278e-02 2.6477546089615916e-01 -4.5706719967658760e-01
234 -9.8490455623749529e-02 -8.3319298897305674e-02 1.7271955515923604e-01 -3.8494345452525769e-01
235 -1.9638465817344988e-01 -3.8663112101357422e-02 3.4878209492755591e-01 -5.0175734841160691e-01
236 -5.5287258493384250e-01 -1.7754635432038823e-02 9.9306091760022819e-01 -4.9335646769050379e-01
237 -6.3641640725711057e-01 -3.5002821453078696e-02 1.1328123820901272e+00 -4.2625835074894969e-01
238 -6.3373642163193467e-01 -3.4373549209218569e-02 1.1296384661512791e+00 -4.2915072520669906e-01
239 -3.2675506998842441e-01 -5.2136466435463991e-01 1.3587389955007274e+00 2.5854152221152110e-01
240 -3.2889777036175727e-01 -5.2079987193841104e-01 1.3621940201893381e+00 2.5376749812552601e-01
241 -3.3616128578033261e-01 -5.1900063732881441e-01 1.3796296219838442e+00 2.3795400006033743e-01
242 -1.8981173289464154e-01 -4.0827914790147947e-02 3.3832881418478178e-01 -4.9938863230884162e-01
243 -1.2117887959617739e-01 -5.2103995984683726e-01 7.9796736440312743e-01 5.4533760324285008e-01
244 -5.1441370351778926e-01 -1.2508222007544367e-02 9.2506668392088409e-01 -5.1584591671308599e-01
245 -5.7141937212424199e-01 -2.1067798223938332e-02 1.0256231707880581e+00 -4.8055568483566641e-01
246 -6.0777778993702214e-01 -2.8210324034424639e-02 1.0899377942918733e+00 -4.5382887798642202e-01
247 -7.1676380316498325e-02 -5.0241258402031452e-01 6.4185192748951281e-01 5.6435866619051500e-01
248 -3.3481526226851871e-01 -9.9616203012286211e-03 6.0327178246309854e-01 -5.5964072451765035e-01
249 -3.9364564417907805e-01 -6.5309358275298110e-03 7.1045357303207535e-01 -5.5777492401845863e-01
250 -4.5782614292848706e-01 -7.5094808677077527e-03 8.2903337735786020e-01 -5.4416047518293476e-01
251 3.2314940148702932e-02 -4.0559759395381578e-01 2.2507392063356085e-01 4.2749907082056998e-01
252 -1.7987066501360580e-01 -5.3249201007398861e-01 9.8220276197069933e-01 5.0315389013412148e-01
253 -2.3600511726139450e-01 -5.3410706353567405e-01 1.1328123820901277e+00 4.2625835074894980e-01
254 -2.2591323940763702e-01 -5.3442488988977954e-01 1.1060077580236189e+00 4.4160634373173258e-01
255 -7.0702750086843033e-03 -1.5910087197921804e-01 3.4035828107358626e-02 -1.8256278542634433e-01
256 -6.6704292689756407e-03 -1.5986596573622242e-01 3.1555999614104061e-02 -1.6986184842234830e-01
257 -7.2376920769661207e-02 -1.0058666011145449e-01 1.2649151083410279e-01 -3.3217029082347804e-01
258 -1.2117889363698904e-01 -5.2103998771324866e-01 7.9796736440312743e-01 5.4533760324285008e-01
259 -1.6173188411157821e-01 -5.2981704343463154e-01 9.2290209630794984e-01 5.1585383113520300e-01
260 -9.3231070911197880e-02 -5.1168633040352507e-01 7.1045357303207535e-01 5.5777492401845863e-01
261 -1.2954785420648840e-01 -5.2334501482522311e-01 8.2903337735786020e-01 5.4416047518293476e-01
262 5.5105132483949069e-02 -3.1302004514477250e-01 4.9534638434672359e-02 2.1402002330401426e-01
263 5.0390281633106875e-02 -2.7035739536538944e-01 1.2197446241577715e-02 1.0546773935820715e-01
264 5.2789738116952298e-02 -3.4391311178843109e-01 9.4014140096529655e-02 2.9535947914074001e-01
265 -6.0003462765781564e-02 -1.0969753759175203e-01 1.0744318662038024e-01 -3.0948665712793677e-01
266 -1.5029915080708389e-01 -5.6545424767026474e-02 2.6477546089615916e-01 -4.5706719967658760e-01
267 -9.8490457106076693e-02 -8.3319298423881333e-02 1.7271955515923607e-01 -3.8494345452525774e-01
268 3.6245623926708291e-02 -2.2681311956701128e-01 2.4173818815267730e-33 -3.3150115962645734e-17
269 -3.2889777167456702e-01 -5.2079987483852808e-01 1.3621940201893381e+00 2.5376749812552601e-01
270 -1.9638467825841094e-01 -3.8663110425091830e-02 3.4878209492755585e-01 -5.0175734841160680e-01
271 -3.1879449432948348e-01 -1.1664986538175239e-02 5.7380941471445923e-01 -5.5756832292798364e-01
272 -2.3913126423834058e-01 -2.6126853684296274e-02 4.2792217970586444e-01 -5.3110611449573397e-01
273 -1.7903136608968653e-01 -5.3215181255177801e-01 9.7572820305573149e-01 5.0051222128757467e-01
274 -2.2094216237628705e-01 -5.3435878831183492e-01 1.0943104332687348e+00 4.4895239660198366e-01
275 -2.7531221366209496e-01 -1.8819694633570801e-02 4.8890550571413055e-01 -5.3973556591015104e-01
276 -2.6950832524886698e-01 -1.9847861931585033e-02 4.7788633313730855e-01 -5.3727627424904145e-01
277 3.6245614604681294e-02 -2.2681308419795410e-01 2.4173818815267730e-33 -3.3150115962645734e-17
278 5.0419259893179309e-02 -2.6981919999077703e-01 1.2095346082162037e-02 1.0608930495033665e-01
279 -7.2376922863825938e-02 -1.0058666015691360e-01 1.2649151083410279e-01 -3.3217029082347804e-01
280 -1.5650794856479114e-01 -5.4069493365386953e-02 2.7164108367189627e-01 -4.5620288597631203e-01
281 -2.1292674023203667e-01 -3.3674887422643587e-02 3.7600476842715758e-01 -5.0969429356249707e-01
282 -2.6732921520309244e-01 -1.9977338227647148e-02 4.7872446313188677e-01 -5.4300198268577637e-01
283 -3.2675507034446499e-01 -5.2136466552333671e-01 1.3587389955007274e+00 2.5854152221152110e-01
284 -3.0855541878881382e-01 -5.2540352830553450e-01 1.3157382331435752e+00 2.9614632239432520e-01
285 -7.8282035089193547e-01 -8.2865641165836695e-02 1.3587389955007274e+00 -2.5854152221152110e-01
286 -7.8620618554175004e-01 -8.4258353235079492e-02 1.3621940201893381e+00 -2.5376749812552601e-01
287 -7.9778229237048925e-01 -8.9000247249321499e-02 1.3796296219838442e+00 -2.3795400006033743e-01
288 5.4355247929010475e-02 -2.9804920889514464e-01 3.4497657407904461e-02 1.8341883964853922e-01
289 4.8110639788774133e-02 -3.6597111743879679e-01 1.3289836422742191e-01 3.4293139398804801e-01
290 4.8044874055721394e-02 -3.6586232868729995e-01 1.3411918445881665e-01 3.4783967184222397e-01
291 5.4581452483972878e-02 -2.9642273916921497e-01 3.1555999614104047e-02 1.6986184842234822e-01
292 4.8886676049092047e-02 -3.6348172471062906e-01 1.2649151083410279e-01 3.3217029082347804e-01
293 5.3482778106471486e-02 -3.4000715019807193e-01 8.8290988854772282e-02 2.8721843927978113e-01
294 -1.6248900855167944e-01 -5.2999779599302566e-01 9.2506668392088409e-01 5.1584591671308599e-01
295 -2.1852977614175842e-01 -5.3447623518251919e-01 1.0899377942918733e+00 4.5382887798642202e-01
296 -4.4334829889534783e-01 -6.9114062726580621e-03 7.9796736440312743e-01 -5.4533760324285008e-01
297 -5.3872838290380787e-01 -1.5638564180490328e-02 9.6906492104313968e-01 -5.0267212642755188e-01
298 -2.6950830959896199e-01 -1.9847935650092900e-02 4.7788633313730866e-01 -5.3727627424904156e-01
299 -1.6879745213855235e-01 -4.9055819127034765e-02 2.9626809865875092e-01 -4.7313308204660587e-01
300 -2.7531220738528173e-01 -1.8819693169844439e-02 4.8890550571413055e-01 -5.3973556591015104e-01
301 -2.9909353753828266e-01 -5.2718832922328085e-01 1.2935045649084049e+00 3.1560623700112278e-01
302 -3.0855521927681634e-01 -5.2540320672530993e-01 1.3157382331435754e+00 2.9614632239432526e-01
303 -3.2675506925547887e-01 -5.2136466446757235e-01 1.3587389955007274e+00 2.5854152221152110e-01
304 4.0425290334834857e-02 -3.8810377136817342e-01 1.8137938601655884e-01 3.9276566029618676e-01
305 5.1205990755588911e-02 -3.5275066602060079e-01 1.0744318662038023e-01 3.0948665712793672e-01
306 -5.9334287703495643e-02 -1.1001624766895102e-01 1.0692964784092698e-01 -3.1023550731070487e-01
307 -1.0370360482939964e-01 -8.0309959084393312e-02 1.8137938601655879e-01 -3.9276566029618665e-01
308 -6.1442202104502547e-02 -4.9705472633924513e-01 6.0327178246309854e-01 5.5964072451765035e-01
309 -1.3240015089018425e-01 -5.2418333849985643e-01 8.3422824305241328e-01 5.4062010245489889e-01
310 -1.2690340234850248e-01 -5.2285292475187828e-01 8.2271700875432041e-01 5.4839327977941210e-01
311 5.5155324454071633e-02 -3.1235370180677008e-01 4.8982935533002848e-02 2.1414291971149296e-01
312 -7.2336924830352879e-03 -4.5781762808099058e-01 4.0494178438776468e-01 5.2630869080820297e-01
313 -2.5468031269924596e-01 -5.3298161762517871e-01 1.1816624408259704e+00 3.9603749319990000e-01
314 -2.7332887690750018e-01 -5.3107755731824302e-01 1.2303750464655392e+00 3.6455427705866850e-01
315 -6.0003460889043979e-02 -1.0969753789250586e-01 1.0744318662038026e-01 -3.0948665712793677e-01
316 -1.8048158653451524e-02 -1.4703026633392272e-01 4.8109510998316778e-02 -2.1614644748618919e-01
317 1.1947667949386157e-02 -1.8415415756897899e-01 1.2975382420318300e-02 -1.1208279481544134e-01
318 -5.5287267440721743e-01 -1.7754646102669757e-02 9.9306091760022830e-01 -4.9335646769050384e-01
319 -6.3373644420063491e-01 -3.4373548793166564e-02 1.1296384661512793e+00 -4.2915072520669911e-01
320 -6.3641640657884357e-01 -3.5002821111051588e-02 1.1328123820901272e+00 -4.2625835074894969e-01
321 -5.7141936001375504e-01 -2.1067796585340384e-02 1.0256231707880581e+00 -4.8055568483566641e-01
322 -6.6696757589140110e-01 -4.3231866483960019e-02 1.1816624408259702e+00 -3.9603749319989995e-01
323 -6.1178761223487099e-01 -2.9224355465322784e-02 1.0943104332687348e+00 -4.4895239660198361e-01
324 -5.4225825862173960e-01 -1.6235054343910451e-02 9.7572820305573149e-01 -5.0051222128757467e-01
325 -6.3373644200103674e-01 -3.4373548452419876e-02 1.1296384661512791e+00 -4.2915072520669906e-01
326 -6.1178761100007251e-01 -2.9224355059963077e-02 1.0943104332687346e+00 -4.4895239660198349e-01
327 -7.5096330913890008e-02 -9.8445301539250185e-02 1.3289836422742191e-01 -3.4293139398804801e-01
328 -7.4704187883275042e-02 -9.8503498919938384e-02 1.3411918445881665e-01 -3.4783967184222397e-01
329 -2.6950832388512064e-01 -1.9847860174919310e-02 4.7788633313730866e-01 -5.3727627424904156e-01
330 -1.5881783470415733e-01 -5.2847301823716705e-02 2.8168096092254946e-01 -4.6920996034135043e-01
331 -2.5265849733267587e-01 -2.3170548889523926e-02 4.5095238094450224e-01 -5.3538953095443909e-01
332 3.5997636124587291e-02 -2.2685347096467609e-01 2.9710684790696298e-34 -1.3009538347434514e-17
333 -5.4329483557149760e-01 -1.5984667283504304e-02 9.8220276197069933e-01 -5.0315389013412148e-01
334 -6.1982387808755157e-01 -3.0900950252733556e-02 1.1060077580236189e+00 -4.4160634373173258e-01
335 -5.1322058673573212e-01 -1.2484303585140764e-02 9.2290209630794984e-01 -5.1585383113520300e-01
336 -1.5881783437445759e-01 -5.2847301118078505e-02 2.8168096092254941e-01 -4.6920996034135037e-01
337 -7.4704187810818334e-02 -9.8503498614057064e-02 1.3411918445881668e-01 -3.4783967184222409e-01
338 -5.4329486691073647e-01 -1.5984668627772581e-02 9.8220276197069933e-01 -5.0315389013412148e-01
339 4.1980098672659880e-02 -3.8433924964832117e-01 1.7271955515923609e-01 3.8494345452525786e-01
340 -2.2601884059155483e-01 -5.3449686683596609e-01 1.1104390726839433e+00 4.4337567731088168e-01
341 -2.1852975672133187e-01 -5.3447616080629423e-01 1.0899377942918733e+00 4.5382887798642202e-01
342 -2.7079845752379872e-01 -5.3147396804664337e-01 1.2245557139075991e+00 3.6892098135490353e-01
343 -2.6489231892926207e-01 -2.0505207424684351e-02 4.7451655874963161e-01 -5.4241887665746547e-01
344 -2.1292674513058821e-01 -3.3674887171387058e-02 3.7600476842715763e-01 -5.0969429356249718e-01
345 -3.3481525734738427e-01 -9.9616186336738757e-03 6.0327178246309865e-01 -5.5964072451765046e-01
346 -7.0702757365196170e-03 -1.5910087325834471e-01 3.4035828107358626e-02 -1.8256278542634433e-01
347 -6.6704297290444371e-03 -1.5986596670556594e-01 3.1555999614104067e-02 -1.6986184842234833e-01
348 -4.4334833529357265e-01 -6.9114092297305153e-03 7.9796736440312743e-01 -5.4533760324285008e-01
349 -1.8543965185153460e-01 -5.3286204602450715e-01 9.9306091760022830e-01 4.9335646769050384e-01
350 -1.7987068006963886e-01 -5.3249202700259035e-01 9.8220276197069933e-01 5.0315389013412148e-01
351 -2.3600511696284379e-01 -5.3410706351732284e-01 1.1328123820901272e+00 4.2625835074894969e-01
352 -1.4819990864492066e-01 -5.7357922552624528e-02 2.6216349114017673e-01 -4.5740349815083653e-01
353 5.7644637011487294e-03 -4.4404717553855211e-01 3.4878209492755596e-01 5.0175734841160691e-01
354 4.1980093158658680e-02 -3.8433921234516272e-01 1.7271955515923601e-01 3.8494345452525763e-01
355 2.9132485396599871e-02 -4.1135807239835481e-01 2.4018959432584092e-01 4.3807980236396432e-01
356 -1.3783477391797491e-01 -6.2087131271175183e-02 2.4018959432584094e-01 -4.3807980236396438e-01
357 -1.7215710587771924e-01 -4.6973123780263429e-02 3.0786305834269151e-01 -4.8596184242002982e-01
358 2.2332511552862425e-02 -4.2230326998743284e-01 2.7164108367189627e-01 4.5620288597631203e-01
359 -6.8379136230402496e-02 -5.0063916652069063e-01 6.2358098060873379e-01 5.5658974199218247e-01
360 -2.0552260366376186e-02 -1.4471877513922290e-01 4.9534638434672359e-02 -2.1402002330401426e-01
361 -7.5096330690144097e-02 -9.8445300878846440e-02 1.3289836422742191e-01 -3.4293139398804801e-01
362 -1.3547274684828975e-02 -4.6374192680245324e-01 4.2792217970586444e-01 5.3110611449573397e-01
363 -3.1289794424868629e-02 -4.7818436276405946e-01 4.9412655199868405e-01 5.4549942894319337e-01
364 -4.3709663518139230e-01 -6.7801869414152996e-03 7.8721972142545693e-01 -5.4707872701925198e-01
365 -3.9364567883534279e-01 -6.5309417366940783e-03 7.1045357303207535e-01 -5.5777492401845863e-01
366 -9.8037585884852320e-03 -1.5559927783607783e-01 3.8401100272322602e-02 -1.9635392472113888e-01
367 3.6104820863372342e-02 -2.2682702053257625e-01 0.0000000000000000e+00 6.5011904387192100e-18
368 -5.3872836513517908e-01 -1.5638563511953398e-02 9.6906492104313968e-01 -5.0267212642755188e-01
369 -6.9707556463549758e-01 -5.2161606726509921e-02 1.2303750464655392e+00 -3.6455427705866850e-01
370 -1.3547275194294646e-02 -4.6374192826158483e-01 4.2792217970586444e-01 5.3110611449573397e-01
371 -5.3052056396302373e-02 -4.9236205399385385e-01 5.7380941471445923e-01 5.5756832292798364e-01
372 -1.5029914863591257e-01 -5.6545425669486275e-02 2.6477546089615916e-01 -4.5706719967658760e-01
373 -9.8490470503090843e-02 -8.3319293819139398e-02 1.7271955515923609e-01 -3.8494345452525786e-01
374 -7.8811038958499835e-02 -5.0570016468563350e-01 6.6350479162267506e-01 5.6165941423120935e-01
375 -1.2690340808736819e-01 -5.2285292738632860e-01 8.2271700875432041e-01 5.4839327977941210e-01
376 -1.3240014800808278e-01 -5.2418333181967558e-01 8.3422824305241339e-01 5.4062010245489900e-01
377 -3.6711397066071200e-01 -7.3285815912457466e-03 6.6350479162267506e-01 -5.6165941423120935e-01
378 -7.5712037235067564e-01 -7.2887420321429933e-02 1.3204743552583829e+00 -2.9229956815556501e-01
379 -7.5168760502096010e-01 -7.0916064497733591e-02 1.3105686704353017e+00 -2.9869189283938663e-01
380 -7.8620618905529527e-01 -8.4258352567041922e-02 1.3621940201893381e+00 -2.5376749812552601e-01
381 -5.4225818541884152e-01 -1.6235055389143729e-02 9.7572820305573149e-01 -5.0051222128757467e-01
382 -6.1178761430664885e-01 -2.9224355738150645e-02 1.0943104332687348e+00 -4.4895239660198361e-01
383 -2.6950831096270900e-01 -1.9847937406758488e-02 4.7788633313730866e-01 -5.3727627424904156e-01
384 -3.5380707814594226e-01 -8.0768271797535627e-03 6.4185192748951281e-01 -5.6435866619051500e-01
385 -3.6711397538714308e-01 -7.3285835187263202e-03 6.6350479162267506e-01 -5.6165941423120935e-01
386 3.6088671458756473e-02 -2.2682088979644929e-01 1.1890965119682846e-33 -1.9501434419387894e-17
387 5.5155324065844120e-02 -3.1235368853618450e-01 4.8982935533002848e-02 2.1414291971149296e-01
388 5.1309616175254598e-02 -3.5231785680718652e-01 1.0692964784092696e-01 3.1023550731070476e-01
389 -2.0552261889889602e-02 -1.4471877444664594e-01 4.9534638434672359e-02 -2.1402002330401426e-01
390 3.5997633496061388e-02 -2.2685359880642073e-01 1.4855342395348149e-34 -6.5047691737172570e-18
391 1.2139910674723633e-02 -1.8434997453154772e-01 1.2197446241577715e-02 -1.0546773935820715e-01
392 -7.6828222272512944e-02 -9.7137373434029131e-02 1.3688762718395500e-01 -3.4984573043055028e-01
393 -1.6879745162279550e-01 -4.9055820329434438e-02 2.9626809865875092e-01 -4.7313308204660587e-01
394 -2.5845521189661460e-02 -4.7390823297425050e-01 4.7451655874963172e-01 5.4241887665746558e-01
395 2.5263023174819522e-02 -4.1769432879351881e-01 2.6216349114017679e-01 4.5740349815083658e-01
396 -1.2690339555668745e-01 -5.2285291247302990e-01 8.2271700875432008e-01 5.4839327977941188e-01
397 5.5105083743675461e-02 -3.1301972700370118e-01 4.9534638434672359e-02 2.1402002330401426e-01
398 5.2789743117383409e-02 -3.4391309307706591e-01 9.4014140096529669e-02 2.9535947914074007e-01
399 -2.5265850271807194e-01 -2.3170551364277557e-02 4.5095238094450230e-01 -5.3538953095443920e-01
400 -1.5881783408304984e-01 -5.2847301669682198e-02 2.8168096092254946e-01 -4.6920996034135043e-01
401 -4.3709669815632629e-01 -6.7801924589577780e-03 7.8721972142545682e-01 -5.4707872701925186e-01
402 -4.5283329947308559e-01 -7.1201197990176414e-03 8.1952416224914360e-01 -5.4582866756351711e-01
403 -2.5468031016390086e-01 -5.3298161543913769e-01 1.1816624408259702e+00 3.9603749319989995e-01
404 -2.7079845845387529e-01 -5.3147396957338566e-01 1.2245557139075991e+00 3.6892098135490353e-01
405 -5.9334290605595481e-02 -1.1001626161608140e-01 1.0692964784092698e-01 -3.1023550731070487e-01
406 -1.0370361772304902e-01 -8.0309963620749880e-02 1.8137938601655881e-01 -3.9276566029618670e-01
407 -2.3435136941700985e-01 -5.3414153522465702e-01 1.1296384661512791e+00 4.2915072520669906e-01
408 -2.7332883472986208e-01 -5.3107749447557995e-01 1.2303750464655392e+00 3.6455427705866850e-01
409 -2.7927590615975068e-01 -5.3028832893844902e-01 1.2453011536443861e+00 3.5374068758444993e-01
410 -1.9825254729589733e-02 -1.4527280033829063e-01 4.8982935533002848e-02 -2.1414291971149296e-01
411 -4.5985627481118514e-02 -1.2064691221595832e-01 8.8290988854772295e-02 -2.8721843927978125e-01
412 -4.4334830456037011e-01 -6.9113995895048637e-03 7.9796736440312743e-01 -5.4533760324285008e-01
413 -5.3872835536062991e-01 -1.5638561063224175e-02 9.6906492104313957e-01 -5.0267212642755188e-01
414 -5.1441371553279336e-01 -1.2508223355332729e-02 9.2506668392088398e-01 -5.1584591671308588e-01
415 -2.3913126530225853e-01 -2.6126853308026044e-02 4.2792217970586455e-01 -5.3110611449573419e-01
416 -3.1879449713425206e-01 -1.1664986427943990e-02 5.7380941471445923e-01 -5.5756832292798364e-01
417 4.0425290874752162e-02 -3.8810380702161179e-01 1.8137938601655881e-01 3.9276566029618670e-01
418 -4.5782615868625925e-01 -7.5094834114697194e-03 8.2903337735786020e-01 -5.4416047518293476e-01
419 -3.9471059130403174e-01 -6.3943731728948860e-03 7.1251952077939018e-01 -5.5805323460678624e-01
420 8.5478763742026804e-03 -4.4083095536824463e-01 3.3832881418478183e-01 4.9938863230884173e-01
421 -2.7927591649936717e-01 -5.3028834407460268e-01 1.2453011536443861e+00 3.5374068758444993e-01
422 -3.1068075929760436e-01 -5.2490723895866753e-01 1.3204743552583829e+00 2.9229956815556501e-01
423 -3.0726180625470600e-01 -5.2554739091745373e-01 1.3105686704353021e+00 2.9869189283938674e-01
424 -1.2675409810568561e-01 -5.2267331238123260e-01 8.1952416224914360e-01 5.4582866756351711e-01
425 -1.7903143128003493e-01 -5.3215188645652090e-01 9.7572820305573149e-01 5.0051222128757467e-01
426 -5.4225839530560516e-01 -1.6235070959584489e-02 9.7572820305573171e-01 -5.0051222128757467e-01
427 -5.9334292282309978e-02 -1.1001626298856480e-01 1.0692964784092698e-01 -3.1023550731070487e-01
428 -6.9707560405215196e-01 -5.2161610429719528e-02 1.2303750464655392e+00 -3.6455427705866850e-01
429 -7.0667029088841182e-01 -5.5228004269301377e-02 1.2453011536443861e+00 -3.5374068758444993e-01
430 -7.3860513039192277e-01 -6.6092455815106976e-02 1.2935045649084049e+00 -3.1560623700112278e-01
431 -7.8282035286308804e-01 -8.2865640978736277e-02 1.3587389955007274e+00 -2.5854152221152110e-01
432 -7.5712037360449347e-01 -7.2887420801907479e-02 1.3204743552583829e+00 -2.9229956815556501e-01
433 -7.8282035163951624e-01 -8.2865641170318860e-02 1.3587389955007274e+00 -2.5854152221152110e-01
434 1.2390087572387774e-02 -1.8459300871456594e-01 1.2690637175514939e-02 -1.1123377968828402e-01
435 -2.1292675338789299e-01 -3.3674887791550027e-02 3.7600476842715758e-01 -5.0969429356249707e-01
436 -3.9364577012980240e-01 -6.5309383918786892e-03 7.1045357303207535e-01 -5.5777492401845863e-01
437 -5.1322049426563099e-01 -1.2484293964422081e-02 9.2290209630794984e-01 -5.1585383113520300e-01
438 5.4355248894293828e-02 -2.9804920866563606e-01 3.4497657407904461e-02 1.8341883964853922e-01
439 -2.7079845768787014e-01 -5.3147396721637219e-01 1.2245557139075991e+00 3.6892098135490353e-01
440 -2.2601834206528579e-01 -5.3449612148640424e-01 1.1104390726839433e+00 4.4337567731088168e-01
441 3.2314942083554975e-02 -4.0559759165523707e-01 2.2507392063356083e-01 4.2749907082056993e-01
442 -7.2336958361904182e-03 -4.5781757114519289e-01 4.0494178438776468e-01 5.2630869080820297e-01
443 -3.9471058752874738e-01 -6.3943802419282629e-03 7.1251952077939018e-01 -5.5805323460678624e-01
444 1.7414882749533071e-02 -4.2929220955203573e-01 2.9626809865875098e-01 4.7313308204660592e-01
445 2.1278702312552380e-02 -4.2386965369980351e-01 2.8168096092254946e-01 4.6920996034135043e-01
446 -7.2376922361567342e-02 -1.0058665942270589e-01 1.2649151083410282e-01 -3.3217029082347815e-01
447 -7.0702755992099386e-03 -1.5910086933577552e-01 3.4035828107358626e-02 -1.8256278542634433e-01
448 -7.3860605384044486e-01 -6.6092548964707704e-02 1.2935045649084049e+00 -3.1560623700112278e-01
449 -2.6489228356431543e-01 -2.0505211512282708e-02 4.7451655874963161e-01 -5.4241887665746547e-01
450 -2.9909317875121150e-01 -5.2718777527939820e-01 1.2935045649084049e+00 3.1560623700112278e-01
451 -2.6732922013371579e-01 -1.9977268912898447e-02 4.7872446313188677e-01 -5.4300198268577637e-01
452 -3.1879450753943028e-01 -1.1664962311728304e-02 5.7380941471445923e-01 -5.5756832292798364e-01
453 -6.1178761307185503e-01 -2.9224355332792298e-02 1.0943104332687348e+00 -4.4895239660198366e-01
454 -4.5336919899813333e-01 -7.2082561879560436e-03 8.2092873533874944e-01 -5.4577390447918939e-01
455 -7.5096330719115395e-02 -9.8445308952638033e-02 1.3289836422742191e-01 -3.4293139398804801e-01
456 -7.6799494101769837e-03 -1.5832891360295290e-01 3.4497657407904468e-02 -1.8341883964853925e-01
457 3.5925040457701597e-02 -2.2683625584032246e-01 3.3438980659421926e-33 -3.9007142632315265e-17
458 5.4279857335193873e-02 -2.9841762740489280e-01 3.5003074932465537e-02 1.8570725996403284e-01
459 5.4279857769977138e-02 -2.9841762883178219e-01 3.5003074932465537e-02 1.8570725996403284e-01
460 -6.6696757799013640e-01 -4.3231866244975686e-02 1.1816624408259702e+00 -3.9603749319989995e-01
461 -2.7598638568185729e-01 -1.8118588522897185e-02 4.9412655199868405e-01 -5.4549942894319337e-01
462 -1.8543964208545716e-01 -5.3286203758202766e-01 9.9306091760022830e-01 4.9335646769050384e-01
463 -1.7692954519419193e-01 -5.3199331385452819e-01 9.6906492104313957e-01 5.0267212642755188e-01
464 -1.8543968030786054e-01 -5.3286209267012941e-01 9.9306091760022830e-01 4.9335646769050384e-01
465 3.5990047259700626e-02 -2.2684021088003131e-01 2.9304182319191253e-34 -6.5021507943010022e-18
466 5.0312955918668488e-02 -2.7059886138355699e-01 1.2975382420318298e-02 1.1208279481544131e-01
467 4.8044875664176187e-02 -3.6586231287308479e-01 1.3411918445881665e-01 3.4783967184222397e-01
468 4.8110642230923817e-02 -3.6597113245912144e-01 1.3289836422742191e-01 3.4293139398804801e-01
469 -1.7903126531362235e-01 -5.3215168141509095e-01 9.7572820305573149e-01 5.0051222128757467e-01
470 -3.5380707291376529e-01 -8.0768295239224408e-03 6.4185192748951292e-01 -5.6435866619051511e-01
471 -3.4799222880059233e-01 -8.8511530729329692e-03 6.2358098060873368e-01 -5.5658974199218236e-01
472 5.3482778142263536e-02 -3.4000715214857252e-01 8.8290988854772295e-02 2.8721843927978125e-01
473 5.0312955451015051e-02 -2.7059886167081248e-01 1.2975382420318296e-02 1.1208279481544130e-01
474 -1.2117889679844997e-01 -5.2103998356648618e-01 7.9796736440312743e-01 5.4533760324285008e-01
475 -1.7692953301515843e-01 -5.3199329474648061e-01 9.6906492104313957e-01 5.0267212642755188e-01
476 -6.0777787060497868e-01 -2.8210334841779986e-02 1.0899377942918733e+00 -4.5382887798642202e-01
477 1.2390090114727848e-02 -1.8459301730789474e-01 1.2690637175514941e-02 -1.1123377968828403e-01
478 3.6088675251492661e-02 -2.2682088510675297e-01 1.5854620159577125e-33 -2.6001912559183850e-17
479 4.8886676875091697e-02 -3.6348172434313103e-01 1.2649151083410279e-01 3.3217029082347804e-01
480 3.5997633743331300e-02 -2.2685360096037163e-01 3.7138355988370369e-34 -1.6261922934293138e-17
481 5.0390284605475469e-02 -2.7035739584051149e-01 1.2197446241577713e-02 1.0546773935820712e-01
482 -3.6219596337879034e-01 -7.7913804804068390e-03 6.4887478919325037e-01 -5.5648375281561657e-01
483 -3.0726166654889231e-01 -5.2554714496674926e-01 1.3105686704353021e+00 2.9869189283938674e-01
484 -2.3435137703709510e-01 -5.3414155929418006e-01 1.1296384661512791e+00 4.2915072520669906e-01
485 -2.3600511747873304e-01 -5.3410706222988369e-01 1.1328123820901272e+00 4.2625835074894969e-01
486 4.8886676272300936e-02 -3.6348172278055546e-01 1.2649151083410279e-01 3.3217029082347804e-01
487 -1.9648065842002616e-01 -5.3362901174910959e-01 1.0256231707880579e+00 4.8055568483566635e-01
488 -3.1205833351328927e-01 -1.2596435876011640e-02 5.6145059442509737e-01 -5.5635589548410924e-01
489 -2.7227301968054923e-01 -5.3113053923714104e-01 1.2231480852840484e+00 3.6465077332371182e-01
490 2.4519920627257299e-02 -4.1882284737662184e-01 2.6477546089615916e-01 4.5706719967658760e-01
491 -6.6696757425995323e-01 -4.3231866208323165e-02 1.1816624408259702e+00 -3.9603749319989995e-01
492 -3.5380707683279766e-01 -8.0768304895937511e-03 6.4185192748951281e-01 -5.6435866619051500e-01
493 -2.5845539603900583e-02 -4.7390823356264405e-01 4.7451655874963161e-01 5.4241887665746547e-01
494 -6.1442192292852374e-02 -4.9705473778928744e-01 6.0327178246309854e-01 5.5964072451765035e-01
495 -3.4799222713962302e-01 -8.8511531727106414e-03 6.2358098060873368e-01 -5.5658974199218236e-01
496 -4.9910129991881255e-02 -1.1721722726379864e-01 9.4014140096529683e-02 -2.9535947914074012e-01
497 -8.0955912519257656e-02 -9.3844971907452890e-02 1.4611257427563862e-01 -3.6310333083574914e-01
498 -1.6173185109295288e-01 -5.2981697045672227e-01 9.2290209630794984e-01 5.1585383113520300e-01
499 -1.6879745237823651e-01 -4.9055818332152730e-02 2.9626809865875098e-01 -4.7313308204660592e-01
500 5.4566382455917904e-02 -3.0098325464874204e-01 3.8401100272322596e-02 1.9635392472113886e-01
501 4.6515521313432291e-02 -3.7132413700213668e-01 1.4611257427563859e-01 3.6310333083574908e-01
502 -7.8811036349228189e-02 -5.0570015714511551e-01 6.6350479162267506e-01 5.6165941423120935e-01
503 5.0312951451382253e-02 -2.7059886149734080e-01 1.2975382420318298e-02 1.1208279481544131e-01
504 1.1947665044640010e-02 -1.8415415893631068e-01 1.2975382420318300e-02 -1.1208279481544134e-01
505 -2.2094216295658317e-01 -5.3435879108671525e-01 1.0943104332687348e+00 4.4895239660198361e-01
506 -3.1205830618177566e-01 -1.2596443078117740e-02 5.6145059442509748e-01 -5.5635589548410935e-01
507 -7.6799498426822869e-03 -1.5832891453470363e-01 3.4497657407904468e-02 -1.8341883964853925e-01
508 2.5263021379874705e-02 -4.1769432821243352e-01 2.6216349114017679e-01 4.5740349815083658e-01
509 8.5478734939326249e-03 -4.4083093669914158e-01 3.3832881418478178e-01 4.9938863230884162e-01
510 -2.5845534152859097e-02 -4.7390825062052450e-01 4.7451655874963172e-01 5.4241887665746558e-01
511 -5.1322063301437171e-01 -1.2484305666477909e-02 9.2290209630794984e-01 -5.1585383113520300e-01
512 4.8044873944925973e-02 -3.6586232901951010e-01 1.3411918445881668e-01 3.4783967184222409e-01
513 5.4355247203396594e-02 -2.9804920960127124e-01 3.4497657407904461e-02 1.8341883964853922e-01
514 5.4279857459501209e-02 -2.9841762786647114e-01 3.5003074932465544e-02 1.8570725996403287e-01
515 -5.4329488502999890e-01 -1.5984670756220558e-02 9.8220276197069922e-01 -5.0315389013412148e-01
516 -6.1982403165338351e-01 -3.0900966125398197e-02 1.1060077580236189e+00 -4.4160634373173258e-01
517 -6.3641640622158535e-01 -3.5002821149213804e-02 1.1328123820901272e+00 -4.2625835074894969e-01
518 -9.5169661890073559e-02 -8.5287816459895263e-02 1.6667030405338315e-01 -3.7889938341944929e-01
519 -1.2911739190161536e-01 -6.6558664613180316e-02 2.2507392063356085e-01 -4.2749907082056998e-01
520 -2.5265850309173865e-01 -2.3170550784403884e-02 4.5095238094450224e-01 -5.3538953095443909e-01
521 -4.5285335259288251e-01 -6.8714926020345159e-03 8.2271700875432041e-01 -5.4839327977941210e-01
522 -1.0370360229582810e-01 -8.0309959259530536e-02 1.8137938601655881e-01 -3.9276566029618670e-01
523 3.6055426391791830e-02 -2.2682117743557437e-01 3.4840765959544012e-33 -4.2250471482745002e-17
524 -3.1205829849490607e-01 -1.2596448699637068e-02 5.6145059442509737e-01 -5.5635589548410924e-01
525 -1.3783477452909215e-01 -6.2087135695142952e-02 2.4018959432584086e-01 -4.3807980236396427e-01
526 -7.0667027882172440e-01 -5.5228003265164312e-02 1.2453011536443863e+00 -3.5374068758444999e-01
527 -6.9707555069901916e-01 -5.2161608252863076e-02 1.2303750464655392e+00 -3.6455427705866850e-01
528 -7.5712039118978847e-01 -7.2887421110519338e-02 1.3204743552583829e+00 -2.9229956815556501e-01
529 4.7540451217766247e-02 -3.6754130073821140e-01 1.3688762718395497e-01 3.4984573043055023e-01
530 -1.2954786077683508e-01 -5.2334502821120954e-01 8.2903337735786020e-01 5.4416047518293476e-01
531 -1.6248897090438735e-01 -5.2999774123038568e-01 9.2506668392088409e-01 5.1584591671308599e-01
532 5.5105082485904983e-02 -3.1301972691630420e-01 4.9534638434672359e-02 2.1402002330401426e-01
533 5.2789740938593573e-02 -3.4391309323589975e-01 9.4014140096529655e-02 2.9535947914074001e-01
534 5.0390282795519589e-02 -2.7035739565218486e-01 1.2197446241577715e-02 1.0546773935820715e-01
535 -5.1322054054428656e-01 -1.2484296045761319e-02 9.2290209630794984e-01 -5.1585383113520300e-01
536 -1.7987067125136019e-01 -5.3249202300635734e-01 9.8220276197069933e-01 5.0315389013412148e-01
537 -3.6219596196263182e-01 -7.7913851537753116e-03 6.4887478919325037e-01 -5.5648375281561657e-01
538 -3.4799222082311687e-01 -8.8511446402094202e-03 6.2358098060873368e-01 -5.5658974199218236e-01
539 8.5478741326435181e-03 -4.4083093727790479e-01 3.3832881418478178e-01 4.9938863230884162e-01
540 1.2139912583976573e-02 -1.8434997495646294e-01 1.2197446241577715e-02 -1.0546773935820715e-01
541 2.9132487283602619e-02 -4.1135807223998477e-01 2.4018959432584094e-01 4.3807980236396438e-01
542 1.5818474281346907e-02 -4.3177970747594341e-01 3.0786305834269151e-01 4.8596184242002982e-01
543 -1.3547272734842571e-02 -4.6374192675468934e-01 4.2792217970586455e-01 5.3110611449573419e-01
544 -1.9825253321960317e-02 -1.4527279199710935e-01 4.8982935533002848e-02 -2.1414291971149296e-01
545 -5.9334286026781459e-02 -1.1001624629646804e-01 1.0692964784092700e-01 -3.1023550731070487e-01
546 4.2947005896546986e-02 -3.8190146230309874e-01 1.6667030405338312e-01 3.7889938341944923e-01
547 -7.2336924475159521e-03 -4.5781763000184550e-01 4.0494178438776468e-01 5.2630869080820297e-01
548 2.1278702619382969e-02 -4.2386965459500414e-01 2.8168096092254941e-01 4.6920996034135037e-01
549 -2.7951065170709586e-02 -4.7539669198001711e-01 4.7788633313730866e-01 5.3727627424904156e-01
550 -7.3860596907339993e-01 -6.6092540498251875e-02 1.2935045649084049e+00 -3.1560623700112278e-01
551 -5.7141941608991798e-01 -2.1067800344425913e-02 1.0256231707880581e+00 -4.8055568483566641e-01
552 -1.4330754893494887e-03 -4.5182574185425639e-01 3.7600476842715763e-01 5.0969429356249718e-01
553 -2.7047440020585005e-02 -4.7481212630281905e-01 4.7872446313188688e-01 5.4300198268577649e-01
554 -6.0777766682247303e-01 -2.8210316082466200e-02 1.0899377942918733e+00 -4.5382887798642202e-01
555 -6.2004913698832576e-01 -3.0933822814782037e-02 1.1104390726839433e+00 -4.4337567731088168e-01
556 4.7540450942315134e-02 -3.6754130031233989e-01 1.3688762718395500e-01 3.4984573043055028e-01
557 -7.5096330942861486e-02 -9.8445309613042292e-02 1.3289836422742191e-01 -3.4293139398804801e-01
558 2.9132486899689648e-02 -4.1135807462174623e-01 2.4018959432584086e-01 4.3807980236396427e-01
559 -3.9471059048231466e-01 -6.3943795014153697e-03 7.1251952077939029e-01 -5.5805323460678635e-01
560 -1.9648065654229752e-01 -5.3362899893340032e-01 1.0256231707880579e+00 4.8055568483566635e-01
561 -3.6711397283001385e-01 -7.3285731128347664e-03 6.6350479162267506e-01 -5.6165941423120935e-01
562 -4.5285332596889055e-01 -6.8714910224252478e-03 8.2271700875432041e-01 -5.4839327977941210e-01
563 1.5818472378816135e-02 -4.3177970643081015e-01 3.0786305834269151e-01 4.8596184242002971e-01
564 -1.4330765985285038e-03 -4.5182571633267699e-01 3.7600476842715758e-01 5.0969429356249707e-01
565 -4.3709666631317057e-01 -6.7801896039088776e-03 7.8721972142545682e-01 -5.4707872701925186e-01
566 -1.9862519717239391e-02 -4.6908392053485232e-01 4.5095238094450224e-01 5.3538953095443909e-01
567 -7.9486012024795848e-03 -1.5800273670388401e-01 3.5003074932465544e-02 -1.8570725996403287e-01
568 3.2314957281805244e-02 -4.0559761032559322e-01 2.2507392063356085e-01 4.2749907082056998e-01
569 2.2332510949211543e-02 -4.2230327108604909e-01 2.7164108367189627e-01 4.5620288597631203e-01
570 -7.6828222040001948e-02 -9.7137373796270923e-02 1.3688762718395497e-01 -3.4984573043055023e-01
571 -7.4704193066764638e-02 -9.8503466753289859e-02 1.3411918445881665e-01 -3.4783967184222397e-01
572 -2.2555718098178179e-01 -2.9776100667920462e-02 4.0494178438776468e-01 -5.2630869080820297e-01
573 -5.4329485369075403e-01 -1.5984669411952614e-02 9.8220276197069922e-01 -5.0315389013412148e-01
574 -1.5650794845503355e-01 -5.4069492738474612e-02 2.7164108367189627e-01 -4.5620288597631203e-01
575 1.2558938286735630e-02 -1.8482845327876757e-01 1.2095346082162041e-02 -1.0608930495033668e-01
576 -7.8282035211550505e-01 -8.2865640974253696e-02 1.3587389955007274e+00 -2.5854152221152110e-01
577 -2.7227302059558867e-01 -5.3113054124919357e-01 1.2231480852840484e+00 3.6465077332371182e-01
578 3.2314955346953889e-02 -4.0559761262417326e-01 2.2507392063356085e-01 4.2749907082056998e-01
579 -2.2555720246677236e-01 -2.9776110366834061e-02 4.0494178438776468e-01 -5.2630869080820297e-01
580 -3.1879450473466114e-01 -1.1664962421958667e-02 5.7380941471445912e-01 -5.5756832292798353e-01
581 -2.5468031081741482e-01 -5.3298161660029919e-01 1.1816624408259702e+00 3.9603749319989995e-01
582 -1.4819990514527559e-01 -5.7357907675056496e-02 2.6216349114017673e-01 -4.5740349815083653e-01
583 -4.5283332354281547e-01 -7.1201191344098412e-03 8.1952416224914348e-01 -5.4582866756351711e-01
584 -1.6248900393588431e-01 -5.2999778797785480e-01 9.2506668392088409e-01 5.1584591671308599e-01
585 -7.9486003460901861e-03 -1.5800273708808421e-01 3.5003074932465544e-02 -1.8570725996403287e-01
586 5.3482779395885485e-02 -3.4000714867118226e-01 8.8290988854772295e-02 2.8721843927978125e-01
587 -1.4819990401302377e-01 -5.7357908537424375e-02 2.6216349114017673e-01 -4.5740349815083653e-01
588 3.6159797764136685e-02 -2.2681599208341371e-01 2.4218510770371802e-33 -3.0874280078975438e-17
589 5.4581452975053284e-02 -2.9642273897133509e-01 3.1555999614104047e-02 1.6986184842234822e-01
590 -4.3709672928810572e-01 -6.7801951214534013e-03 7.8721972142545693e-01 -5.4707872701925198e-01
591 -7.5384335101927025e-01 -7.1663625803094766e-02 1.3157382331435752e+00 -2.9614632239432520e-01
592 5.4279857894284481e-02 -2.9841762929336163e-01 3.5003074932465544e-02 1.8570725996403287e-01
593 4.8044875774971629e-02 -3.6586231254087465e-01 1.3411918445881665e-01 3.4783967184222397e-01
594 -7.6799508443160160e-03 -1.5832891448940767e-01 3.4497657407904461e-02 -1.8341883964853922e-01
595 3.5983170297728344e-02 -2.2682669301578764e-01 2.4834217212113629e-33 -2.9249193954642732e-17
596 -4.6255200491769299e-01 -7.5379499274679457e-03 8.3422824305241339e-01 -5.4062010245489900e-01
597 -2.7598636620614886e-01 -1.8118589035443937e-02 4.9412655199868405e-01 -5.4549942894319337e-01
598 8.5478757354915860e-03 -4.4083095478948120e-01 3.3832881418478172e-01 4.9938863230884156e-01
599 -4.9910141835399956e-02 -1.1721722743266511e-01 9.4014140096529669e-02 -2.9535947914074007e-01
600 -9.8037548606357428e-03 -1.5559927678701779e-01 3.8401100272322602e-02 -1.9635392472113888e-01
601 -3.9364573547353482e-01 -6.5309324827143855e-03 7.1045357303207524e-01 -5.5777492401845863e-01
602 1.7414883165592230e-02 -4.2929221016531383e-01 2.9626809865875092e-01 4.7313308204660587e-01
603 -2.9909314180762542e-01 -5.2718771975619416e-01 1.2935045649084049e+00 3.1560623700112278e-01
604 2.4519922635010901e-02 -4.1882284677200610e-01 2.6477546089615916e-01 4.5706719967658760e-01
605 5.7644652871194539e-03 -4.4404717555849832e-01 3.4878209492755596e-01 5.0175734841160691e-01
606 4.1980094827614806e-02 -3.8433921224011108e-01 1.7271955515923607e-01 3.8494345452525774e-01
607 -1.7215710605427081e-01 -4.6973123349181328e-02 3.0786305834269151e-01 -4.8596184242002982e-01
608 -6.9308358135008308e-01 -5.0888931501959063e-02 1.2245557139075987e+00 -3.6892098135490342e-01
609 -1.5650794756550629e-01 -5.4069492790221031e-02 2.7164108367189627e-01 -4.5620288597631209e-01
610 5.4424132259432573e-02 -2.9721812810597553e-01 3.4035828107358626e-02 1.8256278542634433e-01
611 3.6088671198694619e-02 -2.2682090007909264e-01 1.3872792639629982e-33 -2.2751673489285869e-17
612 -6.9308357776434748e-01 -5.0888930806360443e-02 1.2245557139075991e+00 -3.6892098135490353e-01
613 -7.5384287471542077e-01 -7.1663576887252028e-02 1.3157382331435752e+00 -2.9614632239432520e-01
614 2.4519920108837304e-02 -4.1882284644905204e-01 2.6477546089615916e-01 4.5706719967658760e-01
615 3.6104814748479812e-02 -2.2682701875846911e-01 1.0031694196188275e-32 -5.8510713948472888e-17
616 -2.2094216330189106e-01 -5.3435878996372399e-01 1.0943104332687348e+00 4.4895239660198361e-01
617 -6.9545439964599864e-01 -5.1743743654218494e-02 1.2231480852840484e+00 -3.6465077332371182e-01
618 5.0390283443062983e-02 -2.7035739555371563e-01 1.2197446241577713e-02 1.0546773935820712e-01
619 -3.4799221916214740e-01 -8.8511447399869814e-03 6.2358098060873379e-01 -5.5658974199218247e-01
620 -1.7987068630739531e-01 -5.3249203993496397e-01 9.8220276197069922e-01 5.0315389013412148e-01
621 -2.2591330763409864e-01 -5.3442498496245516e-01 1.1060077580236189e+00 4.4160634373173258e-01
622 2.1278702634397142e-02 -4.2386965492070605e-01 2.8168096092254941e-01 4.6920996034135037e-01
623 -9.3880311543361031e-02 -5.1195769351692388e-01 7.1251952077939018e-01 5.5805323460678624e-01
624 -2.7927591091025444e-01 -5.3028833623423810e-01 1.2453011536443861e+00 3.5374068758444993e-01
625 5.5105133741719721e-02 -3.1302004523216731e-01 4.9534638434672359e-02 2.1402002330401426e-01
626 -3.0782310062078239e-02 -4.7746827000794639e-01 4.8890550571413055e-01 5.3973556591015104e-01
627 1.7414882961075080e-02 -4.2929220927447792e-01 2.9626809865875098e-01 4.7313308204660592e-01
628 -3.1068076520856930e-01 -5.2490725988111531e-01 1.3204743552583829e+00 2.9229956815556501e-01
629 5.4566378802409020e-02 -3.0098325670963361e-01 3.8401100272322602e-02 1.9635392472113888e-01
630 -3.5380707422690993e-01 -8.0768262140827728e-03 6.4185192748951281e-01 -5.6435866619051500e-01
631 -6.8379131237878227e-02 -5.0063915915798796e-01 6.2358098060873379e-01 5.5658974199218247e-01
632 -1.9825256141100048e-02 -1.4527279639947130e-01 4.8982935533002848e-02 -2.1414291971149296e-01
633 -2.6489228154586053e-01 -2.0505207145475969e-02 4.7451655874963172e-01 -5.4241887665746558e-01
634 4.6515519177414935e-02 -3.7132413769472083e-01 1.4611257427563859e-01 3.6310333083574908e-01
635 5.2789740295742793e-02 -3.4391311162959681e-01 9.4014140096529655e-02 2.9535947914074001e-01
636 -4.9533130316562368e-02 -4.9026293130753518e-01 5.6145059442509737e-01 5.5635589548410924e-01
637 1.1947664326814527e-02 -1.8415415839834873e-01 1.2975382420318300e-02 -1.1208279481544134e-01
638 -7.2376921271920067e-02 -1.0058666084566330e-01 1.2649151083410279e-01 -3.3217029082347804e-01
639 -1.2675407756352533e-01 -5.2267328286640335e-01 8.1952416224914348e-01 5.4582866756351711e-01
640 -2.3913126586464065e-01 -2.6126853782921712e-02 4.2792217970586455e-01 -5.3110611449573419e-01
641 3.6088674991430286e-02 -2.2682089538939867e-01 1.1890965119682846e-33 -1.9501434419387894e-17
