642 4 BEM3DMeshData
0 9.0298197293086924e-01 1.8609225767510018e-01 -9.4014140096529669e-02 2.9535947914074007e-01
2 8.4675122070743991e-01 2.7946385203638663e-01 -1.4611257427563862e-01 3.6310333083574914e-01
3 8.2018581572658500e-01 3.1735886139304614e-01 -1.6667030405338312e-01 3.7889938341944923e-01
1 7.3901789869674472e-01 4.1867204656115120e-01 -2.4018959432584094e-01 4.3807980236396438e-01
4 7.5573731137822164e-01 3.9930841125616967e-01 -2.2507392063356085e-01 4.2749907082056998e-01
6 6.2472493445286514e-01 5.3210745126080650e-01 -3.4878209492755585e-01 5.0175734841160680e-01
7 5.3956053824114714e-01 6.0127977116910647e-01 -4.2792217970586455e-01 5.3110611449573419e-01
5 6.3808132597553591e-01 5.2005805427140239e-01 -3.3832881418478178e-01 4.9938863230884162e-01
9 9.0906017112374116e-02 8.2848879183705049e-01 -8.2903337735786020e-01 5.4416047518293476e-01
10 -2.7386274129769739e-02 8.6087839968105084e-01 -9.2506668392088409e-01 5.1584591671308599e-01
8 7.3901789705845833e-01 4.1867205120426843e-01 -2.4018959432584094e-01 4.3807980236396438e-01
11 -1.4713407578249837e-01 8.8446073965639860e-01 -1.0256231707880579e+00 4.8055568483566635e-01
13 6.5434350266767627e-01 -1.2005851105895360e+00 -5.6145059442509748e-01 -5.5635589548410935e-01
14 4.5307632489761279e-01 -1.3411353662475283e+00 -7.8721972142545693e-01 -5.4707872701925198e-01
15 -1.0795038337448964e-01 8.7781458192109085e-01 -9.9306091760022830e-01 4.9335646769050384e-01
16 1.0150071136097338e-01 8.2517419859260810e-01 -8.1952416224914360e-01 5.4582866756351711e-01
17 -8.5841199427591164e-02 8.7353103142043365e-01 -9.7572820305573171e-01 5.0051222128757467e-01
18 7.1924591819356953e-01 -1.1399993671240958e+00 -4.7788633313730866e-01 -5.3727627424904156e-01
19 8.6496208594475754e-01 -9.6001222957030974e-01 -2.9626809865875092e-01 -4.7313308204660587e-01
20 7.1036166876472684e-01 -1.1488143898917800e+00 -4.8890550571413055e-01 -5.3973556591015104e-01
21 1.0362456197387140e+00 -2.2681308795343860e-01 -2.4173818815267730e-33 3.3150115962645734e-17
22 1.0439826898181219e+00 -3.8309634124046277e-01 -1.2095346082162037e-02 -1.0608930495033665e-01
23 1.0377595602722551e+00 -4.7907215807143677e-01 -3.1555999614104047e-02 -1.6986184842234822e-01
24 4.2757990123731837e-01 -1.3549676133124851e+00 -8.1952416224914360e-01 -5.4582866756351711e-01
25 4.5307629667907290e-01 -1.3411354031095932e+00 -7.8721972142545682e-01 -5.4707872701925186e-01
26 2.7738551880343509e-01 -1.4219178255137299e+00 -9.7572820305573149e-01 -5.0051222128757467e-01
27 1.0359831674611311e+00 -2.2682669403047659e-01 -3.3112289616151505e-33 3.8998925272856974e-17
28 9.7508859947023396e-01 2.6511490503876051e-02 -3.4497657407904468e-02 1.8341883964853925e-01
29 9.7474777340687868e-01 2.7221011097620568e-02 -3.5003074932465544e-02 1.8570725996403287e-01
30 -2.2338728896257748e-01 8.9496037202389311e-01 -1.0899377942918733e+00 4.5382887798642202e-01
31 -2.4923642833817561e-01 8.9777327698825637e-01 -1.1104390726839433e+00 4.4337567731088168e-01
32 -4.0462093820811246e-01 9.0660221991332768e-01 -1.2245557139075991e+00 3.6892098135490353e-01
33 2.8352767066208778e-01 -1.4196752165360662e+00 -9.6906492104313957e-01 -5.0267212642755188e-01
34 4.2666487317334389e-01 -1.3554842058724517e+00 -8.2092873533874944e-01 -5.4577390447918939e-01
35 2.8352768284112206e-01 -1.4196751974280184e+00 -9.6906492104313957e-01 -5.0267212642755188e-01
36 1.0374856963549701e+00 -4.8049378834215334e-01 -3.4035828107358619e-02 -1.8256278542634427e-01
37 9.8054070335071686e-01 -7.2732162951466006e-01 -1.3289836422742193e-01 -3.4293139398804806e-01
38 9.8342078256638987e-01 -7.1935530350184629e-01 -1.2649151083410279e-01 -3.3217029082347804e-01
39 5.2429016466857614e-01 -1.2982405714100462e+00 -7.1045357303207524e-01 -5.5777492401845863e-01
40 6.5434349675370174e-01 -1.2005851646973249e+00 -5.6145059442509748e-01 -5.5635589548410935e-01
41 4.5307628435637320e-01 -1.3411354261850257e+00 -7.8721972142545682e-01 -5.4707872701925186e-01
42 1.0053133874560132e+00 -6.9156131469904195e-02 -1.2975382420318300e-02 1.1208279481544134e-01
43 9.5806520953060081e-01 7.0231406729570206e-02 -4.8109510998316778e-02 2.1614644748618919e-01
44 8.8468671493566220e-01 2.1826659303023013e-01 -1.0744318662038028e-01 3.0948665712793688e-01
45 1.0061223613494339e+00 -7.1551297352954124e-02 -1.2095346082162043e-02 1.0608930495033671e-01
46 9.7650767727910492e-01 2.2783454429137373e-02 -3.1555999614104067e-02 1.6986184842234833e-01
47 9.0987184674358712e-01 1.7318381447595510e-01 -8.8290988854772295e-02 2.8721843927978125e-01
48 1.0359250476621487e+00 -2.2683625396689203e-01 -3.2045689798612677e-33 3.7381845022635455e-17
49 9.7474777255048950e-01 2.7221011481819157e-02 -3.5003074932465551e-02 1.8570725996403292e-01
50 1.0359831669160475e+00 -2.2682669504290798e-01 -3.0352932148138881e-33 3.5749014833452228e-17
51 1.0061223612173771e+00 -7.1551300690409603e-02 -1.2095346082162041e-02 1.0608930495033668e-01
52 9.5499765561283212e-01 7.7707660715867294e-02 -4.8982935533002848e-02 2.1414291971149296e-01
53 9.0987184539702182e-01 1.7318381320485213e-01 -8.8290988854772295e-02 2.8721843927978125e-01
54 7.2306100973227916e-01 -1.1361270032928827e+00 -4.7872446313188677e-01 -5.4300198268577637e-01
55 8.2687405398453950e-01 -1.0148177637479714e+00 -3.4878209492755596e-01 -5.0175734841160691e-01
56 6.4383231657970830e-01 -1.2095455856783086e+00 -5.7380941471445923e-01 -5.5756832292798364e-01
57 1.0059446993870442e+00 -7.1238587711896381e-02 -1.2690637175514939e-02 1.1123377968828402e-01
58 1.0438007644855436e+00 -3.8342892826617975e-01 -1.2690637175514935e-02 -1.1123377968828400e-01
59 1.0359900115340388e+00 -2.2683988943223110e-01 -2.9304182319191249e-34 6.5021507943010014e-18
60 7.5573731502240926e-01 3.9930841164828296e-01 -2.2507392063356083e-01 4.2749907082056993e-01
61 6.3808132715714627e-01 5.2005805323022825e-01 -3.3832881418478178e-01 4.9938863230884162e-01
62 5.6700207402732627e-01 5.8001880666102956e-01 -4.0494178438776468e-01 5.2630869080820297e-01
63 7.2306100869228740e-01 -1.1361270035083635e+00 -4.7872446313188677e-01 -5.4300198268577637e-01
64 6.1865629278103751e-01 -1.2301754781121941e+00 -6.0327178246309854e-01 -5.5964072451765035e-01
65 5.2272205182887044e-01 -1.2992324444669248e+00 -7.1251952077939029e-01 -5.5805323460678635e-01
66 7.1499772683284368e-01 4.4471430148779056e-01 -2.6477546089615916e-01 4.5706719967658760e-01
67 8.8468671305892466e-01 2.1826659333098278e-01 -1.0744318662038024e-01 3.0948665712793677e-01
68 8.1387840104113285e-01 3.2604978161264414e-01 -1.7271955515923609e-01 3.8494345452525786e-01
69 3.2617196227721534e-01 -1.4027144031296246e+00 -9.2290209630794984e-01 -5.1585383113520300e-01
70 1.0361597978116606e+00 -2.2681598908153600e-01 -3.0591803078364385e-33 3.8999090626074240e-17
71 1.0374856952737879e+00 -4.8049378397925480e-01 -3.4035828107358626e-02 -1.8256278542634433e-01
72 6.2472491436790312e-01 5.3210745293707140e-01 -3.4878209492755585e-01 5.0175734841160680e-01
73 4.8277923734256251e-01 6.4133749559012698e-01 -4.7872446313188677e-01 5.4300198268577637e-01
74 9.9672777775617705e-01 -6.7817749558123785e-01 -1.0692964784092698e-01 -3.1023550731070487e-01
75 1.0310727636681971e+00 -5.2768503086695961e-01 -4.8109510998316785e-02 -2.1614644748618922e-01
76 9.4829413325397627e-01 -8.0735810844402200e-01 -1.8137938601655881e-01 -3.9276566029618670e-01
77 1.2088441430001579e-01 8.1870436637579347e-01 -7.9796736440312743e-01 5.4533760324285008e-01
78 -2.7386286144774286e-02 8.6087839833326263e-01 -9.2506668392088409e-01 5.1584591671308599e-01
79 -7.8271112120784414e-02 8.7204333280318003e-01 -9.6906492104313957e-01 5.0267212642755188e-01
80 7.1924592061438597e-01 -1.1399993303171059e+00 -4.7788633313730866e-01 -5.3727627424904156e-01
81 5.6728690493043710e-01 -1.2689546726621659e+00 -6.6350479162267506e-01 -5.6165941423120935e-01
82 9.5369369191366504e-01 8.0768944740546411e-02 -4.9534638434672359e-02 2.1402002330401426e-01
83 9.0298195744943255e-01 1.8609225750656519e-01 -9.4014140096529683e-02 2.9535947914074012e-01
84 1.0055186831327285e+00 -6.9464757538598099e-02 -1.2197446241577715e-02 1.0546773935820715e-01
85 7.1939695431554629e-01 4.3991029709763441e-01 -2.6216349114017673e-01 4.5740349815083653e-01
86 6.3808133253431998e-01 5.2005805668994964e-01 -3.3832881418478183e-01 4.9938863230884173e-01
87 4.8775310968560043e-01 6.3792084580677055e-01 -4.7451655874963172e-01 5.4241887665746558e-01
88 3.2617199529584562e-01 -1.4027143301517069e+00 -9.2290209630794984e-01 -5.1585383113520300e-01
89 4.1918425516343694e-01 -1.3593432418807336e+00 -8.2903337735786020e-01 -5.4416047518293476e-01
90 2.2780467352487246e-01 -1.4391575842311524e+00 -1.0256231707880581e+00 -4.8055568483566641e-01
91 6.9855012608967693e-01 4.6185667109283735e-01 -2.8168096092254935e-01 4.6920996034135021e-01
92 5.1218369032547817e-01 6.2104713776829357e-01 -4.5095238094450224e-01 5.3538953095443909e-01
93 7.0270898058382802e-01 4.5754195113137186e-01 -2.7164108367189627e-01 4.5620288597631203e-01
94 -9.4553050238477099e-02 -1.5012723429897408e+00 -1.3204743552583829e+00 -2.9229956815556501e-01
95 1.0758543948648613e-02 -1.4898759184424430e+00 -1.2303750464655392e+00 -3.6455427705866850e-01
96 -6.0260181519127820e-03 -1.4922314201518661e+00 -1.2453011536443863e+00 -3.5374068758444999e-01
97 7.0985419494641766e-01 -1.1495304594930613e+00 -4.9412655199868405e-01 -5.4549942894319337e-01
98 5.7501535898599287e-01 -1.2634382386303074e+00 -6.4887478919325037e-01 -5.5648375281561657e-01
99 5.7501536040677581e-01 -1.2634382449591466e+00 -6.4887478919325037e-01 -5.5648375281561657e-01
100 -2.7859957099700500e-01 9.0044077434412051e-01 -1.1296384661512791e+00 4.2915072520669906e-01
101 1.0436786712081816e+00 -3.8559688734570990e-01 -1.2975382420318300e-02 -1.1208279481544134e-01
102 1.0310727583757906e+00 -5.2768503264124611e-01 -4.8109510998316785e-02 -2.1614644748618922e-01
103 9.9589616616752974e-01 -6.8071479813295444e-01 -1.0744318662038028e-01 -3.0948665712793688e-01
104 1.0299782404126214e+00 -5.3533414709165461e-01 -4.8982935533002848e-02 -2.1414291971149296e-01
105 9.9672777438101046e-01 -6.7817746295980541e-01 -1.0692964784092696e-01 -3.1023550731070476e-01
106 1.0438007688685684e+00 -3.8342892442901561e-01 -1.2690637175514935e-02 -1.1123377968828400e-01
107 -5.4099268298803482e-01 9.0347768081971980e-01 -1.3204743552583829e+00 2.9229956815556501e-01
108 -4.1298810734498503e-01 9.0663678245571555e-01 -1.2303750464655392e+00 3.6455427705866850e-01
109 -4.3342037393372101e-01 9.0671508138452728e-01 -1.2453011536443861e+00 3.5374068758444993e-01
110 8.8154943899753924e-01 -9.3391471628411149e-01 -2.7164108367189627e-01 -4.5620288597631203e-01
111 9.8054069994277415e-01 -7.2732161532009221e-01 -1.3289836422742188e-01 -3.4293139398804795e-01
112 8.7864666282999215e-01 -9.3857362749366247e-01 -2.8168096092254946e-01 -4.6920996034135043e-01
113 1.0059447019293839e+00 -7.1238596305225763e-02 -1.2690637175514935e-02 1.1123377968828400e-01
114 9.5806523546946465e-01 7.0231402249690517e-02 -4.8109510998316785e-02 2.1614644748618922e-01
115 1.0359900346147790e+00 -2.2684021221022341e-01 -7.3260455797978137e-34 1.6255376985752507e-17
116 5.8864086102730195e-01 -1.2533993564161900e+00 -6.4185192748951281e-01 -5.6435866619051500e-01
117 5.6728690232116663e-01 -1.2689546802026817e+00 -6.6350479162267506e-01 -5.6165941423120935e-01
118 4.2773745518893408e-01 -1.3549427817195583e+00 -8.2271700875432041e-01 -5.4839327977941210e-01
119 9.5830248728611189e-01 -7.8454812616770653e-01 -1.6667030405338312e-01 -3.7889938341944923e-01
120 8.9285988997501364e-01 -9.1496257805975723e-01 -2.6216349114017673e-01 -4.5740349815083653e-01
121 5.7501535247122593e-01 -1.2634382450357879e+00 -6.4887478919325037e-01 -5.5648375281561657e-01
122 5.7501535389200786e-01 -1.2634382513646272e+00 -6.4887478919325037e-01 -5.5648375281561657e-01
123 4.2666485967870060e-01 -1.3554842247978509e+00 -8.2092873533874944e-01 -5.4577390447918939e-01
124 1.0362456290607409e+00 -2.2681312332249648e-01 -2.4173818815267730e-33 3.3150115962645734e-17
125 1.0439826959647049e+00 -3.8309634568814688e-01 -1.2095346082162039e-02 -1.0608930495033667e-01
126 1.0061223679574691e+00 -7.1551305365090967e-02 -1.2095346082162041e-02 1.0608930495033668e-01
127 8.0329046865463094e-01 -1.0454754866943139e+00 -3.7600476842715758e-01 -5.0969429356249707e-01
128 7.2679989995570493e-01 -1.1323342647810211e+00 -4.7451655874963161e-01 -5.4241887665746547e-01
129 6.1865629838802283e-01 -1.2301754942461516e+00 -6.0327178246309854e-01 -5.5964072451765035e-01
130 9.9589616825070526e-01 -6.8071479805399226e-01 -1.0744318662038026e-01 -3.0948665712793677e-01
131 8.8981679973257932e-01 -9.2008257252115766e-01 -2.6477546089615916e-01 -4.5706719967658765e-01
132 6.4383230704852479e-01 -1.2095455629417344e+00 -5.7380941471445923e-01 -5.5756832292798364e-01
133 7.2306101329440253e-01 -1.1361269602061608e+00 -4.7872446313188677e-01 -5.4300198268577637e-01
134 5.2272205248280157e-01 -1.2992324383850362e+00 -7.1251952077939029e-01 -5.5805323460678635e-01
135 1.0360554350010684e+00 -2.2682127471173885e-01 -3.0820677579596620e-33 3.7375417080889808e-17
136 1.0361597973019223e+00 -2.2681599187617521e-01 -2.5493169231970320e-33 3.2499242188395202e-17
137 1.0374856948831352e+00 -4.8049378883813082e-01 -3.4035828107358626e-02 -1.8256278542634433e-01
138 9.5434897003025376e-01 -7.9370832471172759e-01 -1.7271955515923607e-01 -3.8494345452525774e-01
139 8.2687405239856770e-01 -1.0148177637280258e+00 -3.4878209492755585e-01 -5.0175734841160680e-01
140 9.0598515711382099e-01 -8.9211725714598655e-01 -2.4018959432584092e-01 -4.3807980236396432e-01
141 5.6700205254233593e-01 5.8001879696211645e-01 -4.0494178438776468e-01 5.2630869080820297e-01
142 3.9181831819261859e-01 6.9772578820142495e-01 -5.6145059442509748e-01 5.5635589548410935e-01
143 1.6586043056269184e-01 -1.4576470438121680e+00 -1.0899377942918733e+00 -4.5382887798642202e-01
144 2.2780467164714643e-01 -1.4391575970468551e+00 -1.0256231707880579e+00 -4.8055568483566635e-01
145 6.3099681383685990e-02 -1.4811460936387331e+00 -1.1816624408259702e+00 -3.9603749319989995e-01
146 4.5307631257491426e-01 -1.3411353893229592e+00 -7.8721972142545693e-01 -5.4707872701925198e-01
147 6.5434348571890188e-01 -1.2005851142803678e+00 -5.6145059442509737e-01 -5.5635589548410924e-01
148 5.2429015005029500e-01 -1.2982405936844890e+00 -7.1045357303207535e-01 -5.5777492401845863e-01
149 3.2453854606973609e-01 -1.4033843613508041e+00 -9.2506668392088409e-01 -5.1584591671308599e-01
150 1.6586044998311580e-01 -1.4576469694359466e+00 -1.0899377942918733e+00 -4.5382887798642202e-01
151 1.0438007708890062e+00 -3.8342892625811681e-01 -1.2690637175514935e-02 -1.1123377968828400e-01
152 1.0359900241789601e+00 -2.2683988810204100e-01 -7.3260455797978137e-34 1.6255376985752507e-17
153 8.0416521954212339e-01 3.3894433852692712e-01 -1.8137938601655884e-01 3.9276566029618676e-01
154 9.5806520527770311e-01 7.0231404714751422e-02 -4.8109510998316778e-02 2.1614644748618919e-01
155 8.1284385600229381e-02 8.3165332268590497e-01 -8.3422824305241339e-01 5.4062010245489900e-01
156 2.7898397518759288e-01 7.5592593923362195e-01 -6.6350479162267506e-01 5.6165941423120935e-01
157 1.0178756038540093e-01 8.2521835352008588e-01 -8.2271700875432030e-01 5.4839327977941199e-01
158 9.0987184585880398e-01 1.7318381112904296e-01 -8.8290988854772295e-02 2.8721843927978125e-01
159 8.2018581831069259e-01 3.1735886136104791e-01 -1.6667030405338315e-01 3.7889938341944929e-01
160 -4.3342038600041199e-01 9.0671508038039039e-01 -1.2453011536443861e+00 3.5374068758444993e-01
161 -5.2947522877264674e-01 9.0408234825947775e-01 -1.3105686704353017e+00 2.9869189283938663e-01
162 -4.0975560215867396e-01 9.0657572333749936e-01 -1.2231480852840484e+00 3.6465077332371182e-01
163 2.8880130611513344e-01 7.5128867743324490e-01 -6.4887478919325037e-01 5.5648375281561657e-01
164 2.8880130469897375e-01 7.5128868210661548e-01 -6.4887478919325037e-01 5.5648375281561657e-01
165 1.0026872158386330e-01 8.2554922038593281e-01 -8.2092873533874944e-01 5.4577390447918939e-01
166 4.1918426173378365e-01 -1.3593432284947435e+00 -8.2903337735786020e-01 -5.4416047518293476e-01
167 1.7664182290135499e-02 -1.4889651200339935e+00 -1.2245557139075991e+00 -3.6892098135490353e-01
168 9.9672777155937398e-01 -6.7817746435035198e-01 -1.0692964784092698e-01 -3.1023550731070487e-01
169 1.0438007624651056e+00 -3.8342892643707888e-01 -1.2690637175514935e-02 -1.1123377968828400e-01
170 1.0310727518286031e+00 -5.2768495973253715e-01 -4.8109510998316778e-02 -2.1614644748618919e-01
171 7.6514453192539578e-01 -1.0911485527895786e+00 -4.2792217970586444e-01 -5.3110611449573397e-01
172 1.0377595587618456e+00 -4.7907215846679257e-01 -3.1555999614104047e-02 -1.6986184842234822e-01
173 1.0439826955784399e+00 -3.8309634901468159e-01 -1.2095346082162037e-02 -1.0608930495033665e-01
174 1.0093402488462064e+00 -6.3383787574935979e-01 -8.8290988854772295e-02 -2.8721843927978125e-01
175 6.4383231390187168e-01 -1.2095455872201635e+00 -5.7380941471445923e-01 -5.5756832292798364e-01
176 7.5573734125233960e-01 3.9930837049506185e-01 -2.2507392063356083e-01 4.2749907082056993e-01
177 8.2018581638899724e-01 3.1735885703872702e-01 -1.6667030405338318e-01 3.7889938341944934e-01
178 1.0150068729124595e-01 8.2517419925721547e-01 -8.1952416224914348e-01 5.4582866756351711e-01
179 1.0178753376140748e-01 8.2521835194047666e-01 -8.2271700875432041e-01 5.4839327977941210e-01
180 -1.0795047284786813e-01 8.7781457125045959e-01 -9.9306091760022830e-01 4.9335646769050384e-01
181 7.4497966744906496e-01 -1.1133016071744000e+00 -4.5095238094450230e-01 -5.3538953095443920e-01
182 5.8864086294461493e-01 -1.2533993531248473e+00 -6.4185192748951281e-01 -5.6435866619051500e-01
183 7.1924591886186362e-01 -1.1399993645288260e+00 -4.7788633313730866e-01 -5.3727627424904156e-01
184 7.4497966769734614e-01 -1.1133015970196571e+00 -4.5095238094450224e-01 -5.3538953095443909e-01
185 5.8864086493722900e-01 -1.2533993570124120e+00 -6.4185192748951281e-01 -5.6435866619051500e-01
186 5.9751747063137362e-01 -1.2466832066030205e+00 -6.2358098060873379e-01 -5.5658974199218247e-01
187 1.5861746980256997e-01 -1.4595260639762409e+00 -1.0943104332687348e+00 -4.4895239660198361e-01
188 1.2078547984418581e-01 -1.4689558564994103e+00 -1.1296384661512793e+00 -4.2915072520669911e-01
189 1.0758552288812895e-02 -1.4898759073621057e+00 -1.2303750464655392e+00 -3.6455427705866850e-01
190 1.0359831697526449e+00 -2.2682669402821742e-01 -2.6213895946119943e-33 3.0874149174345108e-17
191 1.0371238003669638e+00 -4.8288961388454532e-01 -3.4497657407904461e-02 -1.8341883964853922e-01
192 1.0360554362806604e+00 -2.2682127221349857e-01 -2.5460559739666776e-33 3.0875344545082888e-17
193 -2.8424020463331140e-01 9.0093089547653360e-01 -1.1328123820901272e+00 4.2625835074894969e-01
194 8.8154943960118981e-01 -9.3391471518549629e-01 -2.7164108367189627e-01 -4.5620288597631203e-01
195 7.8532555888303113e-01 -1.0676124794199915e+00 -4.0494178438776468e-01 -5.2630869080820297e-01
196 7.4497966781552949e-01 -1.1133015976177991e+00 -4.5095238094450230e-01 -5.3538953095443920e-01
197 8.5834028079938052e-01 2.6125757815367129e-01 -1.3411918445881665e-01 3.4783967184222397e-01
198 6.7874975112822711e-01 4.8166419959288748e-01 -2.9626809865875092e-01 4.7313308204660587e-01
199 9.5830248778891636e-01 -7.8454813273401647e-01 -1.6667030405338315e-01 -3.7889938341944929e-01
200 8.9285988818006867e-01 -9.1496257747867193e-01 -2.6216349114017679e-01 -4.5740349815083658e-01
201 2.5948252688648848e-01 -1.4284313172288299e+00 -9.9306091760022830e-01 -4.9335646769050384e-01
202 1.2078547222410158e-01 -1.4689558805689276e+00 -1.1296384661512791e+00 -4.2915072520669906e-01
203 1.1617108508636226e-01 -1.4700407791793064e+00 -1.1328123820901272e+00 -4.2625835074894969e-01
204 5.2272205422667994e-01 -1.2992324420997794e+00 -7.1251952077938996e-01 -5.5805323460678624e-01
205 4.4305387882389291e-01 -1.3466557329159725e+00 -7.9796736440312743e-01 -5.4533760324285008e-01
206 1.0360554276713847e+00 -2.2682117493733606e-01 -3.0820677579596620e-33 3.7375417080889808e-17
207 8.0329046754545264e-01 -1.0454754611727317e+00 -3.7600476842715758e-01 -5.0969429356249707e-01
208 5.9179679244611405e-01 5.5997485942138980e-01 -3.7600476842715758e-01 5.0969429356249707e-01
209 4.8277923187062155e-01 6.4133756550697929e-01 -4.7872446313188677e-01 5.4300198268577637e-01
210 3.4528323953577261e-01 7.2315911914939868e-01 -6.0327178246309854e-01 5.5964072451765035e-01
211 5.9751747562389779e-01 -1.2466831992403176e+00 -6.2358098060873368e-01 -5.5658974199218236e-01
212 4.2757990049324551e-01 -1.3549676145673399e+00 -8.1952416224914348e-01 -5.4582866756351711e-01
213 -6.2054155234046837e-02 -1.4986883245241231e+00 -1.2935045649084049e+00 -3.1560623700112278e-01
214 -9.4553055356553450e-02 -1.5012723606714693e+00 -1.3204743552583829e+00 -2.9229956815556501e-01
215 -1.3982848495088021e-01 -1.5037385516629234e+00 -1.3587389955007274e+00 -2.5854152221152110e-01
216 1.0310727571210097e+00 -5.2768495795825054e-01 -4.8109510998316778e-02 -2.1614644748618919e-01
217 9.4829413271405738e-01 -8.0735807279058247e-01 -1.8137938601655881e-01 -3.9276566029618670e-01
218 9.9589616859026908e-01 -6.8071479788077638e-01 -1.0744318662038026e-01 -3.0948665712793677e-01
219 3.4528324445690528e-01 7.2315912081695222e-01 -6.0327178246309854e-01 5.5964072451765035e-01
220 9.0906001354600197e-02 8.2848878929328706e-01 -8.2903337735786020e-01 5.4416047518293476e-01
221 2.2189176737075300e-01 7.8088037480287353e-01 -7.1251952077939018e-01 5.5805323460678624e-01
222 1.0299782408008482e+00 -5.3533416036224102e-01 -4.8982935533002848e-02 -2.1414291971149296e-01
223 9.5830248625692072e-01 -7.8454812920341421e-01 -1.6667030405338318e-01 -3.7889938341944934e-01
224 9.5369369343718002e-01 8.0768944047970470e-02 -4.9534638434672366e-02 2.1402002330401432e-01
225 1.0359976363718562e+00 -2.2685347311862650e-01 -1.4855342395348149e-34 6.5047691737172570e-18
226 1.0055186850419815e+00 -6.9464757963513368e-02 -1.2197446241577719e-02 1.0546773935820719e-01
227 1.0361597973494467e+00 -2.2681598887429896e-01 -2.8042486155167351e-33 3.5749166407234724e-17
228 9.7650767681903594e-01 2.2783453459792380e-02 -3.1555999614104061e-02 1.6986184842234830e-01
229 9.7599128521547551e-01 2.4174785754353056e-02 -3.4035828107358633e-02 1.8256278542634435e-01
230 -3.4918758292927254e-01 9.0493261120537505e-01 -1.1816624408259702e+00 3.9603749319989995e-01
231 -4.0462093909015168e-01 9.0660222036011318e-01 -1.2245557139075991e+00 3.6892098135490353e-01
232 -5.0156586979837869e-01 9.0540758654239106e-01 -1.2935045649084049e+00 3.1560623700112278e-01
233 7.1499772895613600e-01 4.4471430142914009e-01 -2.6477546089615916e-01 4.5706719967658760e-01
234 8.1387841740280131e-01 3.2604977606105201e-01 -1.7271955515923604e-01 3.8494345452525769e-01
235 6.2472493532772844e-01 5.3210745078738320e-01 -3.4878209492755591e-01 5.0175734841160691e-01
236 -1.0795036797341412e-01 8.7781458068417939e-01 -9.9306091760022819e-01 4.9335646769050379e-01
237 -2.8424020499056685e-01 9.0093089551469596e-01 -1.1328123820901272e+00 4.2625835074894969e-01
238 -2.7859957319659762e-01 9.0044077400337352e-01 -1.1296384661512791e+00 4.2915072520669906e-01
239 -1.3982848532778533e-01 -1.5037385503812937e+00 -1.3587389955007274e+00 -2.5854152221152110e-01
240 -1.4575544631692908e-01 -1.5038862817434999e+00 -1.3621940201893381e+00 -2.5376749812552601e-01
241 -1.6619414288009157e-01 -1.5044503673172747e+00 -1.3796296219838442e+00 -2.3795400006033743e-01
242 6.3808133135270961e-01 5.2005805773112235e-01 -3.3832881418478178e-01 4.9938863230884162e-01
243 4.4305387566243309e-01 -1.3466557287692078e+00 -7.9796736440312743e-01 -5.4533760324285008e-01
244 -2.7386191159461559e-02 8.6087840612804767e-01 -9.2506668392088409e-01 5.1584591671308599e-01
245 -1.4713401970634243e-01 8.8446074341548386e-01 -1.0256231707880581e+00 4.8055568483566641e-01
246 -2.2338749274509068e-01 8.9496035326457757e-01 -1.0899377942918733e+00 4.5382887798642202e-01
247 5.8864086301991558e-01 -1.2533993603037583e+00 -6.4185192748951281e-01 -5.6435866619051500e-01
248 3.4528323051468907e-01 7.2315913381367791e-01 -6.0327178246309854e-01 5.5964072451765035e-01
249 2.2387563136155203e-01 7.8002324174364879e-01 -7.1045357303207535e-01 5.5777492401845863e-01
250 9.0905941548862834e-02 8.2848878436084072e-01 -8.2903337735786020e-01 5.4416047518293476e-01
251 9.1716967694684559e-01 -8.7146462945417147e-01 -2.2507392063356085e-01 -4.2749907082056998e-01
252 2.7605862935772829e-01 -1.4225080091066227e+00 -9.8220276197069933e-01 -5.0315389013412148e-01
253 1.1617108500514922e-01 -1.4700407805034486e+00 -1.1328123820901277e+00 -4.2625835074894980e-01
254 1.4490061225010059e-01 -1.4631321028577597e+00 -1.1060077580236189e+00 -4.4160634373173258e-01
255 9.7599128653383616e-01 2.4174784390037313e-02 -3.4035828107358626e-02 1.8256278542634433e-01
256 9.7650767751856205e-01 2.2783453462616343e-02 -3.1555999614104061e-02 1.6986184842234830e-01
257 8.6215718469842806e-01 2.5528692097733369e-01 -1.2649151083410279e-01 3.3217029082347804e-01
258 4.4305386162162147e-01 -1.3466557566356192e+00 -7.9796736440312743e-01 -5.4533760324285008e-01
259 3.2617194182654163e-01 -1.4027144352482082e+00 -9.2290209630794984e-01 -5.1585383113520300e-01
260 5.2429020462943221e-01 -1.2982405079747037e+00 -7.1045357303207535e-01 -5.5777492401845863e-01
261 4.1918423027086149e-01 -1.3593432800537717e+00 -8.2903337735786020e-01 -5.4416047518293476e-01
262 1.0293511048115105e+00 -5.3850792819733173e-01 -4.9534638434672359e-02 -2.1402002330401426e-01
263 1.0437690547028300e+00 -3.8524261292836071e-01 -1.2197446241577715e-02 -1.0546773935820715e-01
264 1.0056818392207441e+00 -6.4722259672749616e-01 -9.4014140096529655e-02 -2.9535947914074001e-01
265 8.8468671298572321e-01 2.1826659434738377e-01 -1.0744318662038024e-01 3.0948665712793677e-01
266 7.1499772680890439e-01 4.4471430190969491e-01 -2.6477546089615916e-01 4.5706719967658760e-01
267 8.1387841592047416e-01 3.2604977653447631e-01 -1.7271955515923607e-01 3.8494345452525774e-01
268 1.0362456239267084e+00 -2.2681311956701120e-01 -2.4173818815267730e-33 3.3150115962645734e-17
269 -1.4575544762973883e-01 -1.5038862846436170e+00 -1.3621940201893381e+00 -2.5376749812552601e-01
270 6.2472491524276741e-01 5.3210745246364877e-01 -3.4878209492755585e-01 5.0175734841160680e-01
271 3.7808986643750686e-01 7.0551852395156212e-01 -5.7380941471445923e-01 5.5756832292798364e-01
272 5.3956054093136441e-01 6.0127977089146167e-01 -4.2792217970586444e-01 5.3110611449573397e-01
273 2.7738548321771328e-01 -1.4219178827456838e+00 -9.7572820305573149e-01 -5.0051222128757467e-01
274 1.5861746945726113e-01 -1.4595260628532452e+00 -1.0943104332687348e+00 -4.4895239660198366e-01
275 4.6583176712661850e-01 6.5252641561110702e-01 -4.8890550571413055e-01 5.3973556591015104e-01
276 4.7768866120452241e-01 6.4475477381023427e-01 -4.7788633313730855e-01 5.3727627424904145e-01
277 1.0362456146046812e+00 -2.2681308419795401e-01 -2.4173818815267730e-33 3.3150115962645734e-17
278 1.0439826894318565e+00 -3.8309634456699837e-01 -1.2095346082162037e-02 -1.0608930495033665e-01
279 8.6215718260426333e-01 2.5528692093187461e-01 -1.2649151083410279e-01 3.3217029082347804e-01
280 7.0270897969430213e-01 4.5754195118311830e-01 -2.7164108367189627e-01 4.5620288597631203e-01
281 5.9179680070341822e-01 5.5997486004155206e-01 -3.7600476842715758e-01 5.0969429356249707e-01
282 4.8277923707190334e-01 6.4133749589117883e-01 -4.7872446313188677e-01 5.4300198268577637e-01
283 -1.3982848568382591e-01 -1.5037385515499904e+00 -1.3587389955007274e+00 -2.5854152221152110e-01
284 -8.8968965232467861e-02 -1.5009965732861485e+00 -1.3157382331435752e+00 -2.9614632239432520e-01
285 -5.9589376623129642e-01 8.9950824486081704e-01 -1.3587389955007274e+00 2.5854152221152110e-01
286 -6.0306386149692182e-01 8.9882805657000941e-01 -1.3621940201893381e+00 2.5376749812552601e-01
287 -6.2781514947024819e-01 8.9644948273913860e-01 -1.3796296219838442e+00 2.3795400006033743e-01
288 1.0371237986760664e+00 -4.8288961482017867e-01 -3.4497657407904461e-02 -1.8341883964853922e-01
289 9.8054070042567065e-01 -7.2732161490721525e-01 -1.3289836422742191e-01 -3.4293139398804801e-01
290 9.8108934799432346e-01 -7.2562337390014320e-01 -1.3411918445881665e-01 -3.4783967184222397e-01
291 1.0377595592715105e+00 -4.7907215836805372e-01 -3.1555999614104047e-02 -1.6986184842234822e-01
292 9.8342078151718126e-01 -7.1935530579941731e-01 -1.2649151083410279e-01 -3.3217029082347804e-01
293 1.0093402500998285e+00 -6.3383787227197042e-01 -8.8290988854772282e-02 -2.8721843927978113e-01
294 3.2453850380664828e-01 -1.4033844241286177e+00 -9.2506668392088409e-01 -5.1584591671308599e-01
295 1.6586052105017304e-01 -1.4576469124815215e+00 -1.0899377942918733e+00 -4.5382887798642202e-01
296 1.2088445636326267e-01 8.1870436264971236e-01 -7.9796736440312743e-01 5.4533760324285008e-01
297 -7.8271157432591942e-02 8.7204332901737691e-01 -9.6906492104313968e-01 5.0267212642755188e-01
298 4.7768867685442740e-01 6.4475470009172642e-01 -4.7788633313730866e-01 5.3727627424904156e-01
299 6.7874975085215439e-01 4.8166420000040483e-01 -2.9626809865875092e-01 4.7313308204660587e-01
300 4.6583177340343174e-01 6.5252641707483339e-01 -4.8890550571413055e-01 5.3973556591015104e-01
301 -6.2054192177592560e-02 -1.4986883800472506e+00 -1.2935045649084049e+00 -3.1560623700112278e-01
302 -8.8968765720470383e-02 -1.5009962517059241e+00 -1.3157382331435754e+00 -2.9614632239432526e-01
303 -1.3982848459483979e-01 -1.5037385504942260e+00 -1.3587389955007274e+00 -2.5854152221152110e-01
304 9.4829413013357899e-01 -8.0735807334071419e-01 -1.8137938601655884e-01 -3.9276566029618676e-01
305 9.9589616650709378e-01 -6.8071479795973655e-01 -1.0744318662038023e-01 -3.0948665712793672e-01
306 8.8608387105579012e-01 2.1584339249564777e-01 -1.0692964784092698e-01 3.1023550731070487e-01
307 8.0416523496934444e-01 3.3894434288814740e-01 -1.8137938601655879e-01 3.9276566029618665e-01
308 6.1865629067870520e-01 -1.2301754804541516e+00 -6.0327178246309854e-01 -5.5964072451765035e-01
309 4.1143623240734789e-01 -1.3633746088321090e+00 -8.3422824305241328e-01 -5.4062010245489889e-01
310 4.2773746771961385e-01 -1.3549427668062581e+00 -8.2271700875432041e-01 -5.4839327977941210e-01
311 1.0299782376156335e+00 -5.3533416726328975e-01 -4.8982935533002848e-02 -2.1414291971149296e-01
312 7.8532556220066640e-01 -1.0676125344349345e+00 -4.0494178438776468e-01 -5.2630869080820297e-01
313 6.3099680730172580e-02 -1.4811460947998927e+00 -1.1816624408259704e+00 -3.9603749319990000e-01
314 1.0758527029906539e-02 -1.4898759443236158e+00 -1.2303750464655392e+00 -3.6455427705866850e-01
315 8.8468671486246087e-01 2.1826659404662996e-01 -1.0744318662038026e-01 3.0948665712793677e-01
316 9.5806523972236157e-01 7.0231404264508496e-02 -4.8109510998316778e-02 2.1614644748618919e-01
317 1.0053133881738388e+00 -6.9156132007865259e-02 -1.2975382420318300e-02 1.1208279481544134e-01
318 -1.0795045744678905e-01 8.7781457001354846e-01 -9.9306091760022830e-01 4.9335646769050384e-01
319 -2.7859959576529786e-01 9.0044077441942549e-01 -1.1296384661512793e+00 4.2915072520669911e-01
320 -2.8424020431229985e-01 9.0093089585672304e-01 -1.1328123820901272e+00 4.2625835074894969e-01
321 -1.4713400759585549e-01 8.8446074505408179e-01 -1.0256231707880581e+00 4.8055568483566641e-01
322 -3.4918758246198256e-01 9.0493261069075392e-01 -1.1816624408259702e+00 3.9603749319989995e-01
323 -2.3222798040132281e-01 8.9594291907608758e-01 -1.0943104332687348e+00 4.4895239660198361e-01
324 -8.5841409314339812e-02 8.7353101584999526e-01 -9.7572820305573149e-01 5.0051222128757467e-01
325 -2.7859959356569969e-01 9.0044077476017215e-01 -1.1296384661512791e+00 4.2915072520669906e-01
326 -2.3222797916652432e-01 8.9594291948144722e-01 -1.0943104332687346e+00 4.4895239660198349e-01
327 8.5733372972300648e-01 2.6290519592916833e-01 -1.3289836422742191e-01 3.4293139398804801e-01
328 8.5834028605532697e-01 2.6125754629290493e-01 -1.3411918445881665e-01 3.4783967184222397e-01
329 4.7768866256826875e-01 6.4475477556689997e-01 -4.7788633313730866e-01 5.3727627424904156e-01
330 6.9855012579826881e-01 4.6185667164444116e-01 -2.8168096092254946e-01 4.6920996034135043e-01
331 5.1218368995181263e-01 6.2104713834816705e-01 -4.5095238094450224e-01 5.3538953095443909e-01
332 1.0359976361245873e+00 -2.2685347096467606e-01 -2.9710684790696298e-34 1.3009538347434514e-17
333 -8.7365541200163543e-02 8.7403133174912961e-01 -9.8220276197069933e-01 5.0315389013412148e-01
334 -2.4901002642981396e-01 8.9780626271524666e-01 -1.1060077580236189e+00 4.4160634373173258e-01
335 -2.5316760797612248e-02 8.6041308822843598e-01 -9.2290209630794984e-01 5.1585383113520300e-01
336 6.9855012612796852e-01 4.6185667235007938e-01 -2.8168096092254941e-01 4.6920996034135037e-01
12 5.2429019001115174e-01 -1.2982405302491471e+00 -7.1045357303207524e-01 -5.5777492401845863e-01
338 -8.7365572539402414e-02 8.7403133040486136e-01 -9.8220276197069933e-01 5.0315389013412148e-01
339 9.5434897169921074e-01 -7.9370832460667884e-01 -1.7271955515923609e-01 -3.8494345452525786e-01
340 1.4479501106618278e-01 -1.4632040798039463e+00 -1.1104390726839433e+00 -4.4337567731088168e-01
341 1.6586054047059959e-01 -1.4576468381052965e+00 -1.0899377942918733e+00 -4.5382887798642202e-01
342 1.7664183384283383e-02 -1.4889651193375233e+00 -1.2245557139075991e+00 -3.6892098135490353e-01
343 4.8775310766714547e-01 6.3792084143996353e-01 -4.7451655874963161e-01 5.4241887665746547e-01
344 5.9179679580486677e-01 5.5997486029280852e-01 -3.7600476842715763e-01 5.0969429356249718e-01
345 3.4528323543582351e-01 7.2315913548123267e-01 -6.0327178246309865e-01 5.5964072451765046e-01
346 9.7599128580600081e-01 2.4174783110910647e-02 -3.4035828107358626e-02 1.8256278542634433e-01
337 8.5834028612778368e-01 2.6125754659878625e-01 -1.3411918445881668e-01 3.4783967184222409e-01
348 1.2088441996503785e-01 8.1870435969263988e-01 -7.9796736440312743e-01 5.4533760324285008e-01
349 2.5948256510889378e-01 -1.4284312621407254e+00 -9.9306091760022830e-01 -4.9335646769050384e-01
350 2.7605861430169520e-01 -1.4225080260352243e+00 -9.8220276197069933e-01 -5.0315389013412148e-01
351 1.1617108530369993e-01 -1.4700407804850975e+00 -1.1328123820901272e+00 -4.2625835074894969e-01
352 7.1939695544779769e-01 4.3991029623526573e-01 -2.6216349114017673e-01 4.5740349815083653e-01
353 8.2687405720232698e-01 -1.0148177384272927e+00 -3.4878209492755596e-01 -5.0175734841160691e-01
354 9.5434896618520959e-01 -7.9370828730352039e-01 -1.7271955515923601e-01 -3.8494345452525763e-01
355 9.0598515749773489e-01 -8.9211725476422443e-01 -2.4018959432584092e-01 -4.3807980236396432e-01
356 7.3901789818316010e-01 4.1867205109469441e-01 -2.4018959432584094e-01 4.3807980236396438e-01
357 6.7259342558545698e-01 4.8818716958302544e-01 -3.0786305834269151e-01 4.8596184242002982e-01
358 8.8154943981195566e-01 -9.3391471453593811e-01 -2.7164108367189627e-01 -4.5620288597631203e-01
359 5.9751747099304786e-01 -1.2466832057625425e+00 -6.2358098060873379e-01 -5.5658974199218247e-01
360 9.5369371196118524e-01 8.0769107913336274e-02 -4.9534638434672359e-02 2.1402002330401426e-01
361 8.5733372994675239e-01 2.6290519658957207e-01 -1.3289836422742191e-01 3.4293139398804801e-01
362 7.6514453048487607e-01 -1.0911485513782111e+00 -4.2792217970586444e-01 -5.3110611449573397e-01
363 7.0985418636384479e-01 -1.1495304730087372e+00 -4.9412655199868405e-01 -5.4549942894319337e-01
364 1.3357948982218493e-01 8.1439504426743070e-01 -7.8721972142545693e-01 5.4707872701925198e-01
365 2.2387559670528728e-01 7.8002323583448452e-01 -7.1045357303207535e-01 5.5777492401845863e-01
366 9.7160393639126308e-01 3.6335440843314165e-02 -3.8401100272322602e-02 1.9635392472113888e-01
367 1.0361048208633723e+00 -2.2682702053257625e-01 0.0000000000000000e+00 -6.5011904387192100e-18
368 -7.8271139663963152e-02 8.7204332968591391e-01 -9.6906492104313968e-01 5.0267212642755188e-01
369 -4.1298816069809086e-01 9.0663678027886296e-01 -1.2303750464655392e+00 3.6455427705866850e-01
370 7.6514452997541038e-01 -1.0911485528373428e+00 -4.2792217970586444e-01 -5.3110611449573397e-01
371 6.4383230437068795e-01 -1.2095455644835913e+00 -5.7380941471445923e-01 -5.5756832292798364e-01
372 7.1499772898007574e-01 4.4471430100723508e-01 -2.6477546089615916e-01 4.5706719967658760e-01
373 8.1387840252346000e-01 3.2604978113921829e-01 -1.7271955515923609e-01 3.8494345452525786e-01
374 5.6728690433267659e-01 -1.2689546751046101e+00 -6.6350479162267506e-01 -5.6165941423120935e-01
375 4.2773746198074813e-01 -1.3549427694407084e+00 -8.2271700875432041e-01 -5.4839327977941210e-01
376 4.1143623528944939e-01 -1.3633746021519282e+00 -8.3422824305241339e-01 -5.4062010245489900e-01
377 2.7898397263046443e-01 7.5592592882773091e-01 -6.6350479162267506e-01 5.6165941423120935e-01
378 -5.4099266289510450e-01 9.0347768208928625e-01 -1.3204743552583829e+00 2.9229956815556501e-01
379 -5.2947558753530655e-01 9.0408230436498183e-01 -1.3105686704353017e+00 2.9869189283938663e-01
380 -6.0306386501046705e-01 8.9882805723804693e-01 -1.3621940201893381e+00 2.5376749812552601e-01
381 -8.5841336111441735e-02 8.7353101480476203e-01 -9.7572820305573149e-01 5.0051222128757467e-01
382 -2.3222798247310067e-01 8.9594291880325971e-01 -1.0943104332687348e+00 4.4895239660198361e-01
383 4.7768867549068039e-01 6.4475469833506083e-01 -4.7788633313730866e-01 5.3727627424904156e-01
384 3.0651016519047170e-01 7.4290994910369013e-01 -6.4185192748951281e-01 5.6435866619051500e-01
385 2.7898396790403335e-01 7.5592592690025029e-01 -6.6350479162267506e-01 5.6165941423120935e-01
386 1.0360886714587565e+00 -2.2682088979644924e-01 -1.1890965119682846e-33 1.9501434419387894e-17
387 1.0299782372274060e+00 -5.3533415399270412e-01 -4.8982935533002848e-02 -2.1414291971149296e-01
388 9.9672777493454046e-01 -6.7817749697178531e-01 -1.0692964784092696e-01 -3.1023550731070476e-01
389 9.5369371043767182e-01 8.0769108605913242e-02 -4.9534638434672359e-02 2.1402002330401426e-01
390 1.0359976334960614e+00 -2.2685359880642070e-01 -1.4855342395348149e-34 6.5047691737172570e-18
391 1.0055186837444468e+00 -6.9464756968576430e-02 -1.2197446241577715e-02 1.0546773935820715e-01
392 8.5442226072214378e-01 2.6724228835051461e-01 -1.3688762718395500e-01 3.4984573043055028e-01
393 6.7874975136791127e-01 4.8166419879800515e-01 -2.9626809865875092e-01 4.7313308204660587e-01
394 7.2679990540674611e-01 -1.1323342818388984e+00 -4.7451655874963172e-01 -5.4241887665746558e-01
395 8.9285988726753795e-01 -9.1496254758140905e-01 -2.6216349114017679e-01 -4.5740349815083658e-01
396 4.2773747451142891e-01 -1.3549427545274098e+00 -8.2271700875432008e-01 -5.4839327977941188e-01
397 1.0293510560712369e+00 -5.3850761005626036e-01 -4.9534638434672359e-02 -2.1402002330401426e-01
398 1.0056818442211752e+00 -6.4722257801613092e-01 -9.4014140096529669e-02 -2.9535947914074007e-01
399 5.1218368456641650e-01 6.2104713587341343e-01 -4.5095238094450230e-01 5.3538953095443920e-01
400 6.9855012641937630e-01 4.6185667179847567e-01 -2.8168096092254946e-01 4.6920996034135043e-01
401 1.3357942684725094e-01 8.1439503874988817e-01 -7.8721972142545682e-01 5.4707872701925186e-01
402 1.0150068922680200e-01 8.2517419651707558e-01 -8.1952416224914360e-01 5.4582866756351711e-01
403 6.3099683265517681e-02 -1.4811460926138516e+00 -1.1816624408259702e+00 -3.9603749319989995e-01
404 1.7664182454206812e-02 -1.4889651208642656e+00 -1.2245557139075991e+00 -3.6892098135490353e-01
405 8.8608386815369033e-01 2.1584337854851737e-01 -1.0692964784092698e-01 3.1023550731070487e-01
406 8.0416522207569507e-01 3.3894433835179083e-01 -1.8137938601655881e-01 3.9276566029618670e-01
407 1.2078547901832720e-01 -1.4689558584372491e+00 -1.1296384661512791e+00 -4.2915072520669906e-01
408 1.0758569207544644e-02 -1.4898758814809527e+00 -1.2303750464655392e+00 -3.6455427705866850e-01
409 -6.0260125627992767e-03 -1.4922314123115012e+00 -1.2453011536443861e+00 -3.5374068758444993e-01
410 9.5499765843197204e-01 7.7707665118229047e-02 -4.8982935533002848e-02 2.1414291971149296e-01
411 9.0987184451223846e-01 1.7318380985794024e-01 -8.8290988854772295e-02 2.8721843927978125e-01
412 1.2088445069824039e-01 8.1870436933286561e-01 -7.9796736440312743e-01 5.4533760324285008e-01
413 -7.8271129889413982e-02 8.7204333213464313e-01 -9.6906492104313957e-01 5.0267212642755188e-01
414 -2.7386203174465662e-02 8.6087840478025934e-01 -9.2506668392088398e-01 5.1584591671308588e-01
415 5.3956053986744656e-01 6.0127977126773191e-01 -4.2792217970586455e-01 5.3110611449573419e-01
416 3.7808986363273828e-01 7.0551852406179338e-01 -5.7380941471445923e-01 5.5756832292798364e-01
417 9.4829413067349622e-01 -8.0735810899415250e-01 -1.8137938601655881e-01 -3.9276566029618670e-01
418 9.0905925791090636e-02 8.2848878181707875e-01 -8.2903337735786020e-01 5.4416047518293476e-01
419 2.2189177032432206e-01 7.8088037406236144e-01 -7.1251952077939018e-01 5.5805323460678624e-01
420 8.3644094062155394e-01 -1.0017169278895148e+00 -3.3832881418478183e-01 -4.9938863230884173e-01
421 -6.0260229024157730e-03 -1.4922314274476549e+00 -1.2453011536443861e+00 -3.5374068758444993e-01
422 -9.4553049842033221e-02 -1.5012723413693836e+00 -1.3204743552583829e+00 -2.9229956815556501e-01
423 -8.5049788769052448e-02 -1.5005457597801692e+00 -1.3105686704353021e+00 -2.9869189283938674e-01
424 4.2757989059420198e-01 -1.3549676286973258e+00 -8.1952416224914360e-01 -5.4582866756351711e-01
347 9.7650767705849328e-01 2.2783452493272821e-02 -3.1555999614104067e-02 1.6986184842234833e-01
426 -8.5841545998205371e-02 8.7353099923432120e-01 -9.7572820305573171e-01 5.0051222128757467e-01
427 8.8608386647697579e-01 2.1584337717603397e-01 -1.0692964784092698e-01 3.1023550731070487e-01
428 -4.1298820011474524e-01 9.0663677657565334e-01 -1.2303750464655392e+00 3.6455427705866850e-01
429 -4.3342039729146042e-01 9.0671507910375071e-01 -1.2453011536443861e+00 3.5374068758444993e-01
430 -5.0156578503123272e-01 9.0540759500886270e-01 -1.2935045649084049e+00 3.1560623700112278e-01
431 -5.9589376820244899e-01 8.9950824504791749e-01 -1.3587389955007274e+00 2.5854152221152110e-01
432 -5.4099266414892233e-01 9.0347768160880870e-01 -1.3204743552583829e+00 2.9229956815556501e-01
433 -5.9589376697887719e-01 8.9950824485633496e-01 -1.3587389955007274e+00 2.5854152221152110e-01
434 1.0059447032447835e+00 -7.1238583674879716e-02 -1.2690637175514939e-02 1.1123377968828402e-01
435 5.9179678754756193e-01 5.5997485967264560e-01 -3.7600476842715758e-01 5.0969429356249707e-01
436 2.2387550541082768e-01 7.8002323917929994e-01 -7.1045357303207535e-01 5.5777492401845863e-01
437 -2.5316668327511116e-02 8.6041309784915465e-01 -9.2290209630794984e-01 5.1585383113520300e-01
438 1.0371237996413498e+00 -4.8288961459067004e-01 -3.4497657407904461e-02 -1.8341883964853922e-01
439 1.7664183220211960e-02 -1.4889651185072523e+00 -1.2245557139075991e+00 -3.6892098135490353e-01
440 1.4479550959245183e-01 -1.4632033344543844e+00 -1.1104390726839433e+00 -4.4337567731088168e-01
441 9.1716967888169765e-01 -8.7146462715559281e-01 -2.2507392063356083e-01 -4.2749907082056993e-01
442 7.8532555884751132e-01 -1.0676124774991369e+00 -4.0494178438776468e-01 -5.2630869080820297e-01
443 2.2189177409960642e-01 7.8088036699332808e-01 -7.1251952077939018e-01 5.5805323460678624e-01
444 8.6496208574023981e-01 -9.6001222867947533e-01 -2.9626809865875098e-01 -4.7313308204660592e-01
445 8.7864666281497850e-01 -9.3857362716796144e-01 -2.8168096092254946e-01 -4.6920996034135043e-01
446 8.6215718310652190e-01 2.5528692166608230e-01 -1.2649151083410282e-01 3.3217029082347815e-01
447 9.7599128594331053e-01 2.4174787033479833e-02 -3.4035828107358626e-02 1.8256278542634433e-01
448 -5.0156670847975482e-01 9.0540750185926189e-01 -1.2935045649084049e+00 3.1560623700112278e-01
449 4.8775314303209211e-01 6.3792083735236516e-01 -4.7451655874963161e-01 5.4241887665746547e-01
450 -6.2053833390521396e-02 -1.4986878261033678e+00 -1.2935045649084049e+00 -3.1560623700112278e-01
451 4.8277923214127999e-01 6.4133756520592755e-01 -4.7872446313188677e-01 5.4300198268577637e-01
452 3.7808985322756006e-01 7.0551854817800908e-01 -5.7380941471445923e-01 5.5756832292798364e-01
453 -2.3222798123830685e-01 8.9594291920861802e-01 -1.0943104332687348e+00 4.4895239660198366e-01
454 1.0026875028981197e-01 8.2554922417967080e-01 -8.2092873533874944e-01 5.4577390447918939e-01
455 8.5733372991778112e-01 2.6290518851578049e-01 -1.3289836422742191e-01 3.4293139398804801e-01
456 9.7508860133687891e-01 2.6511492322081109e-02 -3.4497657407904468e-02 1.8341883964853925e-01
457 1.0359250404577016e+00 -2.2683625584032238e-01 -3.3438980659421926e-33 3.9007142632315265e-17
458 1.0369762310980206e+00 -4.8364137586440026e-01 -3.5003074932465537e-02 -1.8570725996403284e-01
459 1.0369762315328039e+00 -4.8364137729128964e-01 -3.5003074932465537e-02 -1.8570725996403284e-01
460 -3.4918758456071786e-01 9.0493261092973831e-01 -1.1816624408259702e+00 3.9603749319989995e-01
461 4.6515759510685617e-01 6.5322752172178067e-01 -4.9412655199868405e-01 5.4549942894319337e-01
462 2.5948257487497123e-01 -1.4284312536982458e+00 -9.9306091760022830e-01 -4.9335646769050384e-01
463 2.8352768027702402e-01 -1.4196752070523955e+00 -9.6906492104313957e-01 -5.0267212642755188e-01
464 2.5948253665256782e-01 -1.4284313087863476e+00 -9.9306091760022830e-01 -4.9335646769050384e-01
465 1.0359900472597006e+00 -2.2684021088003126e-01 -2.9304182319191253e-34 6.5021507943010022e-18
466 1.0436786761431212e+00 -3.8559688694467070e-01 -1.2975382420318298e-02 -1.1208279481544131e-01
467 9.8108934960277816e-01 -7.2562335808592815e-01 -1.3411918445881665e-01 -3.4783967184222397e-01
468 9.8054070286782036e-01 -7.2732162992754001e-01 -1.3289836422742191e-01 -3.4293139398804801e-01
469 2.7738558399377744e-01 -1.4219177516089967e+00 -9.7572820305573149e-01 -5.0051222128757467e-01
470 3.0651017042264866e-01 7.4290994675952127e-01 -6.4185192748951292e-01 5.6435866619051511e-01
471 3.1790437842285801e-01 7.3719288616891898e-01 -6.2358098060873368e-01 5.5658974199218236e-01
472 1.0093402501356206e+00 -6.3383787422247106e-01 -8.8290988854772295e-02 -2.8721843927978125e-01
473 1.0436786756754677e+00 -3.8559688723192620e-01 -1.2975382420318296e-02 -1.1208279481544130e-01
474 4.4305385846016054e-01 -1.3466557524888567e+00 -7.9796736440312743e-01 -5.4533760324285008e-01
475 2.8352769245605747e-01 -1.4196751879443479e+00 -9.6906492104313957e-01 -5.0267212642755188e-01
476 -2.2338757341304721e-01 8.9496034245722222e-01 -1.0899377942918733e+00 4.5382887798642202e-01
477 1.0059447057871236e+00 -7.1238592268208514e-02 -1.2690637175514941e-02 1.1123377968828403e-01
478 1.0360886752514926e+00 -2.2682088510675291e-01 -1.5854620159577125e-33 2.6001912559183850e-17
479 9.8342078234318098e-01 -7.1935530543191928e-01 -1.2649151083410279e-01 -3.3217029082347804e-01
480 1.0359976337433312e+00 -2.2685360096037160e-01 -3.7138355988370369e-34 1.6261922934293138e-17
481 1.0437690576751988e+00 -3.8524261340348276e-01 -1.2197446241577713e-02 -1.0546773935820712e-01
482 2.8880131581866442e-01 7.5128868280508820e-01 -6.4887478919325037e-01 5.5648375281561657e-01
483 -8.5049649063238753e-02 -1.5005455138294646e+00 -1.3105686704353021e+00 -2.9869189283938674e-01
484 1.2078547139824194e-01 -1.4689558825067721e+00 -1.1296384661512791e+00 -4.2915072520669906e-01
485 1.1617108478781069e-01 -1.4700407791976584e+00 -1.1328123820901272e+00 -4.2625835074894969e-01
486 9.8342078174039016e-01 -7.1935530386934365e-01 -1.2649151083410279e-01 -3.3217029082347804e-01
487 2.2780469399787340e-01 -1.4391575533885317e+00 -1.0256231707880579e+00 -4.8055568483566635e-01
488 3.9181831050574900e-01 6.9772579382294408e-01 -5.6145059442509737e-01 5.5635589548410924e-01
489 1.3425775487452163e-02 -1.4894500049893256e+00 -1.2231480852840484e+00 -3.6465077332371182e-01
490 8.8981679824324555e-01 -9.2008257405334315e-01 -2.6477546089615916e-01 -4.5706719967658760e-01
491 -3.4918758083053469e-01 9.0493261096639077e-01 -1.1816624408259702e+00 3.9603749319989995e-01
492 3.0651016650361629e-01 7.4290994579384995e-01 -6.4185192748951281e-01 5.6435866619051500e-01
493 7.2679988699250697e-01 -1.1323342824272919e+00 -4.7451655874963161e-01 -5.4241887665746547e-01
494 6.1865630049035536e-01 -1.2301754919041938e+00 -6.0327178246309854e-01 -5.5964072451765035e-01
495 3.1790438008382732e-01 7.3719288606914124e-01 -6.2358098060873368e-01 5.5658974199218236e-01
496 9.0298197111191059e-01 1.8609225767526644e-01 -9.4014140096529683e-02 2.9535947914074012e-01
497 8.4675121927654118e-01 2.7946385147502828e-01 -1.4611257427563862e-01 3.6310333083574914e-01
498 3.2617197484516702e-01 -1.4027143622702991e+00 -9.2290209630794984e-01 -5.1585383113520300e-01
499 6.7874975061247023e-01 4.8166420079528688e-01 -2.9626809865875098e-01 4.7313308204660592e-01
500 1.0359740774356663e+00 -4.9291797332813403e-01 -3.8401100272322596e-02 -1.9635392472113886e-01
501 9.7422265310923106e-01 -7.4463296038461779e-01 -1.4611257427563859e-01 -3.6310333083574908e-01
502 5.6728690694194828e-01 -1.2689546675640921e+00 -6.6350479162267506e-01 -5.6165941423120935e-01
503 1.0436786716758348e+00 -3.8559688705845452e-01 -1.2975382420318298e-02 -1.1208279481544131e-01
504 1.0053133852690925e+00 -6.9156133375196951e-02 -1.2975382420318300e-02 1.1208279481544134e-01
505 1.5861746887696501e-01 -1.4595260656281255e+00 -1.0943104332687348e+00 -4.4895239660198361e-01
506 3.9181833783726261e-01 6.9772578662083806e-01 -5.6145059442509748e-01 5.5635589548410935e-01
507 9.7508860090437366e-01 2.6511491390330377e-02 -3.4497657407904468e-02 1.8341883964853925e-01
508 8.9285988547259310e-01 -9.1496254700032376e-01 -2.6216349114017679e-01 -4.5740349815083658e-01
509 8.3644093774128381e-01 -1.0017169092204119e+00 -3.3832881418478178e-01 -4.9938863230884162e-01
510 7.2679989244354848e-01 -1.1323342994851724e+00 -4.7451655874963172e-01 -5.4241887665746558e-01
511 -2.5316807076251835e-02 8.6041308614709877e-01 -9.2290209630794984e-01 5.1585383113520300e-01
512 9.8108934788352797e-01 -7.2562337423235346e-01 -1.3411918445881668e-01 -3.4783967184222409e-01
513 1.0371237979504526e+00 -4.8288961552630527e-01 -3.4497657407904461e-02 -1.8341883964853922e-01
514 1.0369762312223278e+00 -4.8364137632597859e-01 -3.5003074932465544e-02 -1.8570725996403287e-01
515 -8.7365590658664838e-02 8.7403132827641339e-01 -9.8220276197069922e-01 5.0315389013412148e-01
516 -2.4901017999564590e-01 8.9780624684258203e-01 -1.1060077580236189e+00 4.4160634373173258e-01
517 -2.8424020395504163e-01 9.0093089581856078e-01 -1.1328123820901272e+00 4.2625835074894969e-01
518 8.2018581897310494e-01 3.1735885700673017e-01 -1.6667030405338315e-01 3.7889938341944929e-01
519 7.5573734489652722e-01 3.9930837088717536e-01 -2.2507392063356085e-01 4.2749907082056998e-01
520 5.1218368419274984e-01 6.2104713645328713e-01 -4.5095238094450224e-01 5.3538953095443909e-01
521 1.0178751747523385e-01 8.2521834945234529e-01 -8.2271700875432041e-01 5.4839327977941210e-01
522 8.0416523750291602e-01 3.3894434271301016e-01 -1.8137938601655881e-01 3.9276566029618670e-01
523 1.0360554263917918e+00 -2.2682117743557428e-01 -3.4840765959544012e-33 4.2250471482745002e-17
524 3.9181834552413219e-01 6.9772578099931870e-01 -5.6145059442509737e-01 5.5635589548410924e-01
525 7.3901789757204295e-01 4.1867204667072661e-01 -2.4018959432584086e-01 4.3807980236396427e-01
526 -4.3342038522477300e-01 9.0671508010788782e-01 -1.2453011536443863e+00 3.5374068758444999e-01
527 -4.1298814676161244e-01 9.0663677875250981e-01 -1.2303750464655392e+00 3.6455427705866850e-01
528 -5.4099268173421733e-01 9.0347768130019679e-01 -1.3204743552583829e+00 2.9229956815556501e-01
529 9.7879093421242302e-01 -7.3192096252275518e-01 -1.3688762718395497e-01 -3.4984573043055023e-01
530 4.1918422370051478e-01 -1.3593432934397580e+00 -8.2903337735786020e-01 -5.4416047518293476e-01
531 3.2453854145394034e-01 -1.4033843693659778e+00 -9.2506668392088409e-01 -5.1584591671308599e-01
532 1.0293510548134663e+00 -5.3850760996886338e-01 -4.9534638434672359e-02 -2.1402002330401426e-01
533 1.0056818420423854e+00 -6.4722257817496476e-01 -9.4014140096529655e-02 -2.9535947914074001e-01
534 1.0437690558652428e+00 -3.8524261321515618e-01 -1.2197446241577715e-02 -1.0546773935820715e-01
535 -2.5316714606166690e-02 8.6041309576781544e-01 -9.2290209630794984e-01 5.1585383113520300e-01
536 2.7605862311997387e-01 -1.4225080220389912e+00 -9.8220276197069933e-01 -5.0315389013412148e-01
537 2.8880131723482294e-01 7.5128867813171973e-01 -6.4887478919325037e-01 5.5648375281561657e-01
538 3.1790438640033347e-01 7.3719289460164250e-01 -6.2358098060873368e-01 5.5658974199218236e-01
539 8.3644093837999467e-01 -1.0017169097991752e+00 -3.3832881418478178e-01 -4.9938863230884162e-01
540 1.0055186856536997e+00 -6.9464757393491644e-02 -1.2197446241577715e-02 1.0546773935820715e-01
541 9.0598515938473767e-01 -8.9211725460585434e-01 -2.4018959432584094e-01 -4.3807980236396438e-01
542 8.6056900574452311e-01 -9.6694000083923226e-01 -3.0786305834269151e-01 -4.8596184242002982e-01
543 7.6514453243486247e-01 -1.0911485513304473e+00 -4.2792217970586455e-01 -5.3110611449573419e-01
544 9.5499765983960150e-01 7.7707673459410320e-02 -4.8982935533002848e-02 2.1414291971149296e-01
545 8.8608387273250433e-01 2.1584339386813073e-01 -1.0692964784092700e-01 3.1023550731070487e-01
546 9.5830248675972551e-01 -7.8454813576972415e-01 -1.6667030405338312e-01 -3.7889938341944923e-01
547 7.8532556223618577e-01 -1.0676125363557896e+00 -4.0494178438776468e-01 -5.2630869080820297e-01
548 8.7864666312180906e-01 -9.3857362806316202e-01 -2.8168096092254941e-01 -4.6920996034135037e-01
549 7.1924592128267983e-01 -1.1399993277218363e+00 -4.7788633313730866e-01 -5.3727627424904156e-01
550 -5.0156662371270988e-01 9.0540751032571776e-01 -1.2935045649084049e+00 3.1560623700112278e-01
551 -1.4713406367201842e-01 8.8446074129499630e-01 -1.0256231707880581e+00 4.8055568483566641e-01
552 8.0329046544610549e-01 -1.0454754893184521e+00 -3.7600476842715763e-01 -5.0969429356249718e-01
553 7.2306101225441077e-01 -1.1361269604216451e+00 -4.7872446313188688e-01 -5.4300198268577649e-01
554 -2.2338736963054157e-01 8.9496036121653610e-01 -1.0899377942918733e+00 4.5382887798642202e-01
555 -2.4923528533058814e-01 8.9777339015319813e-01 -1.1104390726839433e+00 4.4337567731088168e-01
556 9.7879093393697192e-01 -7.3192096209688362e-01 -1.3688762718395500e-01 -3.4984573043055028e-01
557 8.5733372969403498e-01 2.6290518785537620e-01 -1.3289836422742191e-01 3.4293139398804801e-01
558 9.0598515900082466e-01 -8.9211725698761579e-01 -2.4018959432584086e-01 -4.3807980236396427e-01
559 2.2189177114603914e-01 7.8088036773384095e-01 -7.1251952077939029e-01 5.5805323460678635e-01
560 2.2780469587560204e-01 -1.4391575405728225e+00 -1.0256231707880579e+00 -4.8055568483566635e-01
561 2.7898397046116258e-01 7.5592593730614188e-01 -6.6350479162267506e-01 5.6165941423120935e-01
562 1.0178754409922580e-01 8.2521835103195462e-01 -8.2271700875432041e-01 5.4839327977941210e-01
563 8.6056900384199242e-01 -9.6693999979409906e-01 -3.0786305834269151e-01 -4.8596184242002971e-01
564 8.0329046433692641e-01 -1.0454754637968726e+00 -3.7600476842715758e-01 -5.0969429356249707e-01
565 1.3357945869040666e-01 8.1439504160493703e-01 -7.8721972142545682e-01 5.4707872701925186e-01
566 7.4497966756724909e-01 -1.1133016077725433e+00 -4.5095238094450224e-01 -5.3538953095443909e-01
567 9.7474777256034717e-01 2.7221011755623442e-02 -3.5003074932465544e-02 1.8570725996403287e-01
568 9.1716969407994786e-01 -8.7146464582594896e-01 -2.2507392063356085e-01 -4.2749907082056998e-01
569 8.8154943920830475e-01 -9.3391471563455442e-01 -2.7164108367189627e-01 -4.5620288597631203e-01
570 8.5442226095465479e-01 2.6724228798827282e-01 -1.3688762718395497e-01 3.4984573043055023e-01
571 8.5834028087183734e-01 2.6125757845955344e-01 -1.3411918445881665e-01 3.4783967184222397e-01
572 5.6700207370191991e-01 5.8001880568602349e-01 -4.0494178438776468e-01 5.2630869080820297e-01
573 -8.7365559319419972e-02 8.7403132962068131e-01 -9.8220276197069922e-01 5.0315389013412148e-01
574 7.0270897980405966e-01 4.5754195181003066e-01 -2.7164108367189627e-01 4.5620288597631203e-01
575 1.0061223678254128e+00 -7.1551308702546251e-02 -1.2095346082162041e-02 1.0608930495033668e-01
576 -5.9589376745486600e-01 8.9950824505240012e-01 -1.3587389955007274e+00 2.5854152221152110e-01
577 1.3425774572412730e-02 -1.4894500070013781e+00 -1.2231480852840484e+00 -3.6465077332371182e-01
578 9.1716969214509647e-01 -8.7146464812452895e-01 -2.2507392063356085e-01 -4.2749907082056998e-01
579 5.6700205221692934e-01 5.8001879598710993e-01 -4.0494178438776468e-01 5.2630869080820297e-01
580 3.7808985603232920e-01 7.0551854806777869e-01 -5.7380941471445912e-01 5.5756832292798353e-01
581 6.3099682612003716e-02 -1.4811460937750132e+00 -1.1816624408259702e+00 -3.9603749319989995e-01
582 7.1939695894744282e-01 4.3991031111283374e-01 -2.6216349114017673e-01 4.5740349815083653e-01
583 1.0150066515707212e-01 8.2517419718168339e-01 -8.1952416224914348e-01 5.4582866756351711e-01
584 3.2453850842244336e-01 -1.4033844161134468e+00 -9.2506668392088409e-01 -5.1584591671308599e-01
585 9.7474777341673646e-01 2.7221011371423243e-02 -3.5003074932465544e-02 1.8570725996403287e-01
586 1.0093402513892424e+00 -6.3383787074508080e-01 -8.8290988854772295e-02 -2.8721843927978125e-01
587 7.1939696007969467e-01 4.3991031025046584e-01 -2.6216349114017673e-01 4.5740349815083653e-01
588 1.0361597977641366e+00 -2.2681599208341363e-01 -2.4218510770371802e-33 3.0874280078975438e-17
589 1.0377595597625910e+00 -4.7907215817017385e-01 -3.1555999614104047e-02 -1.6986184842234822e-01
590 1.3357939571547151e-01 8.1439503608739250e-01 -7.8721972142545693e-01 5.4707872701925198e-01
591 -5.3425689746292426e-01 9.0392941917751934e-01 -1.3157382331435752e+00 2.9614632239432520e-01
592 1.0369762316571112e+00 -4.8364137775286908e-01 -3.5003074932465544e-02 -1.8570725996403287e-01
593 9.8108934971357364e-01 -7.2562335775371789e-01 -1.3411918445881665e-01 -3.4783967184222397e-01
594 9.7508859990273988e-01 2.6511491435626339e-02 -3.4497657407904461e-02 1.8341883964853922e-01
595 1.0359831702977282e+00 -2.2682669301578756e-01 -2.4834217212113629e-33 2.9249193954642732e-17
596 8.1284378379839151e-02 8.3165332040478457e-01 -8.3422824305241339e-01 5.4062010245489900e-01
597 4.6515761458256460e-01 6.5322752120923389e-01 -4.9412655199868405e-01 5.4549942894319337e-01
598 8.3644093998284275e-01 -1.0017169273107513e+00 -3.3832881418478172e-01 -4.9938863230884156e-01
599 9.0298195926839186e-01 1.8609225750639996e-01 -9.4014140096529669e-02 2.9535947914074007e-01
600 9.7160394011911255e-01 3.6335441892374198e-02 -3.8401100272322602e-02 1.9635392472113888e-01
601 2.2387554006709526e-01 7.8002324508846421e-01 -7.1045357303207524e-01 5.5777492401845863e-01
602 8.6496208615629899e-01 -9.6001222929275343e-01 -2.9626809865875092e-01 -4.7313308204660587e-01
603 -6.2053796446935316e-02 -1.4986877705801638e+00 -1.2935045649084049e+00 -3.1560623700112278e-01
604 8.8981680025099918e-01 -9.2008257344872746e-01 -2.6477546089615916e-01 -4.5706719967658760e-01
605 8.2687405878829778e-01 -1.0148177384472390e+00 -3.4878209492755596e-01 -5.0175734841160691e-01
606 9.5434896785416568e-01 -7.9370828719846875e-01 -1.7271955515923607e-01 -3.8494345452525774e-01
607 6.7259342540890543e-01 4.8818717001410750e-01 -3.0786305834269151e-01 4.8596184242002982e-01
608 -4.0462094044200098e-01 9.0660221978892097e-01 -1.2245557139075987e+00 3.6892098135490342e-01
609 7.0270898069358689e-01 4.5754195175828422e-01 -2.7164108367189627e-01 4.5620288597631209e-01
610 1.0374856938019530e+00 -4.8049378447523089e-01 -3.4035828107358626e-02 -1.8256278542634433e-01
611 1.0360886711986945e+00 -2.2682090007909259e-01 -1.3872792639629982e-33 2.2751673489285869e-17
612 -4.0462093685626538e-01 9.0660222048451955e-01 -1.2245557139075991e+00 3.6892098135490353e-01
613 -5.3425642115907479e-01 9.0392946809336217e-01 -1.3157382331435752e+00 2.9614632239432520e-01
614 8.8981679772482558e-01 -9.2008257312577335e-01 -2.6477546089615916e-01 -4.5706719967658760e-01
615 1.0361048147484797e+00 -2.2682701875846895e-01 -1.0031694196188275e-32 5.8510713948472888e-17
616 1.5861746853165712e-01 -1.4595260645051344e+00 -1.0943104332687348e+00 -4.4895239660198361e-01
617 -4.0975560447799725e-01 9.0657572209796600e-01 -1.2231480852840484e+00 3.6465077332371182e-01
618 1.0437690565127862e+00 -3.8524261311668695e-01 -1.2197446241577713e-02 -1.0546773935820712e-01
619 3.1790438806130294e-01 7.3719289450186498e-01 -6.2358098060873379e-01 5.5658974199218247e-01
620 2.7605860806393878e-01 -1.4225080389675979e+00 -9.8220276197069922e-01 -5.0315389013412148e-01
621 1.4490054402363897e-01 -1.4631321979304355e+00 -1.1060077580236189e+00 -4.4160634373173258e-01
622 8.7864666313682327e-01 -9.3857362838886393e-01 -2.8168096092254941e-01 -4.6920996034135037e-01
623 5.2272205008499273e-01 -1.2992324407521803e+00 -7.1251952077939018e-01 -5.5805323460678624e-01
624 -6.0260173133030448e-03 -1.4922314196072901e+00 -1.2453011536443861e+00 -3.5374068758444993e-01
625 1.0293511060692810e+00 -5.3850792828472649e-01 -4.9534638434672359e-02 -2.1402002330401426e-01
626 7.1036167072663525e-01 -1.1488143802526243e+00 -4.8890550571413055e-01 -5.3973556591015104e-01
627 8.6496208595178181e-01 -9.6001222840191747e-01 -2.9626809865875098e-01 -4.7313308204660592e-01
628 -9.4553055752998161e-02 -1.5012723622918314e+00 -1.3204743552583829e+00 -2.9229956815556501e-01
629 1.0359740737821574e+00 -4.9291797538902560e-01 -3.8401100272322602e-02 -1.9635392472113888e-01
630 3.0651016910950402e-01 7.4290995006936089e-01 -6.4185192748951281e-01 5.6435866619051500e-01
631 5.9751747598557214e-01 -1.2466831983998399e+00 -6.2358098060873379e-01 -5.5658974199218247e-01
632 9.5499765702046169e-01 7.7707669057048373e-02 -4.8982935533002848e-02 2.1414291971149296e-01
633 4.8775314505054701e-01 6.3792084171917185e-01 -4.7451655874963172e-01 5.4241887665746558e-01
634 9.7422265097321370e-01 -7.4463296107720200e-01 -1.4611257427563859e-01 -3.6310333083574908e-01
635 1.0056818413995345e+00 -6.4722259656866188e-01 -9.4014140096529655e-02 -2.9535947914074001e-01
636 6.5434351370247590e-01 -1.2005851610064910e+00 -5.6145059442509737e-01 -5.5635589548410924e-01
637 1.0053133845512672e+00 -6.9156132837234999e-02 -1.2975382420318300e-02 1.1208279481544134e-01
638 8.6215718419616916e-01 2.5528692024312488e-01 -1.2649151083410279e-01 3.3217029082347804e-01
639 4.2757991113636229e-01 -1.3549675991824965e+00 -8.1952416224914348e-01 -5.4582866756351711e-01
640 5.3956053930506442e-01 6.0127977079283623e-01 -4.2792217970586455e-01 5.3110611449573419e-01
641 1.0360886749914302e+00 -2.2682089538939862e-01 -1.1890965119682846e-33 1.9501434419387894e-17
425 2.7738541802736483e-01 -1.4219179566504265e+00 -9.7572820305573149e-01 -5.0051222128757467e-01
