911 4 BEM3DMeshData
0 -2.2259824907421098e-03 4.9192666867297216e-02 -5.9176669875612284e-03 -4.0428679870076695e-03
2 -1.4855146476642773e-03 4.9692543922174759e-02 -6.0929661901121222e-03 -4.0645349950250683e-03
3 2.7713486054924696e-02 6.2992178363895937e-02 -1.5040500572631189e-02 -4.6288593035318393e-03
4 3.0707706131252982e-02 6.3882294212897844e-02 -1.6252331353883050e-02 -4.6658664871942496e-03
5 3.1261550809501749e-02 6.4040287508326688e-02 -1.6483943054939956e-02 -4.6724260187560691e-03
6 3.0863023967661992e-02 6.3926804581941443e-02 2.8554827021243481e-02 8.1685007892089625e-03
7 3.1713239966195468e-02 6.4167658483366100e-02 2.9180552297492637e-02 8.1859963231249201e-03
8 2.7682834278175722e-02 6.2982741599175260e-02 2.6299768486638390e-02 8.0998163603490363e-03
9 -6.8057397566754661e-03 4.5809382346701538e-02 4.1403300059546934e-02 3.3109595141366431e-02
10 -6.8582111287884837e-03 4.5767381446890472e-02 4.1304250771134164e-02 3.3093924711139935e-02
11 -7.0929437291279091e-03 4.5578494841322599e-02 4.0861870283865981e-02 3.3023422571985983e-02
12 -8.7332751266435641e-03 4.4211101999439895e-02 7.2268047180150960e-03 6.2154545798017288e-03
13 -6.5247376771242777e-03 4.6032947286181028e-02 8.0169389206834352e-03 6.3457143334973371e-03
14 -6.7828951612854908e-03 4.5827643192970266e-02 7.9235844843420986e-03 6.3310779017958421e-03
15 5.1905157189341953e-04 5.0988394169786996e-02 1.0687646224251085e-02 6.6958723830982695e-03
16 -7.9118315603639397e-04 5.0150647573987704e-02 1.0170921829987009e-02 6.6370846661692783e-03
17 -1.7631083299979760e-03 4.9506539685527949e-02 9.7939301533518756e-03 6.5917749925610957e-03
18 3.1136138637195832e-02 6.4004687741463215e-02 -1.6431288795436077e-02 -4.6709482346639136e-03
19 3.1033577462900138e-02 6.3975498101976377e-02 -1.6388319336010770e-02 -4.6697364379282786e-03
20 3.4393542920076153e-02 6.4897013635168477e-02 -1.7839357761928680e-02 -4.7079478754356021e-03
21 8.7199426619426928e-04 5.1208323653919266e-02 -6.6637338819205225e-03 -4.1300178873260613e-03
1 -3.5252466751961031e-03 4.8285847874350765e-02 -5.6143843729647329e-03 -4.0034692925941945e-03
23 2.2335573412963152e-04 5.0802293958924348e-02 -6.5047105029236501e-03 -4.1125088889732292e-03
24 1.9482311062864629e-02 6.0193991978849413e-02 2.1060322058823248e-02 7.8958944384531198e-03
25 1.5763950747687230e-02 5.8733447336214668e-02 1.8931255458421236e-02 7.7884624094193269e-03
26 1.6982063323581334e-02 5.9226955155560361e-02 1.9613046030069265e-02 7.8248126769423151e-03
27 5.7124494797638870e-02 6.9618071485889152e-02 -3.0388269807182296e-02 -4.9022996829682624e-03
28 5.7715617204501322e-02 6.9712849964533308e-02 -3.0787626084031718e-02 -4.9061780024522057e-03
29 6.2403805932285124e-02 7.0424965961986247e-02 -3.4104615675577481e-02 -4.9352890459464739e-03
30 -4.8655427599547862e-03 4.7308114519191161e-02 -5.3069694780871453e-03 -3.9608530704233992e-03
31 5.3566989141140440e-03 5.3810408029047394e-02 -7.8080283669496459e-03 -4.2416887633151597e-03
32 2.5386899781219539e-03 5.2215729778076883e-02 -7.0796146894655503e-03 -4.1733609117483366e-03
33 3.5767401034753261e-03 5.2818385397241145e-02 -7.3441322724589111e-03 -4.1992233741045774e-03
34 6.2614350654786960e-02 7.0455368630351400e-02 -3.4259975070818426e-02 -4.9365307764006137e-03
35 6.7632692977859343e-02 7.1142900687422711e-02 -3.8132922820521886e-02 -4.9645872215928217e-03
36 6.8578854899236999e-02 7.1264923724249321e-02 -3.8900662714561350e-02 -4.9695618320394798e-03
37 6.2458715603246139e-02 7.0432907508425791e-02 5.5485753384755761e-02 8.0203717909966242e-03
38 6.8771687759003511e-02 7.1289510755578697e-02 6.3470275656231923e-02 8.0771665247994975e-03
39 6.7326497797974089e-02 7.1102914033524728e-02 6.1566488057409073e-02 8.0648046982359327e-03
40 7.3897280293679243e-02 7.1909704274183542e-02 -1.5206949788188490e-01 -1.7485384235753007e-02
41 7.3626483003867135e-02 7.1878484344742088e-02 -1.5122487458222808e-01 -1.7480936872314421e-02
42 7.5774232628435398e-02 7.2121604491964447e-02 -1.5802745899538326e-01 -1.7515561297427224e-02
43 7.2611267909150193e-02 7.1759950921146023e-02 -1.4809156227021542e-01 -1.7464048462815386e-02
44 7.4237910336742693e-02 7.1948740355204321e-02 -1.5313725652472795e-01 -1.7490944567695323e-02
45 7.1429238042033369e-02 7.1618918954053840e-02 -1.4450873664617253e-01 -1.7443948303643545e-02
46 2.1398198122567266e-02 6.0895682996927311e-02 -1.2694136621035031e-02 -4.5413437589336414e-03
47 1.7707561733753450e-02 5.9513785341399020e-02 -1.1443587514398050e-02 -4.4833807336809011e-03
48 1.9228084476623962e-02 6.0098378653357765e-02 -1.1948655098884252e-02 -4.5079285832928841e-03
49 7.7103354608758196e-02 7.2267033378440940e-02 -1.6235757685414176e-01 -1.7536263310494724e-02
50 7.8993314574192633e-02 7.2467478001687138e-02 -1.6867663883895853e-01 -1.7564785245563014e-02
51 7.6073067410607167e-02 7.2154630699205385e-02 -1.5899292971053738e-01 -1.7520263250665517e-02
52 1.8871006701404458e-02 5.9963066428325322e-02 -1.1828790757058257e-02 -4.5022502327018918e-03
53 2.2526256629808016e-02 6.1293778992280314e-02 -1.3093496135298472e-02 -4.5580003900731938e-03
54 2.1656793869092583e-02 6.0987906019980866e-02 -1.2784957486735976e-02 -4.5452040686747401e-03
55 5.2380909140085509e-02 6.8813636064934014e-02 4.7826914845772658e-02 8.5213554585914595e-03
56 4.8934273938607054e-02 6.8176552419562275e-02 4.4211334610720888e-02 8.4756023011050095e-03
57 4.8699224748883170e-02 6.8131378527106337e-02 4.3972808150038997e-02 8.4723553133242060e-03
22 -1.6749974777032506e-03 4.9565758589188359e-02 -6.0479333753187883e-03 -4.0590429410042048e-03
59 4.0764089818940759e-02 6.6463600616865931e-02 3.6488383008040567e-02 8.3522209940160175e-03
60 3.7392200737606213e-02 6.5662222647550159e-02 3.3622299211169944e-02 8.2943141109807720e-03
61 5.4186066165526993e-02 6.9129222213748162e-02 4.9811106188628142e-02 8.5439930485538551e-03
62 5.0941182667955311e-02 6.8553173283996266e-02 4.6289457110467461e-02 8.5026586629536119e-03
63 2.3669075637103430e-02 6.1686186576044293e-02 2.1948231585744857e-02 7.4334018863577867e-03
64 2.5048348804933323e-02 6.2145706087624084e-02 2.2777459449546376e-02 7.4645748530863375e-03
65 2.1978214720466422e-02 6.1101730864116778e-02 2.0959972313306489e-02 7.3936967642298226e-03
66 2.0375779648941932e-02 6.0525318512579827e-02 -1.2339233646346700e-02 -4.5258309418020623e-03
67 1.7274680410607070e-02 5.9343270230632204e-02 -1.1302322960794073e-02 -4.4762129469965699e-03
68 2.0680495677398884e-02 6.0636668000846793e-02 -1.2444314072228149e-02 -4.5304965232323352e-03
69 -6.6896217179305151e-04 5.0230250294579212e-02 -6.2884329170692487e-03 -4.0878016100581623e-03
70 3.9110326847633026e-04 5.0908076033223275e-02 -6.5456883892813589e-03 -4.1170726954367857e-03
71 4.8100693669586241e-02 6.8015315938319526e-02 4.0272107093619280e-02 7.8594391030384486e-03
72 4.9677881331322907e-02 6.8317980820008492e-02 4.1760286592492910e-02 7.8796393561888813e-03
73 4.5192536986391155e-02 6.7429630921539710e-02 3.7636728577765254e-02 7.8203062222126640e-03
74 4.4151731221378837e-03 5.3291998825475646e-02 1.2286606766040676e-02 6.8567097409639949e-03
75 2.8400954589014320e-03 5.2392615428083482e-02 1.1628458836160397e-02 6.7940550052995883e-03
76 5.4407234526078242e-03 5.3855999740819463e-02 1.2724171439520334e-02 6.8959105369811226e-03
77 6.8084161104132249e-02 7.1201413085424770e-02 -3.8497735693184244e-02 -4.9669728245938525e-03
78 7.1319422976299271e-02 7.1605648537885050e-02 -4.1194118392710387e-02 -4.9834447514029408e-03
79 6.5002091680871579e-02 7.0791201850965435e-02 -3.6061594835536261e-02 -4.9502410839365714e-03
80 1.6008911961458427e-02 5.8833914196192681e-02 -1.0895524246833052e-02 -4.4547809362400223e-03
81 1.8850367543080341e-02 5.9955208788067697e-02 -1.1821886321618522e-02 -4.5019204221455012e-03
82 1.3711130365247293e-02 5.7866405733946837e-02 1.6542827994908336e-02 7.1727259536493075e-03
83 1.6266912531112929e-02 5.8939057922225833e-02 1.7838749702059849e-02 7.2462123207954381e-03
84 1.6982063323581334e-02 5.9226955155560361e-02 1.8212114170778608e-02 7.2658974857321519e-03
85 5.5617174541159351e-04 5.1011636929659383e-02 -6.5861121612968664e-03 -4.1215391528276399e-03
86 3.7559328365865220e-04 5.0898318315530815e-02 -6.5418952597598090e-03 -4.1166517793027107e-03
87 4.4130805922773304e-02 6.7206459163061200e-02 3.6708704372549722e-02 7.8053796926543439e-03
88 4.2852942011835975e-02 6.6930927653086059e-02 3.5615306736196707e-02 7.7869395308108645e-03
89 3.9442043459900128e-02 6.6156522020136457e-02 3.2818897024220556e-02 7.7350425647754878e-03
90 8.0344874418974505e-02 7.2606404690578219e-02 -1.7331412451623826e-01 -1.7584545686599697e-02
91 8.1282065294074571e-02 7.2700643504920490e-02 -1.7658878747484993e-01 -1.7597946207982280e-02
92 3.5854417780961989e-02 6.5276255672203257e-02 3.0060776166683404e-02 7.6759259104285781e-03
93 3.9799895185181206e-02 6.6240530198574510e-02 3.3104133670995010e-02 7.7406773586323517e-03
58 3.6370737603604542e-02 6.5407334019051258e-02 3.2788607632140303e-02 8.2758709991057403e-03
95 4.4561476396547658e-02 6.7297605219763634e-02 3.7082979812036426e-02 7.8114768845437806e-03
96 4.1985747388960701e-02 6.6739512918536165e-02 3.4887694711907093e-02 7.7741213603505941e-03
97 4.4938538372921458e-02 6.7376708526175041e-02 3.7413083347207284e-02 7.8167673424758988e-03
98 4.0175973357543578e-03 5.3068849607225008e-02 1.2118916773241275e-02 6.8411807587435772e-03
99 5.3879475784058906e-03 5.3827376249114274e-02 1.2701475292101675e-02 6.8939227176669218e-03
100 7.1249118304719068e-03 5.4747461029049579e-02 1.3458911097163231e-02 6.9577323750830509e-03
101 3.6488009126299036e-02 6.5436894521698305e-02 3.0534701833387676e-02 7.6867240803788917e-03
102 3.4872086530850020e-02 6.5022623684369271e-02 2.9336873161067447e-02 7.6588675465468848e-03
103 3.1940208293570443e-02 6.4231164372987135e-02 2.7252888859919500e-02 7.6055641186649143e-03
104 1.1879900005500883e-02 5.7053235085203456e-02 -9.6306119016040161e-03 -4.3796086609665733e-03
105 1.0279458990269013e-02 5.6309816641524187e-02 -9.1644901841035856e-03 -4.3481089674560994e-03
106 1.2852505609495298e-02 5.7489951481242613e-02 -9.9203048399011222e-03 -4.3980808542267236e-03
107 -6.5608320497446034e-03 4.6004358483614470e-02 -4.9254583520209816e-03 -3.9038011291924160e-03
108 -6.6529918530977630e-03 4.5931192304285218e-02 -4.9049385879665021e-03 -3.9005916337670581e-03
109 -4.9537838223137629e-03 4.7242155081481357e-02 -5.2869152278529653e-03 -3.9579729415669881e-03
110 -7.2907848588335293e-03 4.5418018528912904e-02 3.5726399407684604e-03 2.9085429874288328e-03
111 -7.0286981771956053e-03 4.5630354809694698e-02 3.6161322375899952e-03 2.9155397734299360e-03
112 -6.0970328159714159e-03 4.6368889652564083e-02 3.7717953183173925e-03 2.9398344051694801e-03
113 3.0222634166460753e-02 6.3742253499606882e-02 1.2038566628668614e-02 3.4950375081999794e-03
114 3.4791825833942108e-02 6.5001651308736932e-02 1.3513064278681979e-02 3.5342106999466435e-03
115 3.1707607819381839e-02 6.4166078399819818e-02 1.2504160610471387e-02 3.5082349640337051e-03
116 5.0652822945583771e-02 6.8500043590766280e-02 1.9708391511531639e-02 3.6423614452114209e-03
117 5.6810043483110473e-02 6.9567177457321411e-02 2.2633131161773599e-02 3.6751625526254290e-03
118 5.5752706734226498e-02 6.9393583816566795e-02 2.2107973604973279e-02 3.6698325714280009e-03
119 1.3366147002006617e-02 5.7716157375320640e-02 1.7631783923559359e-02 7.7133693591504562e-03
120 1.0358212161263487e-02 5.6347141962934527e-02 1.6077469539085544e-02 7.6119612581141867e-03
121 9.9538621331376771e-03 5.6154662073370089e-02 1.5874656920661329e-02 7.5976706613469225e-03
122 2.4052990593920510e-02 6.1815614907906200e-02 2.3882849167201931e-02 8.0146618708901440e-03
123 2.3453389635282484e-02 6.1612949185349333e-02 2.3498950186851695e-02 7.9998476702609726e-03
124 -3.7294941568833942e-03 4.8139704721136614e-02 9.0466826747646785e-03 6.4953012436644569e-03
125 -2.9985110866505935e-03 4.8658172132495556e-02 9.3221252936570922e-03 6.5319480194322051e-03
126 -5.2494538739382883e-03 4.7019663435352625e-02 8.4823059784897153e-03 6.4159110359756806e-03
127 2.8319940158434961e-02 6.3177503670320129e-02 2.4830896372900934e-02 7.5344288240017862e-03
128 2.4917974586493349e-02 6.2102913910613747e-02 2.2698172342634167e-02 7.4616735575014541e-03
129 2.5791182914073313e-02 6.2387013646178636e-02 2.3232871905495833e-02 7.4809291177288673e-03
130 2.4605072167891321e-02 6.1999668302218210e-02 2.2508656679469996e-02 7.4546721484117003e-03
131 2.1067307226980761e-02 6.0776828736703377e-02 2.0440144468688509e-02 7.3715967869557274e-03
132 2.0918711577992001e-02 6.0723141610535318e-02 2.0356164604506444e-02 7.3679430511378379e-03
133 -6.5608320497446034e-03 4.6004358483614470e-02 4.1866395992178347e-02 3.3182309598135541e-02
134 -6.7266866638336226e-03 4.5872508631549153e-02 4.1552639243070774e-02 3.3133142993198438e-02
135 -6.5300264917297294e-03 4.6028760585046201e-02 4.1924738819278259e-02 3.3191406580594017e-02
136 6.8990963977055009e-02 7.1317354663048060e-02 -1.3733608775564338e-01 -1.7400946078882557e-02
137 6.9335785190577204e-02 7.1360894808817563e-02 -1.3833285859751374e-01 -1.7407156694590187e-02
138 5.2598319242062340e-02 6.8852283422877525e-02 4.4629493305535929e-02 7.9152623219072640e-03
139 4.8930924832768466e-02 6.8175910351063101e-02 4.1050219664644345e-02 7.8701592852734800e-03
140 5.3214721522268471e-02 6.8960898105646026e-02 4.5254416913441689e-02 7.9224981054058854e-03
141 5.1953805602210884e-02 6.8737194375371319e-02 -2.7066681437884967e-02 -4.8662111408022514e-03
142 5.7403754599566884e-02 6.9662991904396412e-02 -3.0576420113540479e-02 -4.9041379309945777e-03
143 5.6789328014942103e-02 6.9563812959871449e-02 -3.0163664384331896e-02 -4.9000790284926109e-03
144 2.4093581648098900e-02 6.1829229944168403e-02 2.2201206273666781e-02 7.4431098776088942e-03
145 2.7961646483029109e-02 6.3068330885918719e-02 2.4599905999292224e-02 7.5270468671102507e-03
146 2.7957725079979619e-02 6.3067130965188692e-02 2.4597386351538922e-02 7.5269657198421642e-03
147 2.8635372127005926e-03 5.2406306798637441e-02 1.1638134105810197e-02 6.7950101346846417e-03
148 4.5661149684522980e-03 5.3376051456516645e-02 1.2350552651574873e-02 6.8625561678210155e-03
149 3.5941015631404702e-03 5.2828309810975901e-02 1.1941464192766857e-02 6.8244293980590839e-03
150 4.9360232928992956e-02 6.8257841093702615e-02 4.1457160668266713e-02 7.8756267653057408e-03
151 4.6170742160761655e-02 6.7630749453174543e-02 3.8507735842467389e-02 7.8337505616159677e-03
152 5.0754075975760503e-02 6.8518736328815694e-02 4.2800212246001612e-02 7.8930296452269511e-03
153 7.8124768766491340e-02 7.2376271535839823e-02 -1.6574885859684532e-01 -1.7551808844587225e-02
154 -7.0178135761361140e-03 4.5639128859607254e-02 -4.8239216756966038e-03 -3.8877717022598622e-03
155 -4.3441169610874790e-03 4.7693804518140100e-02 -5.4259318004344055e-03 -3.9776811421454103e-03
156 -4.9845608249486631e-03 4.7219102009654630e-02 -5.2799258740518773e-03 -3.9569661703634683e-03
157 -8.2252346086496737e-03 4.4643769631235647e-02 3.8743890332930131e-02 3.2673830349320858e-02
158 -8.1247229284303474e-03 4.4728371163680301e-02 3.8930866879325364e-02 3.2705520426584304e-02
159 -7.8826090415488430e-03 4.4930834307743799e-02 3.9382066904916281e-02 3.2781319648965093e-02
160 3.4354048571739550e-02 6.4886586100710741e-02 2.8960379989637710e-02 7.6497135084626060e-03
161 2.9505556871649612e-02 6.3532335710381055e-02 2.5606273685576848e-02 7.5584066908448069e-03
162 3.2511131990366676e-02 6.4389457766255515e-02 2.7649884632952745e-02 7.6162337674773222e-03
163 -2.9444236557865473e-03 4.8696036983400449e-02 -5.7493008962219662e-03 -4.0213057806076178e-03
164 3.8619442989022840e-02 6.5960864242058589e-02 3.2170290421054813e-02 7.7219142354292263e-03
165 3.7275887417816268e-02 6.5633491874996508e-02 3.1131817651123328e-02 7.6999332718893998e-03
166 4.1479854201466562e-02 6.6626155004504833e-02 3.4468529825656659e-02 7.7665273556416278e-03
167 -3.5050731141361780e-03 4.8300228254764384e-02 9.8333423811260978e-03 7.0071662903790312e-03
168 -1.8213433440899434e-03 4.9467308067017192e-02 1.0523161537961269e-02 7.0958592060092977e-03
169 -3.8159031986108915e-03 4.8077574810267899e-02 9.7077073768286129e-03 6.9902057964339945e-03
170 9.3504764032561472e-03 5.5863525845414201e-02 -8.8997841747488187e-03 -4.3291655852725625e-03
171 6.5211286958056884e-03 5.4432694798880570e-02 -8.1188603727344686e-03 -4.2682603072319537e-03
172 7.5045846136045750e-03 5.4942709333937502e-02 -8.3860959263603804e-03 -4.2900000804626231e-03
173 -1.7536094382956272e-03 4.9512931910032941e-02 9.7975893875176575e-03 6.5922251284801000e-03
174 -3.6273071441240753e-03 4.8212946732584007e-02 9.0850264202314256e-03 6.5004821199249772e-03
175 -3.3344225545732802e-03 4.8421486673686016e-02 9.1952149739153236e-03 6.5152264105267452e-03
176 -1.3035378898770885e-03 4.9813586370525569e-02 9.9715355251821791e-03 6.6133862014679731e-03
177 1.2061674114026786e-03 5.1414386024322266e-02 1.0962688384981236e-02 6.7257043810807094e-03
178 -1.0493324772040346e-03 4.9981503108629713e-02 1.0070277337586017e-02 6.6251955712070335e-03
179 1.3962236790902231e-03 5.1530652257549624e-02 5.0950486042897151e-03 3.1079258422076457e-03
180 -1.2103025622656515e-03 4.9875330906681600e-02 4.6189427978271065e-03 3.0543366361887011e-03
181 -2.7229588824901360e-04 5.0486507734098289e-02 4.7881690440606129e-03 3.0741565558382944e-03
182 4.8100339655049548e-02 6.8015246849154512e-02 4.0271777779079254e-02 7.8594344901937296e-03
183 3.9693382227479403e-02 6.6215595091814225e-02 1.5239556054232870e-02 3.5718484519533362e-03
184 3.6147939443322966e-02 6.5350958662576314e-02 1.3975218847328214e-02 3.5450529311975474e-03
185 1.5470416611608237e-02 5.8612234373334231e-02 1.7428521746329726e-02 7.2238459386619871e-03
186 1.7707134305356604e-02 5.9513617882159711e-02 1.8595602161025560e-02 7.2854822560773774e-03
187 1.8997783316834608e-02 6.0011244321554913e-02 1.9290794697760499e-02 7.3194424152283801e-03
188 2.5953720956368966e-02 6.2439250059932762e-02 -1.4358987887014804e-02 -4.6058264341375102e-03
189 2.1957859746334837e-02 6.1094548812761107e-02 -1.2891237734215660e-02 -4.5496667401055957e-03
190 2.3960445809695596e-02 6.1784524142133791e-02 -1.3613325586774448e-02 -4.5785084404533060e-03
191 1.0292246338326681e-02 5.6315882585949363e-02 1.4898265584901043e-02 7.0660951899691711e-03
192 9.7968324864919319e-03 5.6079348590735982e-02 1.4667969001351215e-02 7.0497856097025031e-03
193 6.8596087179511930e-03 5.4609803466149076e-02 1.3341805383227046e-02 6.9481970026837869e-03
194 1.5338753448436668e-02 5.8557570645915047e-02 1.7361271600281589e-02 7.2201029477199684e-03
195 1.2558694715166321e-02 5.7359193310915282e-02 1.5977439847652354e-02 7.1378978638899152e-03
196 1.3511171972444896e-02 5.7779482466187318e-02 1.6443901348171065e-02 7.1667609560237986e-03
197 7.1402542501405680e-02 7.1615695628993600e-02 3.0948991043910089e-02 3.7378904635727069e-03
198 6.6560918765677310e-02 7.1001853444713534e-02 2.7958411957628018e-02 3.7191264171833041e-03
199 6.4910884434102964e-02 7.0778670111877093e-02 2.6993565359349551e-02 3.7122972586801691e-03
200 4.1806201338929809e-02 6.6699425253457095e-02 3.4738484756491439e-02 7.7714360823000206e-03
201 3.9532581235235183e-02 6.6177839356480903e-02 3.2890885755994512e-02 7.7364725261538760e-03
202 4.3592180499048262e-02 6.7091256897241089e-02 3.6244723684298187e-02 7.7976712562541142e-03
203 6.2217416761724223e-02 7.0397942176157302e-02 5.5197266204295485e-02 8.0180510180330889e-03
204 6.5838271218608579e-02 7.0905021715496286e-02 5.9653809507043777e-02 8.0516885052431403e-03
205 6.9736654816658028e-02 7.1411137522327764e-02 6.4767337149233259e-02 8.0852211927896784e-03
206 3.2712443060657910e-02 6.4444782160599956e-02 -1.7102074767738527e-02 -4.6892072732888021e-03
207 3.4149839131626759e-02 6.4832520396698082e-02 -1.7731049589001464e-02 -4.7052766134164552e-03
208 3.7168599106682264e-02 6.5606924044348119e-02 -1.9107689129719014e-02 -4.7373222134735561e-03
209 4.3620319394112241e-02 6.7097308828029126e-02 -2.2319292540498969e-02 -4.7988161600957492e-03
210 4.4535520713982639e-02 6.7292136150420470e-02 -2.2806362937392986e-02 -4.8068375828634602e-03
211 4.7924821919315470e-02 6.7980928284768136e-02 -2.4682316776606754e-02 -4.8351649598597337e-03
212 2.6280650208480773e-03 5.2268345784065376e-02 -7.1022199801395640e-03 -4.1756208507780033e-03
213 4.4919419812449648e-03 5.3334793473159628e-02 -7.5809908435797487e-03 -4.2213455930029883e-03
214 2.1038382183404384e-03 5.1957726310909821e-02 -6.9700772391479253e-03 -4.1622737843511719e-03
215 6.1196846269667420e-02 7.0248135545525267e-02 -3.3224781674827196e-02 -4.9280649822733731e-03
216 6.2422677721496525e-02 7.0427696378605811e-02 -3.4118518129857257e-02 -4.9354005675710383e-03
217 -6.6529918530994440e-03 4.5931192304283879e-02 -4.9049385879661282e-03 -3.9005916337669999e-03
218 -6.5608320497446034e-03 4.6004358483614470e-02 -4.9254583520209816e-03 -3.9038011291924160e-03
219 -5.2064788735093582e-03 4.7052144780903513e-02 -5.2296086086365207e-03 -3.9496724270186708e-03
220 4.3863133077848900e-02 6.7149377703412574e-02 -2.2447727597491758e-02 -4.8009603247784584e-03
221 4.7987476871563649e-02 6.7993193888670270e-02 -2.4718090252575094e-02 -4.8356689535600786e-03
222 4.8035226551422235e-02 6.8002530509872053e-02 -2.4745380571280281e-02 -4.8360525849898452e-03
223 2.6770175531247355e-02 6.2698631720035453e-02 -1.4672424264665050e-02 -4.6166355525144535e-03
224 2.8036167039889034e-02 6.3091112745734132e-02 -1.5167891080671165e-02 -4.6329769173908616e-03
225 3.4791825833942108e-02 6.5001651308736932e-02 -1.8017419038242641e-02 -4.7122809332621916e-03
226 3.0222634166460753e-02 6.3742253499606882e-02 -1.6051422171558152e-02 -4.6600500109333061e-03
227 7.2764056525069426e-02 7.1777941788874103e-02 -4.2445654107854530e-02 -4.9904605921440833e-03
228 7.3311315216412862e-02 7.1841939307571059e-02 -4.2927589537854444e-02 -4.9930658611867258e-03
229 -1.7236911139229837e-04 5.0550564149758656e-02 1.0413723254532636e-02 6.6651683494865230e-03
230 -9.3890474172765332e-04 5.0054026321125204e-02 1.0113283765515105e-02 6.6302940102261065e-03
231 1.1252241426941909e-03 5.1364665610801316e-02 1.0930139310027356e-02 6.7222246012323935e-03
232 -7.3543699334842286e-03 4.5366191671167226e-02 4.0370549580682855e-02 3.2944123308839862e-02
233 -7.1110063095186377e-03 4.5563892298422247e-02 4.0827877692865208e-02 3.3017970175399973e-02
234 -7.3246652135473909e-03 4.5390418619185531e-02 4.0426304516613686e-02 3.2953175584291027e-02
235 5.0924742362350221e-02 6.8550152926755370e-02 1.9830912023178861e-02 3.6439036208091185e-03
236 5.5510660712073737e-02 6.9353303498796467e-02 2.1989121687654128e-02 3.6685954890221641e-03
237 5.0228435182428595e-02 6.8421256513524500e-02 1.9518360093717255e-02 3.6399362891514774e-03
238 -8.7332751266435641e-03 4.4211101999439895e-02 3.7801747755771269e-02 3.2511608571270577e-02
239 -8.3687175962853817e-03 4.4522432517519417e-02 3.8477312914834916e-02 3.2628362805173602e-02
240 -1.9200966065107095e-03 4.9400611885886736e-02 9.7335248644618549e-03 6.5843142359187055e-03
241 3.1734728028078453e-04 5.0861632662875494e-02 1.0607444941955344e-02 6.6869873855712886e-03
242 5.3102700339801932e-02 6.8941263886886428e-02 -2.7778669301251616e-02 -4.8745786094461013e-03
243 5.7534533106186170e-02 6.9683938978027410e-02 -3.0664848364396566e-02 -4.9049950649582338e-03
244 5.8111585313288895e-02 6.9775691537233092e-02 -3.1057455936684575e-02 -4.9087489739692049e-03
245 6.1929934298171112e-02 7.0356059164157214e-02 2.5317748542724824e-02 3.6993557702648980e-03
246 6.8402826512518292e-02 7.1242396494792415e-02 2.9067678761293469e-02 3.7264826669295859e-03
247 6.9943337991653767e-05 5.0705070906777103e-02 -6.4673238764318616e-03 -4.1083129620507388e-03
248 -1.6653110826271474e-03 4.9572258559258342e-02 -6.0502325270204663e-03 -4.0593245613092400e-03
249 5.6122633778723867e-04 5.1014799810066805e-02 -6.5873515622875715e-03 -4.1216755404421485e-03
250 5.9795258974898888e-02 7.0037227345996780e-02 2.4169353729152351e-02 3.6895835127175257e-03
251 2.0173584782014663e-02 6.0450972832421027e-02 2.1472201244292121e-02 7.9147512976866178e-03
252 1.7461275890281375e-02 5.9416997886663055e-02 1.8465005472135310e-02 7.2788829639817108e-03
253 2.0097796202704951e-02 6.0423010851471122e-02 1.9896305631039050e-02 7.3475072787914800e-03
254 1.9180415674859015e-02 6.0080383825737098e-02 1.9390488878711892e-02 7.3241570320064456e-03
255 3.1327072124366771e-02 6.4058845758726002e-02 2.6831188859598138e-02 7.5939440464285910e-03
256 1.2937025033273921e-02 5.7527381269830223e-02 1.6161784737771023e-02 7.1494523088351880e-03
257 1.5190338023212065e-02 5.8495731792199385e-02 1.7285654331086309e-02 7.2158679463654998e-03
258 1.2168422499402873e-02 5.7183947805495489e-02 1.5788555593889451e-02 7.1258525231275580e-03
259 1.7405058581149799e-03 5.1739574311450466e-02 -6.8791193458570127e-03 -4.1528920593588122e-03
260 2.2679299909896134e-03 5.2055476512229679e-02 -7.0113243641725526e-03 -4.1664754550708068e-03
261 6.6197466700272101e-02 7.0953328544621205e-02 -1.2946996958057203e-01 -1.7348995634337502e-02
262 6.6976503772633422e-02 7.1056905720607078e-02 -1.3162658759238652e-01 -1.7363781827986761e-02
263 3.5230068494809988e-02 6.5115703880792894e-02 -1.8214866340334195e-02 -4.7170025166627556e-03
264 3.0727496849672315e-02 6.3887974616232496e-02 -1.6260566745130989e-02 -4.6661023725136043e-03
265 3.5305242851208229e-02 6.5135154866626563e-02 -1.8248896648244962e-02 -4.7178076145551378e-03
266 1.8211834882448760e-02 5.9710113647880453e-02 -1.1609549974744013e-02 -4.4916293276180269e-03
267 6.8084161104132249e-02 7.1201413085424770e-02 -1.3474207492614484e-01 -1.7384404886078481e-02
268 6.6345324519601193e-02 7.0973112050819409e-02 -1.2987710758772625e-01 -1.7351820119404882e-02
269 6.8972052228427949e-02 7.1314958028563386e-02 -1.3728158567306620e-01 -1.7400604201452112e-02
270 6.9247191730503532e-02 7.1349736777566619e-02 -3.9450346966162890e-02 -4.9730186177072543e-03
271 6.3575634842798989e-02 7.0592533536773680e-02 -3.4976467136825007e-02 -4.9421318421760995e-03
272 8.2426967186714026e-03 5.5316491421258669e-02 -8.5895781106102801e-03 -4.3059114439878464e-03
273 1.1650391725222880e-02 5.6948548586829448e-02 -9.5629688474349415e-03 -4.3751771243294218e-03
274 8.3033583056523561e-03 5.5346875565230727e-02 -8.6064142365334766e-03 -4.3072040624748684e-03
275 -7.2907848588335293e-03 4.5418018528912904e-02 4.0489919328709219e-02 3.2963487190860105e-02
276 -7.0702667304229647e-03 4.5596814089806315e-02 4.0904556651177829e-02 3.3030262334762403e-02
277 -7.0286981771956053e-03 4.5630354809694698e-02 4.0982832026019947e-02 3.3042784098872610e-02
278 5.2659722178975618e-03 5.3761057462153532e-02 5.8380437828492518e-03 3.1796844884430086e-03
279 5.3671378672169893e-03 5.3816078119899975e-02 5.8580914621910009e-03 3.1814483291885192e-03
280 7.5204159561497192e-03 5.4950806263862062e-02 6.2928253715308522e-03 3.2177587096419219e-03
281 7.1512908761557983e-02 7.1629010665144127e-02 -1.4476005685830315e-01 -1.7445386818715717e-02
282 7.4858850518650849e-02 7.2019233096603907e-02 -1.5509903269176842e-01 -1.7500984308807952e-02
283 7.2815390627300705e-02 7.1783974240663379e-02 -1.4871736903219396e-01 -1.7467471642512930e-02
284 -5.9681105625565651e-03 4.6469143546490461e-02 8.8514292608826879e-03 6.8672973568757656e-03
285 -4.9116917867043251e-03 4.7273643682924769e-02 9.2688374887268492e-03 6.9288589619472029e-03
286 5.6902061340539489e-02 6.9582105011928574e-02 4.9138477646302636e-02 7.9638450215568698e-03
287 5.8519916833712840e-02 6.9839958023752591e-02 5.0923715214708669e-02 7.9809889796741123e-03
288 -6.7247354368405923e-03 4.5874064440797599e-02 8.5557143853095697e-03 6.8216489118958718e-03
289 -7.3199067437328680e-03 4.5394297104197845e-02 8.3249018857483106e-03 6.7847756709222967e-03
290 -5.9290981642284579e-03 4.6499389888628007e-02 8.8667483615432231e-03 6.8696149907704705e-03
291 5.2113912129896002e-02 6.8765930625977675e-02 4.4143175110052731e-02 7.9095082131801272e-03
292 5.8806063509378038e-02 6.9884671863037998e-02 5.1244747586555610e-02 7.9839607856690437e-03
293 5.3508461490024702e-02 6.9012163281789010e-02 4.5554633160022603e-02 7.9259126577467844e-03
294 4.4965304280366915e-02 6.7382299141171317e-02 1.7278431708699086e-02 3.6079113253361622e-03
295 4.7086109139636914e-02 6.7815139219073936e-02 1.8155490749888981e-02 3.6212633763189365e-03
296 5.4429419219182472e-03 5.3857202010438213e-02 1.2725125916235988e-02 6.8959940273027121e-03
297 2.2152054807959638e-03 5.2024120395355838e-02 1.1371847103666212e-02 6.7683326654513088e-03
298 3.7202030838696110e-03 5.2900243445438179e-02 1.1994177817920513e-02 6.8294402333425484e-03
299 -5.4677096220026311e-03 4.6853944407607449e-02 3.8779162247345035e-03 2.9557562118681891e-03
300 -4.6672972246713813e-03 4.7455569223364739e-02 4.0140792711527542e-03 2.9754669933873303e-03
301 -3.5490089572346307e-03 4.8268896878763387e-02 4.2066653174571179e-03 3.0020487511141845e-03
302 7.8993982760770312e-03 5.5143586341833910e-02 -8.4946229905686690e-03 -4.2985533636023150e-03
303 7.3626483003867135e-02 7.1878484344742088e-02 7.0211548913177324e-02 8.1161492621459816e-03
304 6.7935207723054364e-02 7.1182166465636451e-02 6.2362733472464321e-02 8.0700557592418842e-03
305 7.2823036365493532e-02 7.1784872196718794e-02 6.9058251988602382e-02 8.1099569534767105e-03
306 3.0222634166460753e-02 6.3742253499606882e-02 -1.6051422171558152e-02 -4.6600500109333061e-03
307 2.4079429572334887e-02 6.1824484559465584e-02 -1.3657071239863735e-02 -4.5801771576707978e-03
308 -7.2874766051216188e-03 4.5420711665353206e-02 4.0496132286370626e-02 3.2964493319321733e-02
309 -7.5768105997990418e-03 4.5183914898381937e-02 3.9953611577440602e-02 3.2875991248603804e-02
310 -7.6125466384095132e-03 4.5154489635285552e-02 3.9886722909745070e-02 3.2864988378952159e-02
311 -7.1091432350754288e-03 4.5565398936115512e-02 4.0831383558699731e-02 3.3018532747181785e-02
312 -6.8258069842589567e-03 4.5793328992148212e-02 4.1365412515241312e-02 3.3103605951850953e-02
313 -6.8576369669501713e-03 4.5767841473845307e-02 4.1305334286256122e-02 3.3094096358740117e-02
314 3.1852354007853904e-02 6.4206621863424643e-02 -1.6733643407429166e-02 -4.6793288926100561e-03
315 3.5283179353676621e-02 6.5129449467320466e-02 -1.8238903930232111e-02 -4.7175714659702193e-03
316 3.4004577902756593e-02 6.4793908962512414e-02 -1.7666723666977354e-02 -4.7036771410031630e-03
317 5.1963103250426738e-02 6.8738865798290943e-02 -2.7072385076011080e-02 -4.8662796913634598e-03
318 4.8218451105111089e-02 6.8038268305194938e-02 -2.4850317028935663e-02 -4.8375209286992708e-03
319 4.6518570269732419e-02 6.7701244275018543e-02 -2.3889962539293749e-02 -4.8236685408987153e-03
320 9.5277548895653062e-03 5.5949554451074621e-02 1.4543705889700416e-02 7.0408311071925821e-03
321 1.2835463910189611e-02 5.7482394516618282e-02 1.6112177605768930e-02 7.1463622927037248e-03
322 1.0616238569271278e-02 5.6468886602985283e-02 1.5049943339176836e-02 7.0766390721961068e-03
323 6.7545853342363127e-02 7.1131585049334298e-02 -1.3322073807972284e-01 -1.7374440419940611e-02
324 7.1879144113057986e-02 7.1672987174412145e-02 -1.4586420916635837e-01 -1.7451655012369151e-02
325 2.2635356412822293e-02 6.1331707987553254e-02 -1.3132560159166508e-02 -4.5595864135095036e-03
326 1.1372013427894066e-02 5.6820718690861263e-02 7.1109637529078052e-03 3.2773230310504668e-03
327 9.5156669116092333e-03 5.5943701522689571e-02 6.7099093710637917e-03 3.2494279530579993e-03
328 1.2053190003017179e-02 5.7131861294558176e-02 7.2613993525461364e-03 3.2872020977534428e-03
329 6.2088573806342003e-03 5.4267807729999243e-02 -8.0349167022749062e-03 -4.2612246097517865e-03
330 9.1043154401904049e-03 5.5743385536933608e-02 -8.8303462923346784e-03 -4.3240617592703876e-03
331 7.1140347405079353e-03 5.4741837149616820e-02 -8.2794459767229784e-03 -4.2814417810571014e-03
332 6.3502002309981515e-02 7.0582121562940789e-02 2.6190875495531837e-02 3.7062800543379479e-03
333 3.3311808618763213e-02 6.4608003953420895e-02 2.8213757649377627e-02 7.6309574136790969e-03
334 -3.6129874723925871e-03 4.8223190227221172e-02 -5.5940946190046401e-03 -4.0007425260110583e-03
335 6.1902421679895896e-02 7.0352037970226919e-02 5.4822466585087215e-02 8.0150038950248855e-03
336 6.5369371519569161e-02 7.0841432352549361e-02 5.9061081585058607e-02 8.0474725133017865e-03
337 5.6910044672715605e-02 6.9583398758670534e-02 4.9147163432566018e-02 7.9639310662984915e-03
338 4.3933419876166925e-02 6.7164398643995163e-02 3.6538143925104891e-02 7.8025655914184784e-03
339 9.8724672081776221e-03 5.6115663610230924e-02 6.7860006754099323e-03 3.2549032445780713e-03
340 8.9173368650225290e-03 5.5651593252387832e-02 6.5833480534324565e-03 3.2401207354983779e-03
341 -5.9681105625565651e-03 4.6469143546490461e-02 -5.0579595776472520e-03 -3.9241699182147238e-03
342 -5.4317992515599241e-03 4.6881298087818365e-02 -5.1786615736388788e-03 -3.9422043793770510e-03
343 -6.7142351271172419e-03 4.5882434951794740e-02 -4.8913145599322879e-03 -3.8984523887486433e-03
344 9.6836542236627757e-03 5.6024869558756726e-02 -8.9942351197653016e-03 -4.3360169365549974e-03
345 7.9426639269019120e-03 5.5165467160921917e-02 -8.5065598361137168e-03 -4.2994847278389585e-03
346 1.1106591095652901e-02 5.6697959941667798e-02 -9.4037706537479226e-03 -4.3645637806440001e-03
347 -7.3543699334842286e-03 4.5366191671167226e-02 7.7178991845423114e-03 6.2981412208076206e-03
348 -5.0852754096499106e-03 4.7143490595929261e-02 8.5427432471621989e-03 6.4247032065243076e-03
349 -7.4432386046135507e-03 4.5293550754874422e-02 7.6860309734220564e-03 6.2929514241788706e-03
350 7.8193347765310506e-02 7.2383528827149490e-02 -1.6597855320740557e-01 -1.7552841477956261e-02
351 2.6209251114753915e-03 5.2264147560941533e-02 5.3253097120147105e-03 3.1315804083399883e-03
352 3.4692063219034963e-03 5.2756803294137018e-02 5.4873964174701464e-03 3.1474371652697487e-03
353 2.8290451668330881e-02 6.3168552911406523e-02 2.4811827373220737e-02 7.5338236800723676e-03
354 2.8451270703751232e-02 6.3217292280508458e-02 2.4915948973818280e-02 7.5371186814324224e-03
355 1.3481160903639677e-03 5.1501285790577257e-02 1.1019865942928796e-02 6.7317848920897295e-03
356 6.1955209851865492e-02 7.0359751401078321e-02 5.4885135511054887e-02 8.0155159365468062e-03
357 9.2411973215132462e-03 5.5810290185840002e-02 -8.8689223241802482e-03 -4.3269042433995361e-03
358 2.5462614523948088e-02 6.2280802965522832e-02 2.3030664766151510e-02 7.4737321642312261e-03
359 2.2423813654187105e-02 6.1258073270748468e-02 2.1217441045868313e-02 7.4043241721103610e-03
360 2.2646684887187841e-02 6.1335640663626900e-02 2.1347008953142461e-02 7.4095951332361631e-03
361 3.9844114503978977e-02 6.6250864861351247e-02 3.3139510406375937e-02 7.7413704655942394e-03
362 4.1375017048488227e-02 6.6602505614055299e-02 3.7026930957917127e-02 8.3622460637633629e-03
363 5.5508750749776271e-02 6.9352984840373930e-02 5.1305766987591386e-02 8.5600333045504368e-03
364 -2.7595472162194930e-03 4.8824954306035520e-02 -5.7924679210765275e-03 -4.0269064550680295e-03
365 -4.7090733448516744e-03 4.7424580058435639e-02 8.6817002014082465e-03 6.4446475438221873e-03
366 -2.8616556253890043e-03 4.8753849521812526e-02 9.3739962056570390e-03 6.5387037389352124e-03
367 -2.5072339566192519e-03 4.8999637935249196e-02 9.5087808534015123e-03 6.5560487147050704e-03
368 9.1744686316743811e-03 5.5777705708697806e-02 -8.8501055894298405e-03 -4.3255199435599384e-03
369 1.0385906009920256e-02 5.6360248915006787e-02 -9.1950925436968187e-03 -4.3502480465363270e-03
370 1.1363882732260846e-02 5.6816970988327720e-02 -9.4789051842267148e-03 -4.3696053104800058e-03
371 -7.0645982283524845e-03 4.5601390903454386e-02 8.4237235213655160e-03 6.8006999294714411e-03
372 -8.4495067294434820e-03 4.4453817389915995e-02 7.8909326142417215e-03 6.7123087257917611e-03
373 -2.1422478026893476e-03 4.9249795600205697e-02 9.6482736720542445e-03 6.5736873204716500e-03
374 -4.0832064581787829e-03 4.7884226893674636e-02 8.9143566816720227e-03 6.4772195129518088e-03
375 -2.7030771994191343e-03 4.8864175706291500e-02 9.4342217546118708e-03 6.5464910933613202e-03
376 2.4501493252532384e-03 5.2163467397074725e-02 -7.0572515151231799e-03 -4.1711157872772959e-03
377 4.1790782699472921e-03 5.3159793733905253e-02 -7.4996291198834138e-03 -4.2138528495838240e-03
378 1.8415832211903611e-03 5.1800501760823577e-02 -6.9043722604797183e-03 -4.1555129307659072e-03
379 -8.2014364545747020e-03 4.4663830149133867e-02 7.9857941776982268e-03 6.7285123105352571e-03
380 -7.9904314834702075e-03 4.4840900017039623e-02 8.0666740954966759e-03 6.7421645617144746e-03
381 1.4695755248265200e-02 5.8287961067798627e-02 -1.0483142624295512e-02 -4.4317743774664698e-03
382 1.5024950435744177e-02 5.8426545305914381e-02 -1.0585615735109735e-02 -4.4376177567074186e-03
383 1.1776454621282529e-02 5.7006128352777935e-02 -9.6000898419041532e-03 -4.3776147310333954e-03
384 7.1077240975031666e-02 7.1576280302808507e-02 -4.0987214586462643e-02 -4.9822485796237213e-03
385 6.5226975349135519e-02 7.0822001980141366e-02 -3.6235084440858434e-02 -4.9514979358158519e-03
386 6.6829349079506911e-02 7.1037464796592023e-02 -3.7490583510103592e-02 -4.9602876608031699e-03
387 7.2979326542025689e-03 5.4836692027872322e-02 1.4576760257028731e-02 7.4995966346328418e-03
388 4.6093033075160000e-03 5.3400034088097521e-02 1.3320330035260453e-02 7.3922412743480008e-03
389 4.2741014790326545e-03 5.3213111730514608e-02 1.3167519902145604e-02 7.3782382329111787e-03
390 6.9074057918901014e-03 5.4634678873389943e-02 6.1674761243667277e-03 3.2076555639429629e-03
391 7.0540848470510616e-03 5.4710810257437875e-02 -8.2631366665497415e-03 -4.2801193918413404e-03
392 5.6157586409168120e-03 5.3950625871067463e-02 -7.8766679154976104e-03 -4.2476804911738752e-03
393 5.5508750749776271e-02 6.9352984840373930e-02 -2.9317581135766511e-02 -4.8914476026002502e-03
394 6.1578132104059394e-02 7.0304469582866971e-02 -3.3500753349784140e-02 -4.9303667360724932e-03
395 8.1598397243089010e-02 7.2732072398430797e-02 -5.0772884979870689e-02 -5.0292613307719187e-03
396 8.1282065294074571e-02 7.2700643504920490e-02 -5.0453939278528565e-02 -5.0279846308520807e-03
397 7.3683466330108846e-02 7.1885067685239806e-02 -4.3257798888033737e-02 -4.9948213469718063e-03
398 5.3671378672169893e-03 5.3816078119899975e-02 -7.8107886162546688e-03 -4.2419311055846929e-03
399 2.6209251114753915e-03 5.2264147560941533e-02 -7.1004129493529473e-03 -4.1754405444533174e-03
400 4.5521013930397480e-02 6.7497640879972634e-02 -2.3339991542680585e-02 -4.8152943401200653e-03
401 2.9220810969968650e-03 5.2440458609139179e-02 -7.1768079212475707e-03 -4.1830107278596554e-03
402 5.7414119862971629e-03 5.4018267219398557e-02 -7.9100656294264025e-03 -4.2505699840027665e-03
403 7.6755011641893744e-02 7.2229281303482815e-02 -1.6121370958186967e-01 -1.7530889931638430e-02
404 -7.4440270073652792e-03 4.5292905239229207e-02 4.0202376204807620e-02 3.2916735412979729e-02
405 -7.7029677279220306e-03 4.5079859723567497e-02 3.9717593286841206e-02 3.2837077083122029e-02
406 -7.8733826316083957e-03 4.4938512956379836e-02 3.9399283939143076e-02 3.2784193327634922e-02
407 8.0344874418974505e-02 7.2606404690578219e-02 -4.9518321290353794e-02 -5.0241559104570567e-03
408 7.5402898136992899e-02 7.2080296860582566e-02 -4.4809788210374249e-02 -5.0027656564512494e-03
409 7.6612959639138487e-02 7.2213812778942205e-02 -4.5928311610670666e-02 -5.0081966018525178e-03
410 -7.6125466384095132e-03 4.5154489635285552e-02 -4.6925556364405966e-03 -3.8664692210531957e-03
411 -7.9904314834702075e-03 4.4840900017039623e-02 -4.6095280545695293e-03 -3.8526654638368430e-03
412 7.0807233969861952e-02 7.1543371333555456e-02 3.0568136446840862e-02 3.7356810703807085e-03
413 7.8820951431699871e-02 7.2449499467781883e-02 3.6019795499061424e-02 3.7633344793158471e-03
414 9.1043154401904049e-03 5.5743385536933608e-02 1.5453106011585683e-02 7.5671080787231759e-03
415 5.6387655575628408e-02 6.9498287987953045e-02 5.2318394070167487e-02 8.5704445324491455e-03
416 6.3232088305647707e-02 7.0543820949525216e-02 -3.4719049862279562e-02 -4.9401428986852163e-03
417 5.2113912129896002e-02 6.8765930625977675e-02 2.0373773127716644e-02 3.6505422522369818e-03
418 4.6541906631173663e-02 6.7705954979474306e-02 1.7927210768080400e-02 3.6178966809759061e-03
419 4.1810971549819027e-04 5.0925055350333197e-02 -6.5522951966675742e-03 -4.1178050960081029e-03
420 -1.8267359003363065e-03 4.9463671503969339e-02 -6.0119579724024650e-03 -4.0546190756457949e-03
421 7.2823036365478919e-02 7.1784872196717073e-02 6.9058251988581565e-02 8.1099569534765978e-03
422 7.3626483003867135e-02 7.1878484344742088e-02 7.0211548913177324e-02 8.1161492621459816e-03
423 7.0062666404803967e-03 5.4686025056042767e-02 6.1876045999338675e-03 3.2092972036679313e-03
424 1.3438030720091572e-02 5.7747575073568112e-02 -1.0097109554458169e-02 -4.4089667535057962e-03
425 1.5164282074287364e-02 5.8484851168363342e-02 -1.0629168965355549e-02 -4.4400755167836609e-03
426 5.3873692013913010e-02 6.9075465296925459e-02 -2.8264679478569921e-02 -4.8800789762760872e-03
427 3.7507613604891854e-02 6.5690657260072352e-02 -1.9267135783709838e-02 -4.7407833232475183e-03
428 4.0396890749224375e-02 6.6379207151109565e-02 -2.0667187836354992e-02 -4.7692162290262977e-03
429 4.1144909939574065e-02 6.6550405946131388e-02 -2.1041929945772538e-02 -4.7762779063476044e-03
430 3.8065859726254356e-02 6.5827164368407853e-02 -1.9531873333631058e-02 -4.7464242362727617e-03
431 3.8937778313065059e-02 6.6037005344246363e-02 -1.9950848592251890e-02 -4.7550916726796875e-03
432 4.1759570965121583e-02 6.6688988110128813e-02 -2.1353731193654739e-02 -4.7819919407879512e-03
433 1.1098785421480047e-02 5.6694336726570871e-02 1.5277431784374103e-02 7.0921666834063120e-03
434 1.3661052417136743e-02 5.7844678633803492e-02 1.6518019760848487e-02 7.1712351003388897e-03
435 1.2522060629221569e-02 5.7342819260582850e-02 1.5959654584712345e-02 7.1367726699919087e-03
436 6.6785565882385697e-02 7.1031669399269082e-02 -3.7455824453746962e-02 -4.9600512992783253e-03
437 5.9787816712001625e-02 7.0036091157008235e-02 -3.2220564969948122e-02 -4.9193982330249927e-03
438 6.0589998964896793e-02 7.0157562792248288e-02 -3.2789278580463294e-02 -4.9243636084559637e-03
439 -7.3732306493736509e-03 4.5350795101051659e-02 4.0335158012184520e-02 3.2938370049883030e-02
440 -6.6529918530994440e-03 4.5931192304283879e-02 4.1691977997712085e-02 3.3155028887019496e-02
441 -6.7859032493325262e-03 4.5825239547578833e-02 4.1440760521588842e-02 3.3115510813775069e-02
442 -5.5292177692096147e-03 4.6807011956761090e-02 8.3796018524197290e-03 6.4008031695553984e-03
443 3.3753773592272253e-02 6.4726943153972205e-02 -1.7556066283756066e-02 -4.7009027101423606e-03
444 2.9526653687080955e-02 6.3538561501956040e-02 -1.5766292577643625e-02 -4.6515859678344729e-03
445 2.9500602307108510e-02 6.3530873148311032e-02 -1.5755691028657988e-02 -4.6512664027173025e-03
446 -4.0119942259587340e-03 4.7935907666806631e-02 8.9409483188319459e-03 6.4808785531403571e-03
447 -3.4828481713134606e-03 4.8316059699298523e-02 9.1393207334766868e-03 6.5077737692508970e-03
448 1.4798428540743380e-02 5.8331309514225341e-02 1.7086937810643348e-02 7.2046039119893638e-03
449 1.6934096617925797e-02 5.9207806853213210e-02 1.8186921165528891e-02 7.2645887081599228e-03
450 3.0855076459142906e-02 6.3924530879837668e-02 2.6509808305646844e-02 7.5848830341670890e-03
451 2.6440012168051204e-02 6.2594342070793146e-02 2.3635795612058946e-02 7.4949719613119107e-03
452 2.7164543031514006e-02 6.2822144929166573e-02 2.4091476948975739e-02 7.5103925263754210e-03
453 1.4240209233505510e-02 5.8094249733389981e-02 -1.0342325602608008e-02 -4.4236026621141539e-03
454 1.3201214770271858e-02 5.7643850163671941e-02 -1.0025380776865546e-02 -4.4045848334037354e-03
455 1.4615766497982971e-02 5.8254110994552327e-02 -1.0458334064067026e-02 -4.4303467408778980e-03
456 1.5290627915581615e-02 5.8537544224795110e-02 -1.0668756797163080e-02 -4.4422963268374530e-03
457 1.7360501590870638e-02 5.9377222675069063e-02 -1.1330241767975863e-02 -4.4776404506186637e-03
458 7.4903914315705797e-02 7.2024315742302572e-02 -1.5524217983171273e-01 -1.7501708126271678e-02
459 -2.5072339566192519e-03 4.8999637935249196e-02 1.0240225534432396e-02 7.0603601542977672e-03
460 -8.2512579003054414e-04 5.0128486296688562e-02 1.0939026179799201e-02 7.1459525161866695e-03
461 -2.6965692742762118e-03 4.8868691131711474e-02 1.0162595857364197e-02 7.0504105023675434e-03
462 1.4695755248265200e-02 5.8287961067798627e-02 -1.0483142624295512e-02 -4.4317743774664698e-03
463 1.3888044732249510e-02 5.7942938411927221e-02 -1.0234243928118589e-02 -4.4172164096146719e-03
464 1.6672347892807450e-02 5.9102909313817079e-02 -1.1107586860659791e-02 -4.4661032284146109e-03
465 4.4571714986471160e-02 6.7299761724319604e-02 3.9945137550766605e-02 8.4125150591564009e-03
466 4.4535520713982639e-02 6.7292136150420470e-02 3.9911135140437717e-02 8.4119657700110536e-03
467 -1.9381026080648835e-03 4.9388428056507658e-02 -5.9856031486527021e-03 -4.0513574952065088e-03
468 -8.4495067294434820e-03 4.4453817389915995e-02 3.8327386983459791e-02 3.2602642382417127e-02
469 1.0616238569271278e-02 5.6468886602985283e-02 1.6207631288344283e-02 7.6209959239034990e-03
470 9.4957960365597404e-03 5.5934076018119588e-02 1.5646599214422206e-02 7.5812832499180050e-03
471 7.6882694861937625e-03 5.5036437834584000e-02 1.4763871350774596e-02 7.5144854061889059e-03
472 3.9055846827737807e-02 6.6065108975020229e-02 3.2513165113079008e-02 7.7289097144198618e-03
473 3.5721014405222774e-02 6.5242140347727642e-02 2.9961695338383589e-02 7.6736320929313810e-03
474 8.1282065294074571e-02 7.2700643504920490e-02 -1.7658878747484993e-01 -1.7597946207982280e-02
475 8.0344874418957449e-02 7.2606404690576498e-02 -1.7331412451617914e-01 -1.7584545686599472e-02
476 7.9508370814498838e-02 7.2520847025606475e-02 -1.7043213967922180e-01 -1.7572377031087948e-02
477 6.3345897233712423e-02 7.0559995992829402e-02 -3.4804158675641537e-02 -4.9408033544941594e-03
478 6.8365637483973105e-02 7.1237627080772234e-02 -3.8726587922978367e-02 -4.9684491342111272e-03
479 -4.7617885715107349e-03 4.7385412601490762e-02 8.6621891206930656e-03 6.4418696318039263e-03
480 -6.5443211110125573e-03 4.6017440738167700e-02 8.0098474466240854e-03 6.3446092212336496e-03
481 -5.8467470857940396e-03 4.6563098827364861e-02 8.2634582787414514e-03 6.3834604776632012e-03
482 7.1319422976299271e-02 7.1605648537885050e-02 -1.4417941437448634e-01 -1.7442056629910288e-02
483 7.5911521412907101e-04 5.1138243337531211e-02 1.0783416313122381e-02 6.7063709333426494e-03
484 1.6055656262313204e-02 5.8853014934861475e-02 1.7729372602324739e-02 7.2403259392155436e-03
485 1.0218139600483855e-02 5.6280699700440223e-02 1.4863691418695191e-02 7.0636699733566477e-03
486 1.0352431428837327e-02 5.6344404834064686e-02 1.4926377218940252e-02 7.0680610913128813e-03
487 -1.4354518292463529e-03 4.9725913462934299e-02 -6.1048844726621469e-03 -4.0659801037064743e-03
488 7.7397059754202038e-02 7.2298666308353493e-02 -1.6332703104015511e-01 -1.7540765362133438e-02
489 7.9534049963097264e-02 7.2523494015758500e-02 -1.7052004167640983e-01 -1.7572753542686000e-02
490 2.3010223219502102e-03 5.2075131929972374e-02 1.2284396937237575e-02 7.2928102810636761e-03
491 1.5426806580577889e-03 5.1619792243984455e-02 1.1952164934517949e-02 7.2585414816320158e-03
492 -1.7236911139229837e-04 5.0550564149758656e-02 1.1214778889496685e-02 7.1778736071393323e-03
493 -7.3157643856029868e-03 4.5397672856423106e-02 4.0443014682698064e-02 3.2955885939902230e-02
494 -7.5905389288138071e-03 4.5172615578621234e-02 3.9927912613152532e-02 3.2871766277617814e-02
495 1.8283796442034948e-02 5.9737930036759382e-02 1.8904205430744298e-02 7.3007961713234615e-03
496 1.7233809101345882e-02 5.9327075122373306e-02 1.8344693501138421e-02 7.2727394806753843e-03
497 8.0344874418957449e-02 7.2606404690576498e-02 -4.9518321290336897e-02 -5.0241559104569926e-03
498 8.1282065294074571e-02 7.2700643504920490e-02 -5.0453939278528565e-02 -5.0279846308520807e-03
499 7.4477396836410151e-02 7.1976029820095946e-02 -4.3969008295360296e-02 -4.9985232560380453e-03
500 -3.8362778259152987e-03 4.8062898661863675e-02 9.0066694107939979e-03 6.4898668685524422e-03
501 -1.9754287147259603e-03 4.9363148646419386e-02 9.7122661785691636e-03 6.5816749764156749e-03
502 1.2797882195563567e-02 5.7465717444556703e-02 1.7331831391687830e-02 7.6948487404255965e-03
503 2.4493326454301655e-02 6.1962609784746818e-02 -1.3809993931024117e-02 -4.5859437623615631e-03
504 5.0941182667955311e-02 6.8553173283996266e-02 4.2983067316862647e-02 7.8953259013140684e-03
505 5.2783250982403662e-02 6.8885018093683151e-02 4.4816263178062886e-02 7.9174432718699603e-03
506 5.6387655575628408e-02 6.9498287987953045e-02 4.8581365922298378e-02 7.9582699229884934e-03
507 8.1598397243089010e-02 7.2732072398430797e-02 -1.7770509742954738e-01 -1.7602414657701713e-02
508 -5.1061273826091260e-03 4.7127802848172383e-02 -5.2523448495520502e-03 -3.9529781721897306e-03
509 4.0541601048714064e-02 6.6412547613385872e-02 -2.0739284125512316e-02 -4.7705917121450038e-03
510 4.3890723706381987e-02 6.7155276818135143e-02 -2.2462357516575597e-02 -4.8012032289243807e-03
511 4.5284328445792429e-02 6.7448684752775087e-02 -2.3210956922200709e-02 -4.8132801363845396e-03
512 -7.4432386046151700e-03 4.5293550754873096e-02 7.6860309734214744e-03 6.2929514241787752e-03
513 -6.4868096113710342e-03 4.6062948162897695e-02 8.0306778615833671e-03 6.3478522472653820e-03
514 -5.3627409081914452e-03 4.6933804335547488e-02 8.4406745326491318e-03 6.4098125080633769e-03
515 -6.8138019175324385e-03 4.5802934206895671e-02 4.1388077409653626e-02 3.3107189508900042e-02
516 7.1512908761557983e-02 7.1629010665144127e-02 6.7210026398497894e-02 8.0996438801180116e-03
517 6.4764220769785025e-02 7.0758470200482537e-02 5.8303060056801775e-02 8.0419711301435489e-03
518 1.8451140215743830e-02 5.9802424014874629e-02 1.8994365205233534e-02 7.3051974182759809e-03
519 1.6357321331143398e-02 5.8975740679357992e-02 1.7885685426089332e-02 7.2487214259714088e-03
520 3.6967747807271745e-02 6.5557015388350556e-02 -1.9013693132743297e-02 -4.7352588844195896e-03
521 1.8739978073225593e-02 5.9913113638364671e-02 1.9150627496394863e-02 7.3127493216420085e-03
522 3.9566580501453945e-02 6.6185833527061005e-02 3.5450100359638879e-02 8.3321632723328473e-03
523 5.7991928467899462e-03 5.4049291159149027e-02 -7.9254464819742427e-03 -4.2518950582515081e-03
524 2.9555649181684095e-02 6.3547113272729910e-02 2.5639409645025223e-02 7.5594047962095406e-03
525 2.5442481317367066e-02 6.2274267935018147e-02 2.3018314248884085e-02 7.4732892756349013e-03
526 2.6000372204647789e-02 6.2454205791435596e-02 2.3362251561961225e-02 7.4854810628209919e-03
527 -4.6874633134724756e-03 4.7440615762574440e-02 -5.3475091261498712e-03 -3.9666367700365874e-03
528 6.8277324368465932e-03 5.4593195449782653e-02 1.4352982970487241e-02 7.4814344926736037e-03
529 4.3821753443647596e-02 6.7140523731898161e-02 3.6441924754632711e-02 7.8009680832586718e-03
530 4.0950458044199695e-02 6.6506172962375099e-02 3.4034030196139625e-02 7.7584872009054968e-03
531 1.3092588154027914e-02 5.7596058466910321e-02 1.6237941226369713e-02 7.1541687748089191e-03
532 8.1762722295921179e-03 5.5283162901621427e-02 1.3928138809914998e-02 6.9948018203099486e-03
533 3.0695799402756366e-02 6.3878875452430040e-02 1.2185533600220455e-02 3.4992933881246961e-03
534 2.6971307095304882e-02 6.2761767760870515e-02 1.1062775535931269e-02 3.4644490899473565e-03
535 8.0538541321836504e-03 5.5221580599489326e-02 1.3873074837749078e-02 6.9905435158617545e-03
536 1.9902392413346334e-02 6.0350676947097531e-02 9.1328566565007010e-03 3.3888828643330727e-03
537 1.6357321331143398e-02 5.8975740679357992e-02 8.2549317351181522e-03 3.3455637350637266e-03
538 1.8996202863924245e-02 6.0010644643823587e-02 8.9030461908955975e-03 3.3781853165797573e-03
539 -3.1011272436371152e-03 4.8586147565221484e-02 9.2832949255295914e-03 6.5268609690665655e-03
540 -4.5706456578815859e-03 4.7527093930072276e-02 8.7329976848265333e-03 6.4519164565970200e-03
541 7.4792410148947511e-02 7.2011731259911393e-02 -1.5488817344468367e-01 -1.7499915959432188e-02
542 7.6259536040333975e-02 7.2175141398684375e-02 -1.5959774164606741e-01 -1.7523183181598609e-02
543 4.8506398901727789e-02 6.8094149512782837e-02 4.0650890253508140e-02 7.8647020293695635e-03
544 5.2325644160511907e-02 6.8803783716362379e-02 4.4355226575167266e-02 7.9120307007942391e-03
545 4.6398428520315629e-02 6.7676954765019864e-02 1.7867398746959980e-02 3.6170023044690262e-03
546 -5.3715326142926316e-03 4.6927126921106614e-02 -5.1922745443041636e-03 -3.9442080850707693e-03
547 -7.2874766051216188e-03 4.5420711665353206e-02 -4.7642508572200747e-03 -3.8781756846260874e-03
548 -6.4202627310139702e-03 4.6115486826838303e-02 -4.9567989159961115e-03 -3.9086742737749229e-03
549 5.1106814074757985e-02 6.8583543816084072e-02 -2.6551043940926264e-02 -4.8599082125966118e-03
550 5.3233647321882190e-02 6.8964210704813483e-02 -2.7860746366288706e-02 -4.8755192347115141e-03
551 6.6882826887846247e-02 7.1044536514629122e-02 -3.7533073860506153e-02 -4.9605760717878929e-03
552 6.8949407741575958e-02 7.1312087164486879e-02 -3.9204671088218658e-02 -4.9714841923090333e-03
553 6.8337730393749532e-02 7.1234045726153106e-02 6.2893756282953253e-02 8.0734926048313446e-03
554 5.8187823741620556e-02 6.9787731808325634e-02 5.0553136799860919e-02 7.9775174699290331e-03
555 8.9627371303749870e-03 5.5673924111680415e-02 -8.7905414055001393e-03 -4.3211100453964943e-03
556 7.2179902268327510e-03 5.4795516926443084e-02 -8.3077657172811077e-03 -4.2837293577491315e-03
557 2.5672782240817288e-02 6.2348835465350923e-02 -1.4252224310750142e-02 -4.6020568371397778e-03
558 2.6440643135935679e-02 6.2594542150854776e-02 -1.4545347568857359e-02 -4.6122987750193802e-03
559 2.9359496160044633e-02 6.3489148715465002e-02 2.5509830122561902e-02 7.5554895318329773e-03
560 -3.6943663417723848e-03 4.8164910763281402e-02 -5.5752971524680927e-03 -3.9982057688535142e-03
561 1.3018498618943991e-02 5.7563384420398232e-02 1.6201644386566141e-02 7.1519249740817402e-03
562 4.0891120632151383e-02 6.6492637404190064e-02 -2.0914210158315787e-02 -4.7738953912605823e-03
563 3.8279085525628039e-02 6.5878857290033524e-02 1.4725284294344427e-02 3.5614198769458229e-03
564 3.6488009126299036e-02 6.5436894521698305e-02 1.4092939307717387e-02 3.5477188063287183e-03
565 3.4502736741808836e-02 6.4925795153706500e-02 1.3416033660801848e-02 3.5318548795023790e-03
566 -7.2652354425277836e-03 4.5438808848195220e-02 4.0537907482201416e-02 3.2971253991294303e-02
567 -7.0178135761361140e-03 4.5639128859607254e-02 4.1003334243421126e-02 3.3046059469208827e-02
568 -2.3880903904998758e-03 4.9081624681230646e-02 4.4096484622043733e-03 3.0285374892413883e-03
569 3.8747862588363300e-05 5.0685244668048968e-02 4.8447989546543876e-03 3.0805928573908363e-03
570 2.6742169261974830e-02 6.2689816725494799e-02 2.5657789779397946e-02 8.0784695821303903e-03
571 3.0227337960823070e-02 6.3743619031328302e-02 2.8093383071416646e-02 8.1551867908170299e-03
572 -1.0002832640118122e-03 5.0013747356920574e-02 1.0089371250682551e-02 6.6274625179670917e-03
573 3.7647714215301539e-04 5.0898874498104450e-02 1.0630931013668285e-02 6.6895981287927071e-03
574 4.2468628289767905e-02 6.6846546986656638e-02 1.6288351411233717e-02 3.5913644821942477e-03
575 4.1345019167633563e-02 6.6595728589280839e-02 1.5857291166523277e-02 3.5836101573732070e-03
576 4.9839245035457065e-02 6.8348375814606344e-02 4.5139162213566779e-02 8.4879492020513460e-03
577 -3.5965874746602894e-03 4.8234915830190545e-02 4.1984139476476763e-03 3.0009396381547441e-03
578 -4.6260154778080187e-03 4.7486147899436844e-02 4.0211392148994151e-03 2.9764677324477166e-03
579 9.2881611653995652e-03 5.5833188028187521e-02 1.4433540007881699e-02 7.0328000292363786e-03
580 6.1146730912259297e-03 5.4217792103146548e-02 1.3015735484301740e-02 6.9210208422788152e-03
581 3.1932638828612091e-03 5.2597889265458553e-02 1.1774603085196204e-02 6.8083708577749901e-03
582 6.2289008161858501e-04 5.1053346072916339e-02 1.0729028801426239e-02 6.7004235905642967e-03
583 -1.8321910841163399e-03 4.9459992064719474e-02 9.7673323248563936e-03 6.5884968530669791e-03
584 1.1124844230375693e-02 5.6706429706160431e-02 1.5289771055484040e-02 7.0929992805793783e-03
585 8.5496653185106880e-03 5.5469730023596321e-02 1.4096798188396480e-02 7.0076977660566090e-03
586 9.8724672081776221e-03 5.6115663610230924e-02 1.4703001463388187e-02 7.0522903632524881e-03
587 2.4175167754856858e-03 5.2144170920886336e-02 1.2335779967240211e-02 7.2980017971155898e-03
588 -1.8692886563188529e-04 5.0541243257108841e-02 1.1208599414076219e-02 7.1771691593726233e-03
589 7.4207535432307528e-02 7.1945269978756554e-02 -1.5304180007562762e-01 -1.7490450265229180e-02
590 2.6152249824580279e-03 5.2260795283042727e-02 -7.0989704555809805e-03 -4.1752965682670656e-03
591 3.4769546119811211e-03 5.2761247022345699e-02 -7.3185159525885031e-03 -4.1967734401549099e-03
592 4.9272244906095573e-03 5.3575666330140999e-02 -7.6948737009380893e-03 -4.2316520576551053e-03
593 1.8871006701502113e-02 5.9963066428362487e-02 -1.1828790757090936e-02 -4.5022502327034530e-03
594 7.3626483003867135e-02 7.1878484344742088e-02 -1.5122487458222808e-01 -1.7480936872314421e-02
595 7.5079001136364426e-02 7.2044020956505417e-02 -1.5579934842889293e-01 -1.7504514255254202e-02
596 1.5927964126483087e-02 5.8800783671541519e-02 1.7663461265165020e-02 7.2367519831882743e-03
597 1.8466715772687395e-02 5.9808413187540731e-02 1.9002770767643264e-02 7.3056060953807424e-03
598 -1.0002832640118122e-03 5.0013747356920574e-02 4.6566328849304076e-03 3.0588288544463492e-03
599 -3.3344225545732802e-03 4.8421486673686016e-02 4.2439453725763030e-03 3.0070275740892668e-03
600 3.1421203492299904e-02 6.4085458670785064e-02 2.6895619360194904e-02 7.5957389973469258e-03
601 2.2627027171402879e-02 6.1328815808958957e-02 9.8471812871377112e-03 3.4195991108814578e-03
602 -6.5300264917297294e-03 4.6028760585046201e-02 -4.9323222140327371e-03 -3.9048713624228260e-03
603 -2.0586005209728979e-03 4.9306710124878604e-02 4.4678503625184759e-03 3.0358607528969310e-03
604 4.4429887027025688e-02 6.7269846443232542e-02 -2.2749729375534839e-02 -4.8059200720279235e-03
605 4.7466660074033704e-02 6.7890733440884837e-02 -2.4421950363028157e-02 -4.8314583783535424e-03
606 4.4139905617463650e-02 6.7208393841558800e-02 3.9540934652619014e-02 8.4059329060655504e-03
607 4.5801369039812891e-02 6.7555306106827792e-02 4.1113717157543202e-02 8.4309164523903597e-03
608 -6.8057397566754661e-03 4.5809382346701538e-02 -4.8709764775937579e-03 -3.8952464872195804e-03
609 4.0846573529753578e-02 6.6482464052282669e-02 -2.0891853018696515e-02 -4.7734757811122705e-03
610 1.1392496946204330e-02 5.6830156645830833e-02 -9.4872819353869018e-03 -4.3701637706081405e-03
611 8.2872484967173917e-03 5.5338811404425522e-02 -8.6019414055353988e-03 -4.3068610041962054e-03
612 9.9301841241027627e-03 5.6143326091227623e-02 -9.0644710274749279e-03 -4.3410450115958293e-03
613 5.1539244127131047e-02 6.8662334191081767e-02 -2.6813327684026063e-02 -4.8631405870310741e-03
614 3.4597204606489865e-02 6.4950637843372530e-02 -1.7930245417587119e-02 -4.7101686077341198e-03
615 1.5515572331139565e-02 5.8630939969807602e-02 1.7451622613670552e-02 7.2251266327738647e-03
616 1.5148795243586990e-02 5.8478380646798757e-02 1.7264524279480192e-02 7.2146795272022184e-03
617 3.9851309621120094e-02 6.6252545502765714e-02 -2.0397088878365541e-02 -4.7639896480970844e-03
618 4.7964603308334533e-02 6.7988717971736071e-02 4.0145666722407693e-02 7.8576631898564214e-03
619 8.2872484967173917e-03 5.5338811404425522e-02 6.4514560541515491e-03 3.2301457531471538e-03
620 -7.0723910418539508e-03 4.5595098649777906e-02 4.0900557462764990e-02 3.3029621868825507e-02
621 1.1081272707083754e-02 5.6686205000169070e-02 1.5269142366604588e-02 7.0916068003256680e-03
622 1.1458989657995714e-02 5.6860758582042661e-02 1.5448490957754480e-02 7.1036221575906076e-03
623 2.3669075637103430e-02 6.1686186576044293e-02 1.0129953039574547e-02 3.4308008706266705e-03
624 2.6228380774839938e-02 6.2527065512146235e-02 1.0847926689262419e-02 3.4571150879463240e-03
625 -3.4773077952444270e-03 4.8320004431812252e-02 -5.6254800870533172e-03 -4.0049554897259977e-03
626 6.6363949755298152e-03 5.4493195342017846e-02 1.3243678132513519e-02 6.9401165622176471e-03
627 6.8630884500576047e-03 5.4611615566786641e-02 1.3343337999157328e-02 6.9483225507232750e-03
628 8.4688229210818904e-03 5.5429497939815782e-02 1.4060191609327933e-02 7.0049174461802597e-03
629 -5.8486485977200181e-03 4.6561629873769453e-02 8.2627641006063294e-03 6.3833559873104880e-03
630 2.8945470069710117e-02 6.3365931387955918e-02 -1.5530992618625976e-02 -4.6444090488701019e-03
631 2.8178884342176046e-02 6.3134632650954509e-02 2.4739775452691785e-02 7.5315302635975776e-03
632 3.1180776618973168e-02 6.4017370540572605e-02 2.6731276032742984e-02 7.5911464314800774e-03
633 3.2355391934878817e-02 6.4346482333965990e-02 2.7541173084554827e-02 7.6133374801056006e-03
634 5.6776996840932820e-02 6.9561809507172737e-02 -3.0155426036699996e-02 -4.8999970269560499e-03
635 5.8698107510526544e-02 6.9867833492043979e-02 5.1123442074545111e-02 7.9828416987764612e-03
636 6.2142444009150109e-02 7.0387043165200211e-02 5.5107875063980710e-02 8.0173275719136444e-03
637 6.4999014570268299e-02 7.0790779437223186e-02 5.8596241518634455e-02 8.0441137497084085e-03
638 4.8598450906738574e-02 6.8111941220549560e-02 -2.5069058363173878e-02 -4.8405474829153290e-03
639 6.2157546625597609e-02 7.0389240019223503e-02 -1.1873264927280584e-01 -1.7268404234365497e-02
640 6.4999014570268299e-02 7.0790779437223186e-02 -1.2620728942475110e-01 -1.7325783460910415e-02
641 1.9506830413397000e-02 6.0203181950544790e-02 1.9569496877134072e-02 7.3325283737914219e-03
642 2.0439148492725861e-02 6.0548543166646186e-02 2.0086686873704136e-02 7.3560567957780204e-03
643 9.0032960673625299e-04 5.1225877613075080e-02 1.1673753192891956e-02 7.2288550911133150e-03
644 3.4769546119811211e-03 5.2761247022345699e-02 1.2807402917029878e-02 7.3443535202710915e-03
645 7.8820951431699871e-02 7.2449499467781883e-02 -4.8026393998748564e-02 -5.0177793057544625e-03
646 -4.9566210063908675e-03 4.7240030959914685e-02 9.2509738997480807e-03 6.9262903159300867e-03
647 3.3645191089153779e-02 6.4697832655785339e-02 3.0639555885534256e-02 8.2244688649951419e-03
648 3.2045166737787636e-02 6.4260420335466112e-02 2.9427523920219245e-02 8.1927315403129038e-03
649 -8.3687175962853817e-03 4.4522432517519417e-02 7.3559568807772631e-03 6.2377752421655429e-03
650 5.6592171558211952e-02 6.9531719189470292e-02 -3.0032159217540665e-02 -4.8987653785964634e-03
651 2.6405128801394045e-02 6.2583275916608644e-02 -1.4531698414298645e-02 -4.6118293066818861e-03
652 2.5211478369121593e-02 6.2199063102230105e-02 -1.4078114265267354e-02 -4.5958104422002101e-03
653 5.3237943886152272e-02 6.8964962552380576e-02 4.5278094340559120e-02 7.9227688364422681e-03
654 4.8755736913918601e-02 6.8142260293811110e-02 4.0885059661390846e-02 7.8679133940608801e-03
655 1.6318648073459400e-02 5.8960059509593009e-02 1.9239875712956565e-02 7.8051603152011180e-03
656 1.6809086846880032e-02 5.9157794442760363e-02 1.9515317141350901e-02 7.8197215893750470e-03
657 4.8299605528509704e-02 6.8054052612730995e-02 -2.4896906702336453e-02 -4.8381694101223499e-03
658 -8.0551531565133255e-03 4.4786738684519031e-02 3.9060398573122754e-02 3.2727378078461634e-02
659 3.9566580501453945e-02 6.6185833527061005e-02 -2.0257200205507933e-02 -4.7612361556187699e-03
660 3.6318794590158597e-02 6.5394215912640427e-02 3.0407586419863873e-02 7.6838556561645878e-03
661 3.9903805482088543e-02 6.6264799435629143e-02 3.3187310517543103e-02 7.7423049760271916e-03
662 3.8747862588363300e-05 5.0685244668048968e-02 -6.4597319395391841e-03 -4.1074571431877821e-03
663 -6.8057397566754661e-03 4.5809382346701538e-02 3.6532323581953182e-03 2.9214348654146853e-03
664 1.2292232103592999e-02 5.7239736346284632e-02 -9.7528228274631791e-03 -4.3875001651885997e-03
665 4.1345019167633563e-02 6.6595728589280839e-02 3.4357464194133769e-02 7.7644886743086158e-03
666 -4.7090733448516744e-03 4.7424580058435639e-02 9.3495232938242620e-03 6.9403896625777383e-03
667 3.1616299388419207e-02 6.4140433568982427e-02 2.7029515680689058e-02 7.5994464687495732e-03
668 1.3651790362708300e-02 5.7840657067367872e-02 1.6513433818727479e-02 7.1709591413055204e-03
669 -1.5284127777181974e-03 4.9663907536034793e-02 -6.0827603338686528e-03 -4.0632947337543917e-03
670 9.0032960673625299e-04 5.1225877613075080e-02 -6.6707161102239751e-03 -4.1307743377790376e-03
671 3.9510644548709097e-02 6.6172678236068011e-02 1.5172353405202140e-02 3.5705198430979390e-03
672 3.5255086276858985e-02 6.5122180768398985e-02 1.3669639700822052e-02 3.5379529550674349e-03
673 6.2822208504150498e-03 5.4306675189462333e-02 -8.0545990484714013e-03 -4.2628833969618977e-03
674 5.6354043959728709e-03 5.3961217368871495e-02 -7.8818850711038502e-03 -4.2481329770027963e-03
675 4.4145143545312225e-03 5.3291631187675707e-02 -7.5608172447969441e-03 -4.2194979482520654e-03
676 1.8187388084247992e-03 5.1786747755006080e-02 1.1210324828573820e-02 6.7517471603911567e-03
677 -7.3543699334842286e-03 4.5366191671167226e-02 4.0370549580682855e-02 3.2944123308839862e-02
678 -7.0124636973285049e-03 4.5643440094249775e-02 4.1013412187633255e-02 3.3047668824094108e-02
679 -7.0680432933012093e-03 4.5598609432553422e-02 4.0908742553854217e-02 3.3030932628471871e-02
680 2.2874904822367377e-02 6.1414638917861593e-02 2.1480237088346597e-02 7.4149621702933807e-03
681 2.3080733708569778e-02 6.1485515247109858e-02 2.1600874063912166e-02 7.4197764231376459e-03
682 2.0532749593874581e-02 6.0582782138702447e-02 2.0139098261333650e-02 7.3583881600995452e-03
683 2.2049453429774671e-02 6.1126838889680339e-02 2.1000993103879529e-02 7.3954037964043548e-03
684 5.8101414954817916e-02 6.9774083904192999e-02 2.3287876529944376e-02 3.6815124056079570e-03
685 3.4742071724707869e-02 6.4988631283254231e-02 3.1491431312334783e-02 8.2455482147191731e-03
686 -7.4432386046151700e-03 4.5293550754873096e-02 4.0203854322512327e-02 3.2916976680319746e-02
687 1.3711130365247293e-02 5.7866405733946837e-02 1.7815353225285897e-02 7.7244741039300228e-03
688 5.6811688948841650e-02 6.9567444643091822e-02 4.9040238115346330e-02 7.9628699680660813e-03
689 -6.7828951612854908e-03 4.5827643192970266e-02 8.5330909831376443e-03 6.8180838942416755e-03
690 -8.7332751266435641e-03 4.4211101999439895e-02 7.7827127732470244e-03 6.6935664705557061e-03
691 3.2045166737787636e-02 6.4260420335466112e-02 2.7325557925917874e-02 7.6075364302905547e-03
692 2.1668645263324546e-02 6.0992118725568499e-02 2.0782336426106274e-02 7.3862431213051775e-03
693 4.8724642679770565e-02 6.8136274534657496e-02 -2.5142030560228679e-02 -4.8415469965354396e-03
694 5.4239065749148135e-02 6.9138308066894708e-02 -2.8497329931003582e-02 -4.8826540189131854e-03
695 5.4020536934764121e-02 6.9100779963074510e-02 -2.8358001615024830e-02 -4.8811163168893364e-03
696 -1.9916811629677329e-04 5.0533404641324366e-02 1.0403162561910366e-02 6.6639640984831839e-03
697 5.5065854396731256e-02 6.9278747453506734e-02 4.7172722476835946e-02 7.9436617289411135e-03
698 -3.8159031986108915e-03 4.8077574810267899e-02 -5.5472613581877793e-03 -3.9944033122479971e-03
699 2.2776654099216902e-02 6.1380682693271217e-02 2.3070721378199696e-02 7.9828596314570014e-03
700 2.4093581648098900e-02 6.1829229944168403e-02 2.3908991371641149e-02 8.0156567912711175e-03
701 7.5375463116837710e-02 7.2077233071651786e-02 -1.5674638747985573e-01 -1.7509243543555302e-02
702 7.8820951431699871e-02 7.2449499467781883e-02 -1.6809237899561999e-01 -1.7562227570140618e-02
703 2.7674956715269122e-02 6.2980315239570650e-02 1.1269005321258218e-02 3.4712741183334770e-03
704 6.2157546625597609e-02 7.0389240019223503e-02 5.5125872876659862e-02 8.0174733945268372e-03
705 6.0430298939329614e-02 7.0133539343257986e-02 5.3097569360803017e-02 8.0004952986941526e-03
706 1.9699053071304835e-02 6.0275036079749947e-02 9.0809592231545465e-03 3.3865040533857973e-03
707 1.6545835051647931e-02 5.9051960358022286e-02 8.3002144300522041e-03 3.3479695489711447e-03
708 1.7236591082616572e-02 5.9328177998258964e-02 8.4674593699550823e-03 3.3566837714538228e-03
709 3.0524766912954710e-02 6.3829663472537448e-02 2.8308610263872692e-02 8.1614413403602488e-03
710 1.2145333909360605e-02 5.7173524074661412e-02 -9.7091825246942900e-03 -4.3846989923853634e-03
711 7.4237910336742693e-02 7.1948740355204321e-02 -4.3753501864207990e-02 -4.9974127336272359e-03
712 7.6763154712005260e-02 7.2230166736702336e-02 -4.6068678849619502e-02 -5.0088617039407007e-03
713 6.9736654816658028e-02 7.1411137522327764e-02 -1.3949888001373317e-01 -1.7414322569085462e-02
714 -5.5292177692096147e-03 4.6807011956761090e-02 3.8675085472706437e-03 2.9542168474871069e-03
715 -5.8271049879072704e-03 4.6578266904396141e-02 3.8172137902176087e-03 2.9467104874655397e-03
716 8.0090779192674003e-02 7.2580561072862634e-02 -1.7243463884041382e-01 -1.7580870270787842e-02
717 2.7957725079979619e-02 6.3067130965188692e-02 2.6489492993964987e-02 8.1059630829069442e-03
718 5.5316538545541430e-02 6.9320851011327705e-02 4.7437362640088208e-02 7.9464639034222007e-03
719 2.2690292147000982e-02 6.1350768890029619e-02 -1.3152259971470058e-02 -4.5603833939717045e-03
720 7.2823036365493532e-02 7.1784872196718794e-02 -1.4874085043698976e-01 -1.7467599592103682e-02
721 7.1512908761557983e-02 7.1629010665144127e-02 -1.4476005685830315e-01 -1.7445386818715717e-02
722 3.7034510211534670e-03 5.2890702559288634e-02 -7.3767193443799164e-03 -4.2023235006598868e-03
723 2.7674956715269122e-02 6.2980315239570650e-02 2.4416178196059474e-02 7.5210939230558674e-03
724 4.9286832957506936e-03 5.3576468556066084e-02 -7.6952567194222840e-03 -4.2316863703842607e-03
725 -4.6672972246713813e-03 4.7455569223364739e-02 -5.3521056948703395e-03 -3.9672893245164403e-03
726 -6.8057397566754661e-03 4.5809382346701538e-02 -4.8709764775937579e-03 -3.8952464872195804e-03
727 5.1996762029331289e-02 6.8744913834202351e-02 -2.7093040945890767e-02 -4.8665277388742828e-03
728 4.4663963949046530e-02 6.7319170064938136e-02 -2.2875372230608471e-02 -4.8079503101292531e-03
729 4.3919169032550810e-02 6.7161354964573580e-02 -2.2477448341743304e-02 -4.8014535011550990e-03
730 -4.8800519653551637e-03 4.7297282862959651e-02 8.6184645437667948e-03 6.4356177432356729e-03
731 3.3989560249866220e-02 6.4789909906033519e-02 2.8697635305773760e-02 7.6432061411972592e-03
732 3.0381230114920114e-02 6.3788212870488928e-02 2.6189981383930243e-02 7.5756835926821531e-03
733 1.5224013480410309e-02 5.8509783529004579e-02 -1.0647873419632430e-02 -4.4411263619553104e-03
734 3.3137554747639887e-02 6.4560780011757732e-02 -1.7286355455003878e-02 -4.6940163761957079e-03
735 2.1957859746334837e-02 6.1094548812761107e-02 9.6684283006617452e-03 3.4122500550791968e-03
736 2.5953720956368966e-02 6.2439250059932762e-02 1.0769240915261101e-02 3.4543698256031320e-03
737 2.3456403140758662e-02 6.1613975048776200e-02 1.0071801014364329e-02 3.4285382906612616e-03
738 2.6405128801394045e-02 6.2583275916608644e-02 2.5430472225022625e-02 8.0707012866932989e-03
739 -7.2231684693441446e-03 4.5472997067019578e-02 4.0616949333986158e-02 3.2984024690270036e-02
740 3.7144956265311294e-02 6.5601060782325249e-02 3.1031985517819174e-02 7.6977547199569875e-03
741 3.5149867240814571e-02 6.5094915803358105e-02 2.9540245349938765e-02 7.6637307987390615e-03
742 1.3712531285847609e-02 5.7867013141451734e-02 1.6543522316569768e-02 7.1727676309165170e-03
743 2.4898197903856592e-03 5.2186900423138109e-02 1.1484309643036403e-02 6.7796990397376170e-03
744 7.3964156714397128e-02 7.1917388873552285e-02 -4.3508189669802237e-02 -4.9961368220574707e-03
745 -6.9822844900811311e-03 4.5667744303255833e-02 4.1070274272093477e-02 3.3056740958291239e-02
746 3.7542740595775080e-02 6.5699297056262859e-02 3.1336035096005105e-02 7.7043531602984348e-03
747 5.3727773434846304e-02 6.9050232857911675e-02 4.5779802607815466e-02 7.9284480287329477e-03
748 5.7800080786252976e-02 6.9726297927553180e-02 5.0123168420612894e-02 7.9734333543762387e-03
749 3.8773663468381320e-02 6.5997818771743780e-02 -1.9871473380891107e-02 -4.7534734350286514e-03
750 4.2510266462474175e-02 6.6855723464996089e-02 -2.1739328415108502e-02 -4.7888641189981155e-03
751 6.2501042394553733e-03 5.4289669871186143e-02 1.3074717003331068e-02 6.9260062098076107e-03
752 -5.6656308498973049e-03 4.6702560832901439e-02 8.3296508215661251e-03 6.3933783079987835e-03
753 -7.3543699334842286e-03 4.5366191671167226e-02 7.7178991845423114e-03 6.2981412208076206e-03
754 2.4746404987270225e-03 5.2177937394276210e-02 1.1478080720014236e-02 6.7790733351994316e-03
755 2.0084794616773476e-02 6.0418208729965027e-02 9.1795743301670459e-03 3.3910062302765580e-03
756 6.0346861940963351e-02 7.0120956665271184e-02 5.3001112897619843e-02 7.9996595580049852e-03
757 -1.1730795488498838e-03 4.9899930570569968e-02 -6.1674860675289172e-03 -4.0735135372013068e-03
758 5.2953448638580425e-02 6.8915032102114929e-02 4.4988696023544765e-02 7.9194428024984640e-03
759 2.7320372854162493e-03 5.2329380500157278e-02 5.3464178072979360e-03 3.1336814350813764e-03
760 -3.5093779176678303e-03 4.8297160463093118e-02 -5.6180564981137705e-03 -4.0039615374666462e-03
761 -7.7950641514563743e-03 4.5003585406544241e-02 3.9545499037035046e-02 3.2808543016859461e-02
762 6.1428679002236395e-04 5.1047972492620025e-02 4.9502758602671280e-03 3.0923294297934643e-03
763 -3.5535431691256498e-03 4.8265660833719408e-02 -5.6078383206079581e-03 -4.0025908464573594e-03
764 -7.5905389288138071e-03 4.5172615578621234e-02 3.9927912613152532e-02 3.2871766277617814e-02
765 2.7630317637812086e-02 6.2966557551191099e-02 1.1255842344330141e-02 3.4708445971416350e-03
766 4.1128965779002099e-03 5.3122572337752832e-02 1.2159014741746388e-02 6.8449203212267206e-03
767 1.4797264468423270e-03 5.1581523887436774e-02 1.1072989871995599e-02 6.7373977664332363e-03
768 4.9839245035457065e-02 6.8348375814606344e-02 -2.5793806979181017e-02 -4.8502566868864833e-03
769 6.4358608175908882e-02 7.0702292101646455e-02 -1.2449086977183461e-01 -1.7313143563275374e-02
770 5.8323796104801262e-02 6.9809158716384073e-02 5.0704607164960787e-02 7.9789417836423765e-03
771 -8.2014364545747020e-03 4.4663830149133867e-02 3.8788143148819960e-02 3.2681345508314107e-02
772 5.6689228507676867e-02 6.9547534884800519e-02 5.2669470430481410e-02 8.5739723185727541e-03
773 6.1578132104059394e-02 7.0304469582866971e-02 5.8626318362122246e-02 8.6281417881268630e-03
774 4.3995082451022433e-02 6.7177557589469111e-02 3.6591360437501289e-02 7.8034460360457197e-03
775 1.3018498618943991e-02 5.7563384420398232e-02 7.4776820245689886e-03 3.3008884495761871e-03
776 4.0571568602296174e-02 6.6419438676139364e-02 -2.0754238237553801e-02 -4.7708759929376019e-03
777 7.8820951431699871e-02 7.2449499467781883e-02 -1.6809237899561999e-01 -1.7562227570140618e-02
778 7.2823036365478919e-02 7.1784872196717073e-02 -1.4874085043694488e-01 -1.7467599592103440e-02
779 6.7545853342363127e-02 7.1131585049334298e-02 6.1852485537014182e-02 8.0667044806867136e-03
780 6.2157546625597609e-02 7.0389240019223503e-02 5.9366324636402922e-02 8.6342021171827484e-03
781 5.9594714355175840e-02 7.0006549836099136e-02 5.6148470607085561e-02 8.6068332975655741e-03
782 3.4904592866625700e-02 6.5031106875532402e-02 -1.8068072722879441e-02 -4.7135004782755344e-03
783 1.1820602325563360e-02 5.7026247905649967e-02 -9.6131090871751819e-03 -4.3784663835966745e-03
784 1.8009283264802479e-02 5.9631550533362519e-02 -1.1542705695704279e-02 -4.4883291029671670e-03
785 -7.4432386046135507e-03 4.5293550754874422e-02 4.0203854322515373e-02 3.2916976680320245e-02
786 6.3502002309981515e-02 7.0582121562940789e-02 -3.4921167327375782e-02 -4.9417067391172636e-03
787 6.5346310243377170e-02 7.0838289365570545e-02 -3.6327416401236941e-02 -4.9521625327314835e-03
788 7.6882694861937625e-03 5.5036437834584000e-02 1.3709309111433556e-02 6.9777364486039847e-03
789 7.0807233969861952e-02 7.1543371333555456e-02 -4.0757515262454483e-02 -4.9809080938409446e-03
790 7.1789596994651234e-02 7.1662263991560088e-02 -4.1598176877620047e-02 -4.9857504695813744e-03
791 7.3443200676819951e-03 5.4860542583133463e-02 1.3556151482377354e-02 6.9655624041758644e-03
792 7.6763154712005260e-02 7.2230166736702336e-02 -1.6124037597366825e-01 -1.7531015963792449e-02
793 4.8877330638458005e-02 6.8165629369081868e-02 4.0999637968016651e-02 7.8694731261456635e-03
794 3.4947586054256692e-02 6.5042317258640278e-02 2.9392045480497488e-02 7.6601924680336445e-03
795 -5.8151332190238764e-03 4.6587506583815379e-02 8.2750017685304638e-03 6.3851965837283132e-03
796 -7.3246652135473909e-03 4.5390418619185531e-02 7.7285582164114408e-03 6.2998718028791680e-03
797 7.0055385946039810e-03 5.4685647439927564e-02 -8.2499416606288418e-03 -4.2790468419567820e-03
798 6.4358608175908882e-02 7.0702292101646455e-02 6.2245434885917307e-02 8.6565717816376869e-03
799 6.2189492939808043e-02 7.0393884756881089e-02 5.9407340191336658e-02 8.6345341384883242e-03
800 -3.4380585401668513e-03 4.8347928891690796e-02 -5.6345698248092026e-03 -4.0061703917576661e-03
801 -1.9181254223440423e-05 5.0648377023074016e-02 -6.4456432266989825e-03 -4.1058655682577015e-03
802 1.2172623804089906e-02 5.7185843876998384e-02 -9.7172812737190348e-03 -4.3852202344404094e-03
803 -6.8702424740106792e-03 4.5757739527583899e-02 4.1281547746289872e-02 3.3090327004354721e-02
804 -7.5905389288138071e-03 4.5172615578621234e-02 3.5230511129252240e-03 2.9004499656721605e-03
805 7.8820951431699871e-02 7.2449499467781883e-02 -4.8026393998748564e-02 -5.0177793057544625e-03
806 6.2088573806342003e-03 5.4267807729999243e-02 1.4061104228981084e-02 7.4571430670656250e-03
807 4.0950458044199695e-02 6.6506172962375099e-02 3.6652032518919596e-02 8.3552939086674570e-03
808 1.4797264468423270e-03 5.1581523887436774e-02 5.1106107101518148e-03 3.1095681998922625e-03
809 9.6644272595298227e-03 5.6015598064700640e-02 6.7415774122680369e-03 3.2517174887320048e-03
810 2.3264593768104809e-02 6.1548530807776516e-02 2.1709021682801130e-02 7.4240559492676174e-03
811 5.6810043483110473e-02 6.9567177457321411e-02 -3.0177508215698135e-02 -4.9002167368339062e-03
812 4.4965304280366915e-02 6.7382299141171317e-02 -2.3037908944932118e-02 -4.8105484337815502e-03
813 3.9693382227479403e-02 6.6215595091814225e-02 -2.0319408072310492e-02 -4.7624646026044482e-03
814 4.3399715654309591e-02 6.7049763085191505e-02 -2.2203097292880773e-02 -4.7968580083436888e-03
815 -7.5905389288138071e-03 4.5172615578621234e-02 7.6332774113379853e-03 6.2843082589563483e-03
816 5.2722778513480571e-05 5.0694128774178053e-02 1.0502590366909859e-02 6.6752410417989950e-03
817 4.2447042816576357e-05 5.0687596677966018e-02 1.0498527021306162e-02 6.6747828434225486e-03
818 1.9902392413346334e-02 6.0350676947097531e-02 1.9787856089084854e-02 7.3425795393883249e-03
819 4.9190025271945385e-03 5.3571144283970931e-02 1.3462251498896242e-02 7.4050526191892741e-03
820 2.4813704831336218e-02 6.2068594311300962e-02 2.2634897743181035e-02 7.4593464559193383e-03
821 3.7859064689027930e-02 6.5776795249480130e-02 -1.9433487036398737e-02 -4.7443430534257289e-03
822 7.7936080271294200e-02 7.2356254051539337e-02 -1.6511817884940555e-01 -1.7548960483375155e-02
823 3.8939034353253567e-03 5.2998898625537569e-02 1.2995190547875580e-02 7.3621806755207889e-03
824 1.8211834882448760e-02 5.9710113647880453e-02 8.7071624810580086e-03 3.3687219957135198e-03
825 4.3475371124896481e-03 5.3254216852549656e-02 -7.5433867580353593e-03 -4.2178961541453636e-03
826 1.1392496946204330e-02 5.6830156645830833e-02 7.1154614515401759e-03 3.2776228279561052e-03
827 6.6590029100067533e-02 7.1005724670486922e-02 6.0613966929005440e-02 8.0583638200203422e-03
828 -5.1727922723624397e-03 4.7077571691741989e-02 -5.2372376831208919e-03 -3.9507835078628076e-03
829 2.3010223219502102e-03 5.2075131929972374e-02 1.1406940013149177e-02 6.7718952609876993e-03
830 4.9190025271945385e-03 5.3571144283970931e-02 1.2500662106117940e-02 6.8761202892471838e-03
831 7.4207535432307528e-02 7.1945269978756554e-02 3.2794671444777351e-02 3.7479536282633958e-03
832 7.1551860332764991e-02 7.1633703006102667e-02 3.1045108631110648e-02 3.7384405013606873e-03
833 6.4550430880673942e-02 7.0728917419282972e-02 2.6786364121531497e-02 3.7107743823066295e-03
834 6.9074057918901014e-03 5.4634678873389943e-02 1.3362864936127912e-02 6.9499203885430858e-03
835 1.4496615088526316e-02 5.8203559127606698e-02 7.8160834624984507e-03 3.3211608314391455e-03
836 1.4695755248265200e-02 5.8287961067798627e-02 7.8623569682216340e-03 3.3238307830998522e-03
837 2.5330702264015410e-02 6.2237928829196029e-02 -1.4122971015725780e-02 -4.5974316171838951e-03
838 4.0718208545921369e-03 5.3099435012940614e-02 -7.4718303217952194e-03 -4.2112675952343083e-03
839 -7.8831757044440839e-03 4.4930362616989010e-02 3.9381009532970246e-02 3.2781143119510969e-02
840 8.5714928337166270e-03 5.5480577534050723e-02 1.4106690607749092e-02 7.0084473476186553e-03
841 4.1128965779002099e-03 5.3122572337752832e-02 5.6118529577291023e-03 3.1591939944123327e-03
842 4.6541906631173663e-02 6.7705954979474306e-02 3.8842289997507537e-02 7.8387761421144630e-03
843 -6.5608320497446034e-03 4.6004358483614470e-02 4.1866395992178347e-02 3.3182309598135541e-02
844 1.2172623804089906e-02 5.7185843876998384e-02 1.7005242229008309e-02 7.6741354102707153e-03
845 1.5424249379887102e-02 5.8593087556576370e-02 1.8743762895855401e-02 7.7781145775958349e-03
846 4.6835795791891838e-03 5.3441210517828783e-02 1.2400423971347024e-02 6.8670873655048235e-03
847 6.4093277100213822e-03 5.4373826659045964e-02 1.3144229381537436e-02 6.9318418392864478e-03
848 5.0652822945583771e-02 6.8500043590766280e-02 -2.6277855348708853e-02 -4.8564819269485615e-03
849 -6.3438755449711139e-03 4.6175638719915556e-02 8.0825084015273448e-03 6.3558807401435076e-03
850 -7.5905389288138071e-03 4.5172615578621234e-02 7.6332774113379853e-03 6.2843082589563483e-03
851 -8.0551531565133255e-03 4.4786738684519031e-02 7.4674291389793500e-03 6.2567046326470772e-03
852 1.8871006701404458e-02 5.9963066428325322e-02 2.0700383824851950e-02 7.8789379072283089e-03
853 -7.9904314834702075e-03 4.4840900017039623e-02 3.9180988463841000e-02 3.2747656442613168e-02
854 -1.2915822554295491e-03 4.9821514155288488e-02 -6.1391824174057644e-03 -4.0701193231022365e-03
855 4.5801369039812891e-02 6.7555306106827792e-02 3.8177023074861552e-02 7.8287081343624779e-03
856 3.0524766912954710e-02 6.3829663472537448e-02 -1.6176348722212970e-02 -4.6636807659201432e-03
857 6.2067008741362895e-02 7.0376060065592119e-02 5.9250206249788898e-02 8.6332599499048673e-03
858 5.8065790336687115e-02 6.9768450035122304e-02 5.4295769048374527e-02 8.5897922776392126e-03
859 7.1512908761557983e-02 7.1629010665144127e-02 6.7210026398497894e-02 8.0996438801180116e-03
860 6.4550430880673942e-02 7.0728917419282972e-02 5.8037122263318239e-02 8.0400111616643621e-03
861 3.4904592866625700e-02 6.5031106875532402e-02 3.1619127265039015e-02 8.2486258369821840e-03
862 -7.7950641514563743e-03 4.5003585406544241e-02 7.5601689335508190e-03 6.2722214591054860e-03
863 -6.6529918530977630e-03 4.5931192304285218e-02 4.1691977997715263e-02 3.3155028887019988e-02
864 2.0439148492725861e-02 6.0548543166646186e-02 2.1631816633219836e-02 7.9219073185301751e-03
865 3.6370737603604542e-02 6.5407334019051258e-02 3.0446564229844576e-02 7.6847373563124748e-03
866 7.6659289912307096e-02 7.2218862532884592e-02 -1.6090050903615416e-01 -1.7529406908855415e-02
867 -2.6353795697655726e-03 4.8911099578900302e-02 -5.8215212857253449e-03 -4.0306475872904828e-03
868 3.4196896246078308e-02 6.4845001252722287e-02 2.8846878046391886e-02 7.6469145940353004e-03
869 -2.3880903904998758e-03 4.9081624681230646e-02 -5.8795312829391638e-03 -4.0380499856551852e-03
870 2.2526256629808016e-02 6.1293778992280314e-02 2.2913618236772324e-02 7.9765006826280887e-03
871 6.8084161104132249e-02 7.1201413085424770e-02 6.7371037463072422e-02 8.6922024430392403e-03
872 1.5424249379887102e-02 5.8593087556576370e-02 -1.0710721654774517e-02 -4.4446369014833351e-03
873 6.6345324519601193e-02 7.0973112050819409e-02 6.4938553793863124e-02 8.6759100597024411e-03
94 3.9909861415231132e-02 6.6266212136448802e-02 3.3192162994799927e-02 7.7423997157499052e-03
875 8.3741964169014443e-03 5.5382293243489644e-02 1.4017407086590635e-02 7.0016548397934817e-03
876 7.6659289912307096e-02 7.2218862532884592e-02 3.4478680507747328e-02 3.7563014804690184e-03
874 7.3897280293679243e-02 7.1909704274183542e-02 7.0603695445160861e-02 8.1182141094567530e-03
878 3.1940208293570443e-02 6.4231164372987135e-02 1.2578256396885923e-02 3.5102603624607297e-03
879 7.1512908761557983e-02 7.1629010665144127e-02 3.1020012183922106e-02 3.7382971754390828e-03
880 -6.8057397566754661e-03 4.5809382346701538e-02 4.1403300059546934e-02 3.3109595141366431e-02
881 5.8101414954817916e-02 6.9774083904192999e-02 5.0457065814879486e-02 7.9766102121505752e-03
882 3.0222634166460753e-02 6.3742253499606882e-02 -1.6051422171558152e-02 -4.6600500109333061e-03
877 -1.5284127777181974e-03 4.9663907536034793e-02 1.0644830584270140e-02 7.1107657840701836e-03
884 2.6904483881201060e-02 6.2740824780451412e-02 -1.4724439687428977e-02 -4.6183931332967037e-03
885 2.5948735526749298e-02 6.2437650826310816e-02 -1.4357088470286257e-02 -4.6057597663443396e-03
883 3.0727496849672315e-02 6.3887974616232496e-02 -1.6260566745130989e-02 -4.6661023725136043e-03
887 2.2626552804128900e-02 6.1328651076012840e-02 -1.3129405055181185e-02 -4.5594585930724824e-03
888 2.2362952919879348e-02 6.1236818876638094e-02 -1.3035169993920645e-02 -4.5556182579575746e-03
889 2.5355229330771487e-02 6.2245910770380448e-02 -1.4132211315888574e-02 -4.5977645403421528e-03
890 2.5330702264015410e-02 6.2237928829196029e-02 -1.4122971015725780e-02 -4.5974316171838951e-03
891 2.9526653687080955e-02 6.3538561501956040e-02 -1.5766292577643625e-02 -4.6515859678344729e-03
892 2.7223664100372594e-02 6.2840562833691382e-02 -1.4848572442449037e-02 -4.6225469960529684e-03
893 1.7707561733753450e-02 5.9513785341399020e-02 -1.1443587514398050e-02 -4.4833807336809011e-03
894 1.8891548762813366e-02 5.9970883119705908e-02 -1.1835665280896045e-02 -4.5025783172810965e-03
895 1.6784103970984916e-02 5.9147780745173857e-02 -1.1143558496734268e-02 -4.4679910708050313e-03
896 3.1033577462900138e-02 6.3975498101976377e-02 -1.6388319336010770e-02 -4.6697364379282786e-03
897 2.1899214962846948e-02 6.1073836777097476e-02 -1.2870489326789029e-02 -4.5488001082662419e-03
898 3.1136138637195832e-02 6.4004687741463215e-02 -1.6431288795436077e-02 -4.6709482346639136e-03
899 2.8242514855852278e-02 6.3153989311060893e-02 -1.5249754339150060e-02 -4.6355932501679509e-03
900 1.4695755248265200e-02 5.8287961067798627e-02 -1.0483142624295512e-02 -4.4317743774664698e-03
901 1.8141772038143052e-02 5.9682983345807669e-02 -1.1586400717141596e-02 -4.4904897394272272e-03
902 2.2690292147000982e-02 6.1350768890029619e-02 -1.3152259971470058e-02 -4.5603833939717045e-03
903 1.9388166868241127e-02 6.0158654662916027e-02 -1.2002644915454438e-02 -4.5104573606421011e-03
904 1.8871006701502113e-02 5.9963066428362487e-02 -1.1828790757090936e-02 -4.5022502327034530e-03
905 1.5224013480410309e-02 5.8509783529004579e-02 -1.0647873419632430e-02 -4.4411263619553104e-03
906 1.5024950435744177e-02 5.8426545305914381e-02 -1.0585615735109735e-02 -4.4376177567074186e-03
886 2.6770175531247355e-02 6.2698631720035453e-02 -1.4672424264665050e-02 -4.6166355525144535e-03
908 1.7546944254788727e-02 5.9450732118064328e-02 -1.1391043396007100e-02 -4.4807306265286844e-03
909 2.1398198122567266e-02 6.0895682996927311e-02 -1.2694136621035031e-02 -4.5413437589336414e-03
910 1.4240209233505510e-02 5.8094249733389981e-02 -1.0342325602608008e-02 -4.4236026621141539e-03
907 1.5290627915581615e-02 5.8537544224795110e-02 -1.0668756797163080e-02 -4.4422963268374530e-03
