911 4 BEM3DMeshData
0 7.8455674197393807e-04 -3.3590828628515799e-03 5.9176669875612284e-03 4.0428679870076695e-03
1 1.4241421541823875e-03 -3.3671515084492789e-03 5.6143843729647329e-03 4.0034692925941945e-03
2 8.5743579880636885e-04 -3.3282911652084734e-03 6.0929661901121222e-03 4.0645349950250683e-03
3 -2.2825234447295438e-03 -1.0908351415471274e-02 1.5040500572631189e-02 4.6288593035318393e-03
4 -9.9072282297408719e-04 -6.7922934127207391e-03 1.6252331353883050e-02 4.6658664871942496e-03
5 -9.8538166714467286e-04 -7.4043133241454336e-03 1.6483943054939956e-02 4.6724260187560691e-03
6 1.1454051010820710e-03 -2.4406252402345441e-03 -2.8554827021243481e-02 -8.1685007892089625e-03
7 7.5163944586951331e-04 -2.4666033227189270e-03 -2.9180552297492637e-02 -8.1859963231249201e-03
8 5.8399693124992693e-04 -2.5258073539398363e-03 -2.6299768486638390e-02 -8.0998163603490363e-03
9 -4.7754187267744341e-03 -1.9669128345297750e-02 -4.1403300059546934e-02 -3.3109595141366431e-02
10 -7.9433536349906800e-03 -2.7462534911163048e-02 -4.1304250771134164e-02 -3.3093924711139935e-02
11 -5.2152147925691311e-03 -2.0019593371274364e-02 -4.0861870283865981e-02 -3.3023422571985983e-02
12 -2.0882887388041938e-03 -8.5851068541658807e-03 -7.2268047180150960e-03 -6.2154545798017288e-03
13 -1.4443654719865587e-03 -6.3882386067782215e-03 -8.0169389206834352e-03 -6.3457143334973371e-03
14 -1.0258451062369004e-03 -7.2651143377982326e-03 -7.9235844843420986e-03 -6.3310779017958421e-03
15 -8.5045683959329807e-04 -7.3411994396404808e-03 -1.0687646224251085e-02 -6.6958723830982695e-03
16 -8.4524140622149150e-04 -8.6243840127936105e-03 -1.0170921829987009e-02 -6.6370846661692783e-03
17 -2.6588499881026332e-04 -7.2827605197762300e-03 -9.7939301533518756e-03 -6.5917749925610957e-03
18 -8.0116239877225557e-04 -5.3601880020571185e-03 1.6431288795436077e-02 4.6709482346639136e-03
19 -1.0319853033776724e-03 -6.5208524857502479e-03 1.6388319336010770e-02 4.6697364379282786e-03
20 -5.1942705576568150e-04 -5.1610991329749598e-03 1.7839357761928680e-02 4.7079478754356021e-03
21 6.2294118261809156e-05 -4.0030693348364040e-03 6.6637338819205225e-03 4.1300178873260613e-03
22 3.7906934696093063e-04 -4.1731741966784851e-03 6.0479333753187883e-03 4.0590429410042048e-03
23 1.5968798901643631e-05 -4.8298675916002426e-03 6.5047105029236501e-03 4.1125088889732292e-03
24 1.9987180086043247e-03 -2.4706775782604700e-03 -2.1060322058823248e-02 -7.8958944384531198e-03
25 1.6537092669931543e-03 -2.5548766859384191e-03 -1.8931255458421236e-02 -7.7884624094193269e-03
26 2.0666081680688606e-03 -2.5154249266978535e-03 -1.9613046030069265e-02 -7.8248126769423151e-03
27 -2.0473448434586159e-03 -1.0746413186239144e-02 3.0388269807182296e-02 4.9022996829682624e-03
28 -1.6091329307300626e-03 -1.0028559216468535e-02 3.0787626084031718e-02 4.9061780024522057e-03
29 -2.4186810426848979e-03 -1.2047190209863898e-02 3.4104615675577481e-02 4.9352890459464739e-03
30 -1.5392898150945538e-03 -1.0145694598879165e-02 5.3069694780871453e-03 3.9608530704233992e-03
31 -9.0565269843449628e-04 -8.3068000884384940e-03 7.8080283669496459e-03 4.2416887633151597e-03
32 -1.6707916984303648e-03 -1.0465889987977161e-02 7.0796146894655503e-03 4.1733609117483366e-03
33 -1.2131921725543355e-03 -6.0886818147993247e-03 7.3441322724589111e-03 4.1992233741045774e-03
34 -1.5884368082523328e-03 -5.2160418457407130e-03 3.4259975070818426e-02 4.9365307764006137e-03
35 -1.4679275575707803e-03 -5.7535629839474420e-03 3.8132922820521886e-02 4.9645872215928217e-03
36 1.3138074094278435e-04 -5.8200006693127490e-03 3.8900662714561350e-02 4.9695618320394798e-03
37 8.9902660404966362e-04 -6.6306092218867728e-03 -5.5485753384755761e-02 -8.0203717909966242e-03
38 8.1097714027126980e-04 -6.1588050152384874e-03 -6.3470275656231923e-02 -8.0771665247994975e-03
39 -2.9067734026630258e-04 -2.7417063250311079e-03 -6.1566488057409073e-02 -8.0648046982359327e-03
40 -2.8658980149734881e-03 -2.9890124129866974e-03 1.5206949788188490e-01 1.7485384235753007e-02
41 -1.5754018718161964e-03 -2.8751381776123859e-03 1.5122487458222808e-01 1.7480936872314421e-02
42 -4.6434491416982781e-03 -6.3272674332421029e-03 1.5802745899538326e-01 1.7515561297427224e-02
43 -1.5137734423130720e-03 -4.5322387219927920e-03 1.4809156227021542e-01 1.7464048462815386e-02
44 -3.7417951840374311e-03 -5.5029785300238767e-03 1.5313725652472795e-01 1.7490944567695323e-02
45 -2.7864009544458605e-03 -3.7346927467120762e-03 1.4450873664617253e-01 1.7443948303643545e-02
46 -2.1576169413297752e-03 -4.3470647443239890e-03 1.2694136621035031e-02 4.5413437589336414e-03
47 -1.6993165083999538e-03 -3.8880839522031502e-03 1.1443587514398050e-02 4.4833807336809011e-03
48 -1.8627425632324040e-03 -4.7985476827348914e-03 1.1948655098884252e-02 4.5079285832928841e-03
49 -4.0304329407004104e-03 -4.4176193137836339e-03 1.6235757685414176e-01 1.7536263310494724e-02
50 -4.2897442653137491e-03 -5.1561438184913695e-03 1.6867663883895853e-01 1.7564785245563014e-02
51 7.5584514818907895e-05 -2.7343903805958328e-03 1.5899292971053738e-01 1.7520263250665517e-02
52 4.4078788695224341e-04 -2.7618239825672767e-03 1.1828790757058257e-02 4.5022502327018918e-03
53 6.8450967261793620e-04 -2.8188114472683678e-03 1.3093496135298472e-02 4.5580003900731938e-03
54 9.2231705966597905e-04 -2.6761346566211604e-03 1.2784957486735976e-02 4.5452040686747401e-03
55 1.0944948172976281e-03 -2.5476357982140659e-03 -4.7826914845772658e-02 -8.5213554585914595e-03
56 1.9106648631598405e-03 -2.3818520083071816e-03 -4.4211334610720888e-02 -8.4756023011050095e-03
57 1.0686881079788571e-03 -5.3513558925621972e-03 -4.3972808150038997e-02 -8.4723553133242060e-03
58 2.9272082913808615e-04 -6.4655927866233854e-03 -3.2788607632140303e-02 -8.2758709991057403e-03
59 4.8859018456999764e-05 -5.8841141545007015e-03 -3.6488383008040567e-02 -8.3522209940160175e-03
60 1.5042611644346994e-04 -8.1783007110458310e-03 -3.3622299211169944e-02 -8.2943141109807720e-03
61 6.0996548382296299e-04 -7.3535832842978651e-03 -4.9811106188628142e-02 -8.5439930485538551e-03
62 1.8240402958039840e-04 -8.8911005545173408e-03 -4.6289457110467461e-02 -8.5026586629536119e-03
63 -1.8081044512210345e-03 -9.9632794287184152e-03 -2.1948231585744857e-02 -7.4334018863577867e-03
64 1.5379698181316938e-04 -6.0105032655710959e-03 -2.2777459449546376e-02 -7.4645748530863375e-03
65 -5.8476766148710601e-04 -7.1631715127485002e-03 -2.0959972313306489e-02 -7.3936967642298226e-03
66 2.3809214149461591e-04 -3.2989245943115058e-03 1.2339233646346700e-02 4.5258309418020623e-03
67 -2.5742758260090655e-04 -3.3142556670787125e-03 1.1302322960794073e-02 4.4762129469965699e-03
68 4.8976744199364752e-04 -3.0420064231513641e-03 1.2444314072228149e-02 4.5304965232323352e-03
69 1.7850059948202018e-03 -3.1780154859149395e-03 6.2884329170692487e-03 4.0878016100581623e-03
70 1.6606323528425913e-03 -3.0797646272766872e-03 6.5456883892813589e-03 4.1170726954367857e-03
71 2.0479865995005815e-03 -3.0933162306855631e-03 -4.0272107093619280e-02 -7.8594391030384486e-03
72 1.3535114715013598e-03 -2.7902260797831036e-03 -4.1760286592492910e-02 -7.8796393561888813e-03
73 1.4728411099729202e-03 -3.0275932266485908e-03 -3.7636728577765254e-02 -7.8203062222126640e-03
74 1.6489252544760655e-03 -2.9646679463717083e-03 -1.2286606766040676e-02 -6.8567097409639949e-03
75 -1.1120808734764035e-03 -5.6346273742099249e-03 -1.1628458836160397e-02 -6.7940550052995883e-03
76 -1.2350377187333130e-04 -5.4577847049916790e-03 -1.2724171439520334e-02 -6.8959105369811226e-03
77 -1.1913478766809680e-03 -6.6117412917945451e-03 3.8497735693184244e-02 4.9669728245938525e-03
78 -1.0899875222613225e-03 -3.1237240632308368e-03 4.1194118392710387e-02 4.9834447514029408e-03
79 -5.2487031611810791e-04 -3.0342447581604938e-03 3.6061594835536261e-02 4.9502410839365714e-03
80 -1.2946772905050121e-03 -2.9765804084120034e-03 1.0895524246833052e-02 4.4547809362400223e-03
81 -5.0740431773819593e-04 -5.8227033356995674e-03 1.1821886321618522e-02 4.5019204221455012e-03
82 3.7468460682426946e-04 -4.2655571594567053e-03 -1.6542827994908336e-02 -7.1727259536493075e-03
83 2.4585851093135891e-04 -4.6787495804013366e-03 -1.7838749702059849e-02 -7.2462123207954381e-03
84 4.2634766515675399e-04 -6.9128690705809971e-03 -1.8212114170778608e-02 -7.2658974857321519e-03
85 -3.7514063445637924e-04 -3.6470222823594871e-03 6.5861121612968664e-03 4.1215391528276399e-03
86 -4.5854171541287252e-04 -3.1491412631882440e-03 6.5418952597598090e-03 4.1166517793027107e-03
87 -5.7717270565510979e-04 -3.5167449196213101e-03 -3.6708704372549722e-02 -7.8053796926543439e-03
88 8.5554347740894208e-04 -2.6138521963079732e-03 -3.5615306736196707e-02 -7.7869395308108645e-03
89 -1.4343082308464488e-04 -2.5840817559346476e-03 -3.2818897024220556e-02 -7.7350425647754878e-03
90 -2.4486955029810937e-03 -5.7427406387722145e-03 1.7331412451623826e-01 1.7584545686599697e-02
91 -1.7888955960740365e-03 -5.1154000295801413e-03 1.7658878747484993e-01 1.7597946207982280e-02
92 8.8650786702094064e-04 -3.3954962874353858e-03 -3.0060776166683404e-02 -7.6759259104285781e-03
93 1.0374001169552104e-03 -3.2065963822511517e-03 -3.3104133670995010e-02 -7.7406773586323517e-03
94 1.2944096467098769e-03 -2.9840730891121359e-03 -3.3192162994799927e-02 -7.7423997157499052e-03
95 1.1340192125610001e-03 -3.4810318996571546e-03 -3.7082979812036426e-02 -7.8114768845437806e-03
96 1.8219819547774532e-04 -4.5002104013970650e-03 -3.4887694711907093e-02 -7.7741213603505941e-03
97 1.5230603970150121e-03 -3.8428936165179547e-03 -3.7413083347207284e-02 -7.8167673424758988e-03
98 1.4849224721410223e-04 -2.9327595021377698e-03 -1.2118916773241275e-02 -6.8411807587435772e-03
99 -3.0216629013858799e-04 -2.9334700369130729e-03 -1.2701475292101675e-02 -6.8939227176669218e-03
100 8.9799340720801886e-05 -2.6220624074185729e-03 -1.3458911097163231e-02 -6.9577323750830509e-03
101 7.5989429907371013e-04 -5.9468894290720603e-03 -3.0534701833387676e-02 -7.6867240803788917e-03
102 3.9150828529343985e-04 -6.9438156851213849e-03 -2.9336873161067447e-02 -7.6588675465468848e-03
103 1.1610853423168978e-03 -5.8305751946636118e-03 -2.7252888859919500e-02 -7.6055641186649143e-03
104 -4.8983788944873219e-05 -3.6083058323510163e-03 9.6306119016040161e-03 4.3796086609665733e-03
105 -9.2444734749099053e-04 -3.2370816484902898e-03 9.1644901841035856e-03 4.3481089674560994e-03
106 3.7183246794663110e-04 -3.0170995752445322e-03 9.9203048399011222e-03 4.3980808542267236e-03
107 -1.7888955960740365e-03 -5.1154000295801421e-03 4.9254583520209816e-03 3.9038011291924160e-03
108 -8.5975981600883817e-04 -4.3597609983847723e-03 4.9049385879665021e-03 3.9005916337670581e-03
109 -5.9808747832248814e-04 -4.4468963963846687e-03 5.2869152278529653e-03 3.9579729415669881e-03
110 8.0516654932705092e-04 -2.4475706806758443e-03 -3.5726399407684604e-03 -2.9085429874288328e-03
111 7.3589149844731426e-04 -2.5299898865859078e-03 -3.6161322375899952e-03 -2.9155397734299360e-03
112 9.1754348365338692e-04 -2.5366449136016793e-03 -3.7717953183173925e-03 -2.9398344051694801e-03
113 8.0228644173689721e-04 -2.5767717333547175e-03 -1.2038566628668614e-02 -3.4950375081999794e-03
114 7.1150077630175216e-04 -2.5857497698252340e-03 -1.3513064278681979e-02 -3.5342106999466435e-03
115 1.5087826517904794e-03 -2.4937884063194996e-03 -1.2504160610471387e-02 -3.5082349640337051e-03
116 1.1978155466067582e-03 -2.5273078148626287e-03 -1.9708391511531639e-02 -3.6423614452114209e-03
117 1.2507229696495962e-03 -2.7902825771394970e-03 -2.2633131161773599e-02 -3.6751625526254290e-03
118 1.3516608896330428e-03 -3.8131081745025547e-03 -2.2107973604973279e-02 -3.6698325714280009e-03
119 1.0024111585428294e-03 -3.6776837752284059e-03 -1.7631783923559359e-02 -7.7133693591504562e-03
120 6.0524876417766176e-04 -4.7008914058233502e-03 -1.6077469539085544e-02 -7.6119612581141867e-03
121 7.1779021957052035e-04 -2.5976621387267954e-03 -1.5874656920661329e-02 -7.5976706613469225e-03
122 4.0753875985183156e-04 -2.6690144652245567e-03 -2.3882849167201931e-02 -8.0146618708901440e-03
123 1.3412499597853776e-03 -2.5965601187833819e-03 -2.3498950186851695e-02 -7.9998476702609726e-03
124 -3.1638341292196978e-03 -1.5623627963711894e-02 -9.0466826747646785e-03 -6.4953012436644569e-03
125 -2.7327470711565375e-03 -1.4170609044938854e-02 -9.3221252936570922e-03 -6.5319480194322051e-03
126 -4.2404076864931703e-03 -1.7801820274128279e-02 -8.4823059784897153e-03 -6.4159110359756806e-03
127 -5.6905468201238693e-03 -2.0994840807137101e-02 -2.4830896372900934e-02 -7.5344288240017862e-03
128 -1.1661825128536904e-02 -3.5643514884186683e-02 -2.2698172342634167e-02 -7.4616735575014541e-03
129 -8.4534727890123035e-03 -2.7949095224159254e-02 -2.3232871905495833e-02 -7.4809291177288673e-03
130 1.0481802768002968e-03 -3.6249448766629928e-03 -2.2508656679469996e-02 -7.4546721484117003e-03
131 7.7336048638850657e-04 -3.6837257182904537e-03 -2.0440144468688509e-02 -7.3715967869557274e-03
132 8.4221652424507824e-04 -3.3820050757875793e-03 -2.0356164604506444e-02 -7.3679430511378379e-03
133 1.0956778915292671e-03 -2.2126734849882809e-03 -4.1866395992178347e-02 -3.3182309598135541e-02
134 7.2471692517065583e-04 -2.3325827550667827e-03 -4.1552639243070774e-02 -3.3133142993198438e-02
135 1.0201326050369869e-03 -1.9548690285546484e-03 -4.1924738819278259e-02 -3.3191406580594017e-02
136 -1.2383270395264837e-03 -2.9158763110839203e-03 1.3733608775564338e-01 1.7400946078882557e-02
137 -2.0958429245445547e-03 -2.8689343959766170e-03 1.3833285859751374e-01 1.7407156694590187e-02
138 -1.5914770797430125e-04 -2.7020164769211634e-03 -4.4629493305535929e-02 -7.9152623219072640e-03
139 -3.0216629013858843e-04 -2.9334700369130742e-03 -4.1050219664644345e-02 -7.8701592852734800e-03
140 6.0966147375103835e-04 -2.9957104108625362e-03 -4.5254416913441689e-02 -7.9224981054058854e-03
141 -3.2167219622101541e-04 -3.0903904398523144e-03 2.7066681437884967e-02 4.8662111408022514e-03
142 -1.4968251092230065e-03 -8.0242848067033669e-03 3.0576420113540479e-02 4.9041379309945777e-03
143 -1.3338239328420621e-03 -6.9687404761299178e-03 3.0163664384331896e-02 4.9000790284926109e-03
144 -1.3699252600284605e-03 -1.0063417479500656e-02 -2.2201206273666781e-02 -7.4431098776088942e-03
145 -1.7510168168671087e-02 -5.0682280812400962e-02 -2.4599905999292224e-02 -7.5270468671102507e-03
146 -1.6224447504051387e-02 -4.7894501686888212e-02 -2.4597386351538922e-02 -7.5269657198421642e-03
147 -7.0418095321603379e-03 -2.6640327747717279e-02 -1.1638134105810197e-02 -6.7950101346846417e-03
148 -4.7510348306007179e-03 -2.0348831964157484e-02 -1.2350552651574873e-02 -6.8625561678210155e-03
149 -3.3762284483627066e-03 -1.6007825605892236e-02 -1.1941464192766857e-02 -6.8244293980590839e-03
150 -2.7490729825911074e-03 -1.3750457308039366e-02 -4.1457160668266713e-02 -7.8756267653057408e-03
151 -2.3266195651647685e-03 -1.0820782162265438e-02 -3.8507735842467389e-02 -7.8337505616159677e-03
152 -4.0948825153051052e-03 -1.7418365344517361e-02 -4.2800212246001612e-02 -7.8930296452269511e-03
153 -6.6191429585696704e-03 -1.6163201820535957e-02 1.6574885859684532e-01 1.7551808844587225e-02
154 1.0492289234143683e-03 -2.7982731887513700e-03 4.8239216756966038e-03 3.8877717022598622e-03
155 1.0063706932203758e-03 -2.7329863588416371e-03 5.4259318004344055e-03 3.9776811421454103e-03
156 1.1153973466766854e-03 -2.3095350170582638e-03 5.2799258740518773e-03 3.9569661703634683e-03
157 1.2170936463879621e-03 -2.1507013678667111e-03 -3.8743890332930131e-02 -3.2673830349320858e-02
158 -2.4615317997534852e-04 -4.0215874784524366e-03 -3.8930866879325364e-02 -3.2705520426584304e-02
159 7.7336048638850657e-04 -3.6837257182904732e-03 -3.9382066904916281e-02 -3.2781319648965093e-02
160 -2.1639071486699682e-04 -4.4977270035968572e-03 -2.8960379989637710e-02 -7.6497135084626060e-03
161 6.0289970156454707e-04 -4.7996798287526943e-03 -2.5606273685576848e-02 -7.5584066908448069e-03
162 4.7607390418590739e-04 -6.4543106298028561e-03 -2.7649884632952745e-02 -7.6162337674773222e-03
163 2.1335902334303732e-04 -5.5788935401298676e-03 5.7493008962219662e-03 4.0213057806076178e-03
164 2.0833703558437939e-03 -2.7121482822006545e-03 -3.2170290421054813e-02 -7.7219142354292263e-03
165 1.9926288910899299e-03 -2.9476034833242851e-03 -3.1131817651123328e-02 -7.6999332718893998e-03
166 2.0670197959257591e-03 -3.2964215707341486e-03 -3.4468529825656659e-02 -7.7665273556416278e-03
167 5.1690131515893015e-04 -3.7672054498710996e-03 -9.8333423811260978e-03 -7.0071662903790312e-03
168 1.0158772737249573e-03 -2.9202063735685804e-03 -1.0523161537961269e-02 -7.0958592060092977e-03
169 9.3135317543510481e-04 -2.9856676236821710e-03 -9.7077073768286129e-03 -6.9902057964339945e-03
170 -1.3338485519635407e-03 -6.6815972024819080e-03 8.8997841747488187e-03 4.3291655852725625e-03
171 -2.0471607763020575e-03 -5.9648121939851811e-03 8.1188603727344686e-03 4.2682603072319537e-03
172 -2.0446950640652384e-03 -7.0109568866042098e-03 8.3860959263603804e-03 4.2900000804626231e-03
173 -8.2435548716590606e-04 -2.7840239269862647e-03 -9.7975893875176575e-03 -6.5922251284801000e-03
174 4.0455416178933698e-04 -2.7312941324231449e-03 -9.0850264202314256e-03 -6.5004821199249772e-03
175 2.2719041561467917e-04 -2.5955674040659847e-03 -9.1952149739153236e-03 -6.5152264105267452e-03
176 2.3601634236129210e-03 -2.5882227486258135e-03 -9.9715355251821791e-03 -6.6133862014679731e-03
177 2.3897468513504943e-03 -2.2513796289586364e-03 -1.0962688384981236e-02 -6.7257043810807094e-03
178 2.2379657525140031e-03 -2.4414600789239372e-03 -1.0070277337586017e-02 -6.6251955712070335e-03
179 -1.1488869231012020e-04 -2.9857903830971854e-03 -5.0950486042897151e-03 -3.1079258422076457e-03
180 9.6145212649801194e-04 -3.3010355403967620e-03 -4.6189427978271065e-03 -3.0543366361887011e-03
181 1.5387392627440896e-03 -3.0740237135113133e-03 -4.7881690440606129e-03 -3.0741565558382944e-03
182 1.5704739755830386e-03 -3.2989484479962715e-03 -4.0271777779079254e-02 -7.8594344901937296e-03
183 1.0812422349977615e-03 -2.6515319501791905e-03 -1.5239556054232870e-02 -3.5718484519533362e-03
184 1.3145518290498071e-03 -2.6893342492146895e-03 -1.3975218847328214e-02 -3.5450529311975474e-03
185 9.3817214761785005e-04 -4.1361517141667910e-03 -1.7428521746329726e-02 -7.2238459386619871e-03
186 2.2055481512238512e-04 -4.8519482545279317e-03 -1.8595602161025560e-02 -7.2854822560773774e-03
187 9.2246474360402190e-04 -4.1205653718831992e-03 -1.9290794697760499e-02 -7.3194424152283801e-03
188 -3.7982338088851531e-03 -1.5661698875998772e-02 1.4358987887014804e-02 4.6058264341375102e-03
189 -3.9497272931810655e-03 -1.5536812138613656e-02 1.2891237734215660e-02 4.5496667401055957e-03
190 -5.7547812809988332e-03 -2.0958118670361153e-02 1.3613325586774448e-02 4.5785084404533060e-03
191 2.6169196041336341e-04 -2.4732840068588187e-03 -1.4898265584901043e-02 -7.0660951899691711e-03
192 1.4265360473532062e-03 -2.6049120223100831e-03 -1.4667969001351215e-02 -7.0497856097025031e-03
193 1.6014152462872568e-03 -2.2829706733207699e-03 -1.3341805383227046e-02 -6.9481970026837869e-03
194 1.3780702738052368e-03 -2.8638574169150555e-03 -1.7361271600281589e-02 -7.2201029477199684e-03
195 1.5606402224496024e-03 -2.6259714622606091e-03 -1.5977439847652354e-02 -7.1378978638899152e-03
196 2.0291922384176502e-03 -2.7396164637719274e-03 -1.6443901348171065e-02 -7.1667609560237986e-03
197 2.2597666506546469e-04 -4.3372753034102308e-03 -3.0948991043910089e-02 -3.7378904635727069e-03
198 3.7906934696093307e-04 -4.1731741966784877e-03 -2.7958411957628018e-02 -3.7191264171833041e-03
199 7.7427320535015162e-04 -3.6549927569518685e-03 -2.6993565359349551e-02 -3.7122972586801691e-03
200 -8.5582464550066216e-05 -6.1876738370549708e-03 -3.4738484756491439e-02 -7.7714360823000206e-03
201 1.2595943302909540e-03 -3.8688698446601778e-03 -3.2890885755994512e-02 -7.7364725261538760e-03
202 6.0497314182662105e-04 -4.5638858968437843e-03 -3.6244723684298187e-02 -7.7976712562541142e-03
203 2.7008057696678387e-03 -2.6348238915220481e-03 -5.5197266204295485e-02 -8.0180510180330889e-03
204 2.9275026944262832e-03 -2.4388371083067404e-03 -5.9653809507043777e-02 -8.0516885052431403e-03
205 5.8133297409115349e-04 -2.8956262695604969e-03 -6.4767337149233259e-02 -8.0852211927896784e-03
206 -1.8084844572184133e-05 -2.9909892526555279e-03 1.7102074767738527e-02 4.6892072732888021e-03
207 7.2239750123224999e-04 -2.8660792445419419e-03 1.7731049589001464e-02 4.7052766134164552e-03
208 1.9919826038241779e-04 -2.4577488782990598e-03 1.9107689129719014e-02 4.7373222134735561e-03
209 3.9431241942225091e-04 -2.2644274809909990e-03 2.2319292540498969e-02 4.7988161600957492e-03
210 7.8617787719539693e-04 -2.3966143662756097e-03 2.2806362937392986e-02 4.8068375828634602e-03
211 -1.2685540285802393e-02 -3.5945995845067177e-02 2.4682316776606754e-02 4.8351649598597337e-03
212 -6.0097347531332113e-03 -2.0906600797374435e-02 7.1022199801395640e-03 4.1756208507780033e-03
213 -9.1977708216105583e-03 -2.8397302127275374e-02 7.5809908435797487e-03 4.2213455930029883e-03
214 5.1305038446287118e-04 -2.6957260837961678e-03 6.9700772391479253e-03 4.1622737843511719e-03
215 -4.1185104604578152e-05 -2.7119789496162778e-03 3.3224781674827196e-02 4.9280649822733731e-03
216 4.3722673473792591e-04 -2.7111712269760153e-03 3.4118518129857257e-02 4.9354005675710383e-03
217 -4.0125825290698311e-03 -1.5753308804897372e-02 4.9049385879661282e-03 3.9005916337669999e-03
218 -2.5204396169150262e-03 -1.2601246001778029e-02 4.9254583520209816e-03 3.9038011291924160e-03
219 -2.5167159786394742e-03 -1.3033812894874113e-02 5.2296086086365207e-03 3.9496724270186708e-03
220 2.7376354634613581e-04 -3.4135547292912117e-03 2.2447727597491758e-02 4.8009603247784584e-03
221 1.1368257412089357e-04 -3.6180700859733891e-03 2.4718090252575094e-02 4.8356689535600786e-03
222 -1.7860728570195006e-04 -4.0800899434460828e-03 2.4745380571280281e-02 4.8360525849898452e-03
223 -3.6263650747610770e-03 -1.4346957377013522e-02 1.4672424264665050e-02 4.6166355525144535e-03
224 -2.7432750450153394e-03 -1.1648950905987015e-02 1.5167891080671165e-02 4.6329769173908616e-03
225 -6.6687969493167600e-03 -2.2272758383310803e-02 1.8017419038242641e-02 4.7122809332621916e-03
226 -4.6160396322046035e-03 -1.6754801966575292e-02 1.6051422171558152e-02 4.6600500109333061e-03
227 -4.8627384506304029e-03 -1.6166025114214978e-02 4.2445654107854530e-02 4.9904605921440833e-03
228 1.4849224721410201e-04 -2.9327595021377715e-03 4.2927589537854444e-02 4.9930658611867258e-03
229 -3.4266973884707701e-05 -3.1534005261736882e-03 -1.0413723254532636e-02 -6.6651683494865230e-03
230 1.3819732549494350e-04 -2.1698957676582549e-03 -1.0113283765515105e-02 -6.6302940102261065e-03
231 7.7303445706584592e-04 -1.8309809402890041e-03 -1.0930139310027356e-02 -6.7222246012323935e-03
232 7.0164535767168045e-04 -1.6815771307305107e-03 -4.0370549580682855e-02 -3.2944123308839862e-02
233 -5.5056656402623506e-04 -7.8331194429434470e-03 -4.0827877692865208e-02 -3.3017970175399973e-02
234 -5.7591255192050847e-04 -7.8132121788723908e-03 -4.0426304516613686e-02 -3.2953175584291027e-02
235 -1.1362525586286654e-03 -7.0244473229232060e-03 -1.9830912023178861e-02 -3.6439036208091185e-03
236 8.4235311095591568e-04 -2.6897882416740664e-03 -2.1989121687654128e-02 -3.6685954890221641e-03
237 3.7183246794663224e-04 -3.0170995752445331e-03 -1.9518360093717255e-02 -3.6399362891514774e-03
238 6.4149660768204799e-04 -6.5667018403542353e-03 -3.7801747755771269e-02 -3.2511608571270577e-02
239 1.1527197856552227e-03 -5.4700238500796283e-03 -3.8477312914834916e-02 -3.2628362805173602e-02
240 -3.4054833317268099e-04 -5.5205766624221450e-03 -9.7335248644618549e-03 -6.5843142359187055e-03
241 -6.6859738642687330e-04 -6.8938851642484844e-03 -1.0607444941955344e-02 -6.6869873855712886e-03
242 -1.7273361529365129e-02 -4.8056735527256041e-02 2.7778669301251616e-02 4.8745786094461013e-03
243 -9.2660877525098904e-03 -2.8292426739973696e-02 3.0664848364396566e-02 4.9049950649582338e-03
244 -2.6124183798617185e-03 -1.0060946561559847e-02 3.1057455936684575e-02 4.9087489739692049e-03
245 -4.4633602234291185e-03 -1.6676704458053040e-02 -2.5317748542724824e-02 -3.6993557702648980e-03
246 -3.0909751531671978e-03 -1.4082781949094229e-02 -2.9067678761293469e-02 -3.7264826669295859e-03
247 -6.2583717970064929e-04 -4.5626125488402646e-03 6.4673238764318616e-03 4.1083129620507388e-03
248 -8.2540211964373007e-04 -5.7865600115383888e-03 6.0502325270204663e-03 4.0593245613092400e-03
249 8.4969889553602985e-04 -3.4292512996767811e-03 6.5873515622875715e-03 4.1216755404421485e-03
250 1.1529353263032716e-03 -2.8574230820107419e-03 -2.4169353729152351e-02 -3.6895835127175257e-03
251 9.2683870626401703e-04 -3.6207427802989731e-03 -2.1472201244292121e-02 -7.9147512976866178e-03
252 1.0481802768002981e-03 -3.6249448766629941e-03 -1.8465005472135310e-02 -7.2788829639817108e-03
253 4.3608823602575141e-04 -2.9279143097030876e-03 -1.9896305631039050e-02 -7.3475072787914800e-03
254 6.8450967261793490e-04 -2.8188114472683669e-03 -1.9390488878711892e-02 -7.3241570320064456e-03
255 1.5232801220616419e-04 -6.1269043146491356e-03 -2.6831188859598138e-02 -7.5939440464285910e-03
256 6.0815963898126090e-05 -6.9326140352021382e-03 -1.6161784737771023e-02 -7.1494523088351880e-03
257 -2.9321058415091511e-04 -8.4072134570937190e-03 -1.7285654331086309e-02 -7.2158679463654998e-03
258 -3.7758928018421606e-04 -7.9192585868266430e-03 -1.5788555593889451e-02 -7.1258525231275580e-03
259 -8.2907531917480017e-06 -6.1624202455162176e-03 6.8791193458570127e-03 4.1528920593588122e-03
260 -3.1731436889470240e-04 -5.7392638155415098e-03 7.0113243641725526e-03 4.1664754550708068e-03
261 -6.5653900311154036e-04 -3.4451354394596833e-03 1.2946996958057203e-01 1.7348995634337502e-02
262 -2.6389708553466134e-03 -4.0270439882025425e-03 1.3162658759238652e-01 1.7363781827986761e-02
263 2.3212542718415775e-05 -3.5839955004499644e-03 1.8214866340334195e-02 4.7170025166627556e-03
264 -6.6875065248144590e-04 -7.4971020758574872e-03 1.6260566745130989e-02 4.6661023725136043e-03
265 -7.1390875624608460e-04 -6.7165751030187201e-03 1.8248896648244962e-02 4.7178076145551378e-03
266 -6.5940790063205633e-04 -2.8641379207863141e-03 1.1609549974744013e-02 4.4916293276180269e-03
267 -2.9307563109859979e-03 -3.1238554547767918e-03 1.3474207492614484e-01 1.7384404886078481e-02
268 -3.1374486257273199e-03 -2.9618679042742826e-03 1.2987710758772625e-01 1.7351820119404882e-02
269 -4.3919950661073471e-03 -1.1108786608951093e-02 1.3728158567306620e-01 1.7400604201452112e-02
270 -2.0063192591026346e-03 -8.8471340557054762e-03 3.9450346966162890e-02 4.9730186177072543e-03
271 -2.5700095135329304e-03 -1.0260398201772766e-02 3.4976467136825007e-02 4.9421318421760995e-03
272 -8.6320216272189778e-04 -9.0460119731862951e-03 8.5895781106102801e-03 4.3059114439878464e-03
273 -7.4746782584354712e-04 -7.6074958989799206e-03 9.5629688474349415e-03 4.3751771243294218e-03
274 -5.7717270565511131e-04 -3.5167449196213080e-03 8.6064142365334766e-03 4.3072040624748684e-03
275 -1.3916061851959257e-04 -3.1142359617869052e-03 -4.0489919328709219e-02 -3.2963487190860105e-02
276 1.3720258450334133e-03 -2.0327174934944995e-03 -4.0904556651177829e-02 -3.3030262334762403e-02
277 1.4029226071680750e-03 -2.1196459005941937e-03 -4.0982832026019947e-02 -3.3042784098872610e-02
278 1.0072919622640406e-03 -2.7190363767088362e-03 -5.8380437828492518e-03 -3.1796844884430086e-03
279 -5.6790193697673426e-04 -5.0939799563453816e-03 -5.8580914621910009e-03 -3.1814483291885192e-03
280 -1.2433272749956144e-03 -5.4587267153047162e-03 -6.2928253715308522e-03 -3.2177587096419219e-03
281 -2.9830450707098027e-03 -6.7558797773027745e-03 1.4476005685830315e-01 1.7445386818715717e-02
282 -1.1096411720104634e-03 -4.3671771261045156e-03 1.5509903269176842e-01 1.7500984308807952e-02
283 -1.4220539002418411e-03 -4.3313297158023029e-03 1.4871736903219396e-01 1.7467471642512930e-02
284 -1.1543021319798139e-03 -5.2365120190108159e-03 -8.8514292608826879e-03 -6.8672973568757656e-03
285 -7.3228983101911640e-03 -2.5634590581473857e-02 -9.2688374887268492e-03 -6.9288589619472029e-03
286 -4.1686809131155503e-03 -1.8466529804319416e-02 -4.9138477646302636e-02 -7.9638450215568698e-03
287 -1.9231731305730227e-03 -1.2868262808825593e-02 -5.0923715214708669e-02 -7.9809889796741123e-03
288 -3.9421324107800594e-03 -1.6015216127041168e-02 -8.5557143853095697e-03 -6.8216489118958718e-03
289 7.1262255249192352e-04 -4.0316496894367880e-03 -8.3249018857483106e-03 -6.7847756709222967e-03
290 8.3533032670673828e-04 -3.5407413134150830e-03 -8.8667483615432231e-03 -6.8696149907704705e-03
291 1.4926849727821012e-03 -3.9205729198774379e-03 -4.4143175110052731e-02 -7.9095082131801272e-03
292 -1.5466614704870011e-03 -1.2438187216460493e-02 -5.1244747586555610e-02 -7.9839607856690437e-03
293 3.0076797311088324e-03 -3.0375676694611763e-03 -4.5554633160022603e-02 -7.9259126577467844e-03
294 2.2156281565788374e-03 -3.2161462970117646e-03 -1.7278431708699086e-02 -3.6079113253361622e-03
295 2.1688288922139293e-03 -3.1969858759729819e-03 -1.8155490749888981e-02 -3.6212633763189365e-03
296 -2.8719615186515142e-03 -1.4566476692381378e-02 -1.2725125916235988e-02 -6.8959940273027121e-03
297 -2.8211094212262115e-03 -1.1794570457200504e-02 -1.1371847103666212e-02 -6.7683326654513088e-03
298 5.7813855272699510e-04 -4.0563328129828609e-03 -1.1994177817920513e-02 -6.8294402333425484e-03
299 8.0818570835614872e-05 -3.6705941063062152e-03 -3.8779162247345035e-03 -2.9557562118681891e-03
300 -1.1096411720104640e-03 -4.3671771261045147e-03 -4.0140792711527542e-03 -2.9754669933873303e-03
301 7.0614526959939016e-04 -3.0013126811294813e-03 -4.2066653174571179e-03 -3.0020487511141845e-03
302 1.1159996465862968e-03 -3.2398941174130230e-03 8.4946229905686690e-03 4.2985533636023150e-03
303 2.8502833991232231e-03 -3.0647426661840394e-03 -7.0211548913177324e-02 -8.1161492621459816e-03
304 3.2294191653880712e-03 -2.8480899116684190e-03 -6.2362733472464321e-02 -8.0700557592418842e-03
305 3.2172031545493500e-03 -2.6929658601646173e-03 -6.9058251988602382e-02 -8.1099569534767105e-03
306 2.2482475907451222e-03 -2.9945203855763630e-03 1.6051422171558152e-02 4.6600500109333061e-03
307 -6.6329906561844888e-03 -2.2830713597680009e-02 1.3657071239863735e-02 4.5801771576707978e-03
308 -3.9938768214329377e-03 -1.7397187137259133e-02 -4.0496132286370626e-02 -3.2964493319321733e-02
309 -5.0177236399905978e-03 -2.1392922653912842e-02 -3.9953611577440602e-02 -3.2875991248603804e-02
310 1.4869071363099095e-03 -1.4898878611833393e-03 -3.9886722909745070e-02 -3.2864988378952159e-02
311 1.1017708102073909e-03 -1.5376986269086800e-03 -4.0831383558699731e-02 -3.3018532747181785e-02
312 9.9608536840910689e-04 -1.4928186511100334e-03 -4.1365412515241312e-02 -3.3103605951850953e-02
313 -4.3108159974784132e-03 -1.7914570478343068e-02 -4.1305334286256122e-02 -3.3094096358740117e-02
314 -8.6691062855192100e-03 -2.7080682044719848e-02 1.6733643407429166e-02 4.6793288926100561e-03
315 3.5560511505044204e-04 -2.2366687009420837e-03 1.8238903930232111e-02 4.7175714659702193e-03
316 2.2558411510226374e-04 -4.1165218537738022e-03 1.7666723666977354e-02 4.7036771410031630e-03
317 -1.3359909985196877e-03 -5.5346244825360547e-03 2.7072385076011080e-02 4.8662796913634598e-03
318 -1.3109020345451370e-05 -4.0782190829731623e-03 2.4850317028935663e-02 4.8375209286992708e-03
319 -6.9924549721347724e-03 -2.2290289276064485e-02 2.3889962539293749e-02 4.8236685408987153e-03
320 -9.2207675955794221e-03 -2.8491729462750224e-02 -1.4543705889700416e-02 -7.0408311071925821e-03
321 6.0494715600783447e-04 -2.5491939086454769e-03 -1.6112177605768930e-02 -7.1463622927037248e-03
322 8.2978106920578295e-04 -2.8508041907842748e-03 -1.5049943339176836e-02 -7.0766390721961068e-03
323 -1.8957805616689983e-03 -3.1862291992265893e-03 1.3322073807972284e-01 1.7374440419940611e-02
324 -2.7809190752353039e-03 -3.2200480409999999e-03 1.4586420916635837e-01 1.7451655012369151e-02
325 -1.9501538902813299e-05 -3.5541503510451945e-03 1.3132560159166508e-02 4.5595864135095036e-03
326 4.1690467358026151e-04 -2.8038647229240926e-03 -7.1109637529078052e-03 -3.2773230310504668e-03
327 7.4424017233307453e-04 -4.7696472626015500e-03 -6.7099093710637917e-03 -3.2494279530579993e-03
328 1.5232801220616541e-04 -6.1269043146491339e-03 -7.2613993525461364e-03 -3.2872020977534428e-03
329 8.0407914634054349e-04 -2.9005336673270680e-03 8.0349167022749062e-03 4.2612246097517865e-03
330 -1.9739847957482969e-03 -7.2859793589573939e-03 8.8303462923346784e-03 4.3240617592703876e-03
331 -1.8217041059350682e-03 -8.1762304403301539e-03 8.2794459767229784e-03 4.2814417810571014e-03
332 -1.5778927062623949e-03 -9.5275575687784452e-03 -2.6190875495531837e-02 -3.7062800543379479e-03
333 6.0815963898127554e-05 -6.9326140352021339e-03 -2.8213757649377627e-02 -7.6309574136790969e-03
334 -4.4026607445031372e-03 -1.7534437439823837e-02 5.5940946190046401e-03 4.0007425260110583e-03
335 -1.4750594073742653e-03 -1.0454932997310479e-02 -5.4822466585087215e-02 -8.0150038950248855e-03
336 -2.2263901206909858e-03 -1.4624935301365199e-02 -5.9061081585058607e-02 -8.0474725133017865e-03
337 1.1173765852658179e-04 -5.4900828622168477e-03 -4.9147163432566018e-02 -7.9639310662984915e-03
338 -9.1930330316722180e-04 -1.0840323818655739e-02 -3.6538143925104891e-02 -7.8025655914184784e-03
339 2.2765927669338940e-03 -2.5004889109865071e-03 -6.7860006754099323e-03 -3.2549032445780713e-03
340 -6.0696856705362806e-04 -2.3036542567777367e-03 -6.5833480534324565e-03 -3.2401207354983779e-03
341 -8.3088923069098868e-04 -2.5846506028914355e-03 5.0579595776472520e-03 3.9241699182147238e-03
342 -8.0127788239646902e-04 -2.5446681927508569e-03 5.1786615736388788e-03 3.9422043793770510e-03
343 -5.3520112445296336e-04 -3.0610929462166377e-03 4.8913145599322879e-03 3.8984523887486433e-03
344 -1.2290117272266779e-04 -3.1168144164104520e-03 8.9942351197653016e-03 4.3360169365549974e-03
345 -4.6191548125752865e-04 -3.1684409214611459e-03 8.5065598361137168e-03 4.2994847278389585e-03
346 -1.8081044512210341e-03 -9.9632794287184082e-03 9.4037706537479226e-03 4.3645637806440001e-03
347 -3.3134652520153181e-03 -1.4118485777387977e-02 -7.7178991845423114e-03 -6.2981412208076206e-03
348 -1.0552075048191026e-03 -7.7482297610665272e-03 -8.5427432471621989e-03 -6.4247032065243076e-03
349 3.5304694338511908e-04 -2.6234569284466617e-03 -7.6860309734220564e-03 -6.2929514241788706e-03
350 -2.3983584997030352e-03 -2.7883710772689295e-03 1.6597855320740557e-01 1.7552841477956261e-02
351 5.1690131515892983e-04 -3.7672054498710840e-03 -5.3253097120147105e-03 -3.1315804083399883e-03
352 2.7083531136096899e-04 -4.7746606932953430e-03 -5.4873964174701464e-03 -3.1474371652697487e-03
353 8.3095865573195042e-04 -3.5650330889213820e-03 -2.4811827373220737e-02 -7.5338236800723676e-03
354 1.5040000662248291e-03 -2.5518739367219601e-03 -2.4915948973818280e-02 -7.5371186814324224e-03
355 2.0328610311758913e-03 -2.3051759196222525e-03 -1.1019865942928796e-02 -6.7317848920897295e-03
356 2.6784270091318634e-03 -2.1682508512016257e-03 -5.4885135511054887e-02 -8.0155159365468062e-03
357 2.4464248338504786e-04 -4.2789452710741910e-03 8.8689223241802482e-03 4.3269042433995361e-03
358 1.3318258803329442e-03 -3.3149513680282958e-03 -2.3030664766151510e-02 -7.4737321642312261e-03
359 8.1597818546071544e-04 -4.0575729564399235e-03 -2.1217441045868313e-02 -7.4043241721103610e-03
360 5.2215996093737428e-04 -2.2434952180802378e-03 -2.1347008953142461e-02 -7.4095951332361631e-03
361 8.9749599173235325e-04 -2.0598314517341256e-03 -3.3139510406375937e-02 -7.7413704655942394e-03
362 1.1153973466766854e-03 -2.3095350170582673e-03 -3.7026930957917127e-02 -8.3622460637633629e-03
363 5.7295131705400874e-04 -2.4614545294366274e-03 -5.1305766987591386e-02 -8.5600333045504368e-03
364 -8.9963069387319903e-04 -8.4264109733933109e-03 5.7924679210765275e-03 4.0269064550680295e-03
365 -1.2112307914467397e-03 -1.0162976540161486e-02 -8.6817002014082465e-03 -6.4446475438221873e-03
366 -9.2716856261985600e-04 -8.4773850247263170e-03 -9.3739962056570390e-03 -6.5387037389352124e-03
367 6.8374247097528995e-05 -5.2733440054293871e-03 -9.5087808534015123e-03 -6.5560487147050704e-03
368 -2.1017656947041190e-04 -6.3264435036159763e-03 8.8501055894298405e-03 4.3255199435599384e-03
369 6.0289970156454837e-04 -4.7996798287526926e-03 9.1950925436968187e-03 4.3502480465363270e-03
370 9.3817214761785005e-04 -4.1361517141667876e-03 9.4789051842267148e-03 4.3696053104800058e-03
371 1.5013398261129888e-03 -3.8037477922288170e-03 -8.4237235213655160e-03 -6.8006999294714411e-03
372 -7.0807924092202237e-04 -5.4573749219455538e-03 -7.8909326142417215e-03 -6.7123087257917611e-03
373 -6.4136280473570432e-05 -4.6812640565843744e-03 -9.6482736720542445e-03 -6.5736873204716500e-03
374 -1.9587201735613377e-05 -2.6913882042036274e-03 -8.9143566816720227e-03 -6.4772195129518088e-03
375 -6.6331755002194733e-04 -2.9292919186282738e-03 -9.4342217546118708e-03 -6.5464910933613202e-03
376 -1.7319539844917790e-02 -4.8139895434009927e-02 7.0572515151231799e-03 4.1711157872772959e-03
377 -8.1822150795015872e-03 -2.5973316781812892e-02 7.4996291198834138e-03 4.2138528495838240e-03
378 -1.0761734062692844e-02 -3.1943743842654686e-02 6.9043722604797183e-03 4.1555129307659072e-03
379 1.2653500856061274e-03 -2.9847726300863643e-03 -7.9857941776982268e-03 -6.7285123105352571e-03
380 1.3283523092441883e-03 -3.0494133474779778e-03 -8.0666740954966759e-03 -6.7421645617144746e-03
381 4.6730932771318749e-04 -3.3400256610842589e-03 1.0483142624295512e-02 4.4317743774664698e-03
382 -7.2985294004215714e-05 -4.5164703153127445e-03 1.0585615735109735e-02 4.4376177567074186e-03
383 -2.6442496217913848e-05 -4.4637427169243998e-03 9.6000898419041532e-03 4.3776147310333954e-03
384 -4.6586212977962519e-04 -3.6476406821651926e-03 4.0987214586462643e-02 4.9822485796237213e-03
385 -1.5835010681230811e-03 -8.9178685008330424e-03 3.6235084440858434e-02 4.9514979358158519e-03
386 -1.3881744672923429e-03 -7.5919447525711354e-03 3.7490583510103592e-02 4.9602876608031699e-03
387 -5.6098063135655791e-03 -2.0934356709446343e-02 -1.4576760257028731e-02 -7.4995966346328418e-03
388 -3.6188729157578506e-03 -1.6531055594960199e-02 -1.3320330035260453e-02 -7.3922412743480008e-03
389 -1.4548078421492447e-03 -1.0407672208267377e-02 -1.3167519902145604e-02 -7.3782382329111787e-03
390 -1.0769137335531914e-03 -8.7046906802956334e-03 -6.1674761243667277e-03 -3.2076555639429629e-03
391 5.1564289727920425e-04 -2.6908060872618323e-03 8.2631366665497415e-03 4.2801193918413404e-03
392 4.0118651667837184e-04 -2.8373023843354006e-03 7.8766679154976104e-03 4.2476804911738752e-03
393 4.3608823602575076e-04 -2.9279143097030876e-03 2.9317581135766511e-02 4.8914476026002502e-03
394 -6.1409500174275378e-06 -2.7035251508119428e-03 3.3500753349784140e-02 4.9303667360724932e-03
395 -1.2861207789695876e-03 -2.9763904267515614e-03 5.0772884979870689e-02 5.0292613307719187e-03
396 -1.8769265857920172e-03 -2.9627412187703942e-03 5.0453939278528565e-02 5.0279846308520807e-03
397 4.2565100353828775e-04 -2.5602533757976497e-03 4.3257798888033737e-02 4.9948213469718063e-03
398 8.1909683372735089e-04 -2.9368886413346554e-03 7.8107886162546688e-03 4.2419311055846929e-03
399 -4.1871627632314716e-04 -4.2847379561218434e-03 7.1004129493529473e-03 4.1754405444533174e-03
400 -1.7296737081782599e-04 -3.7231390293171467e-03 2.3339991542680585e-02 4.8152943401200653e-03
401 -7.6624920471783664e-05 -4.3411038507808284e-03 7.1768079212475707e-03 4.1830107278596554e-03
402 -1.1613598382350806e-03 -2.5009786064565959e-03 7.9100656294264025e-03 4.2505699840027665e-03
403 -4.4965636749282611e-03 -2.6307188243736533e-03 1.6121370958186967e-01 1.7530889931638430e-02
404 4.9404518028650939e-04 -1.8681068001652704e-03 -4.0202376204807620e-02 -3.2916735412979729e-02
405 2.4719519799280996e-03 -2.0729529050470099e-03 -3.9717593286841206e-02 -3.2837077083122029e-02
406 2.5215003106176708e-03 -1.8429962274917251e-03 -3.9399283939143076e-02 -3.2784193327634922e-02
407 -1.3768920707481719e-03 -6.1454026617281943e-03 4.9518321290353794e-02 5.0241559104570567e-03
408 -1.8143799388204050e-03 -4.5525076292261000e-03 4.4809788210374249e-02 5.0027656564512494e-03
409 -2.4486955029810954e-03 -5.7427406387722361e-03 4.5928311610670666e-02 5.0081966018525178e-03
410 -1.5013122526709353e-03 -9.7694289523312418e-03 4.6925556364405966e-03 3.8664692210531957e-03
411 -1.8849230998495691e-03 -8.9760129083311258e-03 4.6095280545695293e-03 3.8526654638368430e-03
412 1.9395483626354494e-03 -3.1878523571453989e-03 -3.0568136446840862e-02 -3.7356810703807085e-03
413 2.1855166868094060e-03 -2.8341128036368469e-03 -3.6019795499061424e-02 -3.7633344793158471e-03
414 -6.6186242940161608e-04 -7.2883246770872635e-03 -1.5453106011585683e-02 -7.5671080787231759e-03
415 9.2496807270772328e-04 -3.4188018694034468e-03 -5.2318394070167487e-02 -8.5704445324491455e-03
416 4.2467228497146826e-04 -4.1458685997575974e-03 3.4719049862279562e-02 4.9401428986852163e-03
417 -1.1761379443531398e-03 -4.2032322012136103e-03 -2.0373773127716644e-02 -3.6505422522369818e-03
418 -7.4878488362874434e-04 -4.5686504191448573e-03 -1.7927210768080400e-02 -3.6178966809759061e-03
419 -1.3317904051800050e-03 -4.8731743871442551e-03 6.5522951966675742e-03 4.1178050960081029e-03
420 -3.3501893056897721e-03 -1.5801255162123058e-02 6.0119579724024650e-03 4.0546190756457949e-03
421 -1.9996966365438311e-03 -1.4281668252905177e-02 -6.9058251988581565e-02 -8.1099569534765978e-03
422 -2.6597507750099215e-03 -1.7810242119235067e-02 -7.0211548913177324e-02 -8.1161492621459816e-03
423 2.0844463948722258e-03 -3.1383299108723004e-03 -6.1876045999338675e-03 -3.2092972036679313e-03
424 1.7258486481501031e-03 -2.5056166026035465e-03 1.0097109554458169e-02 4.4089667535057962e-03
425 1.1026770412968885e-03 -2.6223661240859864e-03 1.0629168965355549e-02 4.4400755167836609e-03
426 -1.2819467780106689e-03 -3.1848757208638033e-03 2.8264679478569921e-02 4.8800789762760872e-03
427 -7.6843029785621871e-04 -3.1556332501003342e-03 1.9267135783709838e-02 4.7407833232475183e-03
428 -4.5452029980047105e-04 -3.2607726229004893e-03 2.0667187836354992e-02 4.7692162290262977e-03
429 -1.7324754240466929e-04 -4.6671613255811102e-03 2.1041929945772538e-02 4.7762779063476044e-03
430 -4.8805021111904392e-04 -5.9643738634147054e-03 1.9531873333631058e-02 4.7464242362727617e-03
431 -5.1544464527477946e-04 -5.6650494485768442e-03 1.9950848592251890e-02 4.7550916726796875e-03
432 -1.6989252997795699e-03 -1.0350836817118072e-02 2.1353731193654739e-02 4.7819919407879512e-03
433 -1.2691792035994937e-03 -1.0044614994235432e-02 -1.5277431784374103e-02 -7.0921666834063120e-03
434 -1.4750594073742651e-03 -1.0454932997310474e-02 -1.6518019760848487e-02 -7.1712351003388897e-03
435 8.6993860398424500e-04 -3.0404163869347332e-03 -1.5959654584712345e-02 -7.1367726699919087e-03
436 3.0832752058471526e-04 -3.0300311703491184e-03 3.7455824453746962e-02 4.9600512992783253e-03
437 3.1289407795671571e-04 -3.0789773999057865e-03 3.2220564969948122e-02 4.9193982330249927e-03
438 -2.9192948754622992e-03 -1.2882474514703155e-02 3.2789278580463294e-02 4.9243636084559637e-03
439 -2.4956083025034484e-03 -1.4591171678990822e-02 -4.0335158012184520e-02 -3.2938370049883030e-02
440 -1.5491628819382043e-03 -1.1682434704066779e-02 -4.1691977997712085e-02 -3.3155028887019496e-02
441 2.1453567892286002e-03 -2.4269628073108861e-03 -4.1440760521588842e-02 -3.3115510813775069e-02
442 -1.8849230998495704e-03 -8.9760129083311241e-03 -8.3796018524197290e-03 -6.4008031695553984e-03
443 -8.0482432191592501e-04 -6.0194549472584926e-03 1.7556066283756066e-02 4.7009027101423606e-03
444 7.2633294760042402e-04 -2.6197250744127852e-03 1.5766292577643625e-02 4.6515859678344729e-03
445 6.0468060857579947e-04 -2.6109390488785471e-03 1.5755691028657988e-02 4.6512664027173025e-03
446 1.1926014972774364e-03 -2.4795979816545281e-03 -8.9409483188319459e-03 -6.4808785531403571e-03
447 -2.2574373305430870e-03 -1.2471587342390988e-02 -9.1393207334766868e-03 -6.5077737692508970e-03
448 2.5334288615552915e-04 -5.1653346847863723e-03 -1.7086937810643348e-02 -7.2046039119893638e-03
449 4.1408048653167068e-04 -4.9807581774516854e-03 -1.8186921165528891e-02 -7.2645887081599228e-03
450 9.2496807270772263e-04 -3.4188018694034498e-03 -2.6509808305646844e-02 -7.5848830341670890e-03
451 4.9332936041117067e-04 -2.8360061284219956e-03 -2.3635795612058946e-02 -7.4949719613119107e-03
452 8.3095865573195031e-04 -3.5650330889213776e-03 -2.4091476948975739e-02 -7.5103925263754210e-03
453 -3.1157300658215138e-04 -3.2819237989167474e-03 1.0342325602608008e-02 4.4236026621141539e-03
454 -4.5579634076796838e-04 -3.2816117367637674e-03 1.0025380776865546e-02 4.4045848334037354e-03
455 2.2933735280103213e-04 -3.3021317662029429e-03 1.0458334064067026e-02 4.4303467408778980e-03
456 1.5042191076101324e-03 -3.3411406574320444e-03 1.0668756797163080e-02 4.4422963268374530e-03
457 1.1442504364347276e-03 -3.2564657875881553e-03 1.1330241767975863e-02 4.4776404506186637e-03
458 -5.5953507153456853e-03 -1.5297333149032276e-02 1.5524217983171273e-01 1.7501708126271678e-02
459 7.7851133251887394e-04 -2.6134623640639339e-03 -1.0240225534432396e-02 -7.0603601542977672e-03
460 -3.7271011701539968e-03 -1.8180934685981493e-02 -1.0939026179799201e-02 -7.1459525161866695e-03
461 -5.2131474919514722e-03 -2.0374786802664475e-02 -1.0162595857364197e-02 -7.0504105023675434e-03
462 -7.1976748688539621e-04 -2.2367641110555723e-03 1.0483142624295512e-02 4.4317743774664698e-03
463 8.1597818546071436e-04 -4.0575729564399253e-03 1.0234243928118589e-02 4.4172164096146719e-03
464 3.6485004197662878e-04 -5.2411519106720459e-03 1.1107586860659791e-02 4.4661032284146109e-03
465 6.2860113670480558e-04 -5.1181972972124947e-03 -3.9945137550766605e-02 -8.4125150591564009e-03
466 1.7910076318644948e-03 -2.7959640067920992e-03 -3.9911135140437717e-02 -8.4119657700110536e-03
467 7.6462375665699604e-04 -3.5936719987548940e-03 5.9856031486527021e-03 4.0513574952065088e-03
468 1.8266416653644497e-03 -1.9920934219674006e-03 -3.8327386983459791e-02 -3.2602642382417127e-02
469 1.2727921692671684e-03 -2.7782379255602923e-03 -1.6207631288344283e-02 -7.6209959239034990e-03
470 2.1103376198517549e-03 -2.7288114312056769e-03 -1.5646599214422206e-02 -7.5812832499180050e-03
471 2.0693526566870420e-03 -2.8141999816705334e-03 -1.4763871350774596e-02 -7.5144854061889059e-03
472 1.6672352483424174e-03 -2.7152874222049102e-03 -3.2513165113079008e-02 -7.7289097144198618e-03
473 2.4758789902905561e-03 -2.9574170169415753e-03 -2.9961695338383589e-02 -7.6736320929313810e-03
474 -3.1019864099829856e-03 -3.2522727315155318e-03 1.7658878747484993e-01 1.7597946207982280e-02
475 -1.9739847957482965e-03 -7.2859793589573922e-03 1.7331412451617914e-01 1.7584545686599472e-02
476 -3.2420149778436694e-03 -5.6243004642119654e-03 1.7043213967922180e-01 1.7572377031087948e-02
477 -3.4422564711283662e-03 -1.3445438520125055e-02 3.4804158675641537e-02 4.9408033544941594e-03
478 -3.3617676104026363e-03 -1.2814534367335453e-02 3.8726587922978367e-02 4.9684491342111272e-03
479 1.0072919622640380e-03 -2.7190363767088366e-03 -8.6621891206930656e-03 -6.4418696318039263e-03
480 -4.8628448223980996e-04 -3.7784828230225382e-03 -8.0098474466240854e-03 -6.3446092212336496e-03
481 4.0091587267409533e-05 -4.1082230614514041e-03 -8.2634582787414514e-03 -6.3834604776632012e-03
482 -3.3681749798165853e-03 -2.6346908714534826e-03 1.4417941437448634e-01 1.7442056629910288e-02
483 -2.2772219670818689e-03 -2.4032333063944084e-03 -1.0783416313122381e-02 -6.7063709333426494e-03
484 1.5768596479536611e-03 -2.9517565909299554e-03 -1.7729372602324739e-02 -7.2403259392155436e-03
485 7.4951921455682731e-04 -3.0358878206523743e-03 -1.4863691418695191e-02 -7.0636699733566477e-03
486 1.3090529212858538e-03 -3.0382630175988566e-03 -1.4926377218940252e-02 -7.0680610913128813e-03
487 2.9463018858137311e-04 -2.6620044283275886e-03 6.1048844726621469e-03 4.0659801037064743e-03
488 -1.6402682118240946e-04 -2.6072880439912522e-03 1.6332703104015511e-01 1.7540765362133438e-02
489 -3.9727738219888578e-03 -6.5993066963460365e-03 1.7052004167640983e-01 1.7572753542686000e-02
490 7.9086819497651249e-04 -2.4442518286272850e-03 -1.2284396937237575e-02 -7.2928102810636761e-03
491 4.5090689843862520e-04 -3.0727959903975124e-03 -1.1952164934517949e-02 -7.2585414816320158e-03
492 -9.1826721201845288e-04 -8.5152615951571559e-03 -1.1214778889496685e-02 -7.1778736071393323e-03
493 5.3417210189905676e-04 -3.4916930415647045e-03 -4.0443014682698064e-02 -3.2955885939902230e-02
494 8.0889150897796487e-04 -5.0646367507795886e-03 -3.9927912613152532e-02 -3.2871766277617814e-02
495 -1.5013122526709376e-03 -9.7694289523312001e-03 -1.8904205430744298e-02 -7.3007961713234615e-03
496 1.0441282336790350e-04 -6.2682168233655963e-03 -1.8344693501138421e-02 -7.2727394806753843e-03
497 -1.7851700773667364e-02 -4.8223903875547917e-02 4.9518321290336897e-02 5.0241559104569926e-03
498 -2.4433992741905723e-03 -6.9712408325681473e-03 5.0453939278528565e-02 5.0279846308520807e-03
499 -1.8330471981464909e-03 -7.8137660448439235e-03 4.3969008295360296e-02 4.9985232560380453e-03
500 5.7295131705401036e-04 -2.4614545294366300e-03 -9.0066694107939979e-03 -6.4898668685524422e-03
501 1.3623549322503296e-04 -2.8032738296552154e-03 -9.7122661785691636e-03 -6.5816749764156749e-03
502 1.6774427722172921e-04 -2.5944151960440149e-03 -1.7331831391687830e-02 -7.6948487404255965e-03
503 -2.5381134514202907e-03 -1.2788692050860247e-02 1.3809993931024117e-02 4.5859437623615631e-03
504 7.4368738276535764e-04 -5.0984843926886216e-03 -4.2983067316862647e-02 -7.8953259013140684e-03
505 3.6988893107411241e-04 -5.2067959546523660e-03 -4.4816263178062886e-02 -7.9174432718699603e-03
506 9.5132022321909541e-04 -4.5728153677640484e-03 -4.8581365922298378e-02 -7.9582699229884934e-03
507 -4.3893653787781955e-03 -2.6139137404106085e-03 1.7770509742954738e-01 1.7602414657701713e-02
508 -7.9284111013372112e-04 -2.4069273255086323e-03 5.2523448495520502e-03 3.9529781721897306e-03
509 -1.0313376252402385e-03 -2.4386216421497528e-03 2.0739284125512316e-02 4.7705917121450038e-03
510 -3.8587244097530119e-04 -5.6775875851014157e-03 2.2462357516575597e-02 4.8012032289243807e-03
511 -1.8630206683775319e-04 -4.8793368707126424e-03 2.3210956922200709e-02 4.8132801363845396e-03
512 -2.6996520253388823e-03 -1.0664651141984668e-02 -7.6860309734214744e-03 -6.2929514241787752e-03
513 -2.2732572255352093e-03 -1.0434788087140807e-02 -8.0306778615833671e-03 -6.3478522472653820e-03
514 1.8830959878526183e-04 -3.6598719344152967e-03 -8.4406745326491318e-03 -6.4098125080633769e-03
515 3.9143948880173112e-04 -2.5188471143700341e-03 -4.1388077409653626e-02 -3.3107189508900042e-02
516 9.0587648738973622e-04 -3.5842887542732677e-03 -6.7210026398497894e-02 -8.0996438801180116e-03
517 -2.9528215458617146e-04 -6.0775577836771318e-03 -5.8303060056801775e-02 -8.0419711301435489e-03
518 -4.7553151495660587e-03 -2.0225866503857538e-02 -1.8994365205233534e-02 -7.3051974182759809e-03
519 1.8097364619399373e-04 -6.0283554825212365e-03 -1.7885685426089332e-02 -7.2487214259714088e-03
520 5.7573983503525429e-04 -4.2625568700833741e-03 1.9013693132743297e-02 4.7352588844195896e-03
521 1.1858205945058213e-03 -5.0489044338326797e-03 -1.9150627496394863e-02 -7.3127493216420085e-03
522 2.2212394403362027e-03 -2.8839534023762927e-03 -3.5450100359638879e-02 -8.3321632723328473e-03
523 1.5915531320264712e-03 -3.0566177455803051e-03 7.9254464819742427e-03 4.2518950582515081e-03
524 1.0435775885770555e-03 -2.3266515923622412e-03 -2.5639409645025223e-02 -7.5594047962095406e-03
525 6.0208447303766244e-04 -3.2783952976057460e-03 -2.3018314248884085e-02 -7.4732892756349013e-03
526 6.9592465231859855e-04 -3.3767772637449903e-03 -2.3362251561961225e-02 -7.4854810628209919e-03
527 2.5482087454868402e-04 -3.2887880431653064e-03 5.3475091261498712e-03 3.9666367700365874e-03
528 -5.5811478263032748e-03 -2.0469314743754480e-02 -1.4352982970487241e-02 -7.4814344926736037e-03
529 -2.8564180779490850e-03 -1.4716227713163024e-02 -3.6441924754632711e-02 -7.8009680832586718e-03
530 2.1270222635188556e-04 -3.1936661250260207e-03 -3.4034030196139625e-02 -7.7584872009054968e-03
531 -6.4258199603971125e-04 -3.5704355918986753e-03 -1.6237941226369713e-02 -7.1541687748089191e-03
532 -1.0126263458778571e-03 -3.7684613299154637e-03 -1.3928138809914998e-02 -6.9948018203099486e-03
533 8.1013434396835500e-04 -4.0615849355057172e-03 -1.2185533600220455e-02 -3.4992933881246961e-03
534 1.4508037441626092e-03 -2.1536019926088777e-03 -1.1062775535931269e-02 -3.4644490899473565e-03
535 -8.4238552061191888e-05 -5.0286399180311664e-03 -1.3873074837749078e-02 -6.9905435158617545e-03
536 5.3417210189905719e-04 -3.4916930415647049e-03 -9.1328566565007010e-03 -3.3888828643330727e-03
537 -3.7514063445637789e-04 -3.6470222823594889e-03 -8.2549317351181522e-03 -3.3455637350637266e-03
538 -3.0081968291530419e-04 -4.5007786844061658e-03 -8.9030461908955975e-03 -3.3781853165797573e-03
539 -1.2383270395264782e-03 -2.9158763110839329e-03 -9.2832949255295914e-03 -6.5268609690665655e-03
540 -1.5914770797430353e-04 -2.7020164769211508e-03 -8.7329976848265333e-03 -6.4519164565970200e-03
541 -2.0443215426602878e-03 -2.7787417873922234e-03 1.5488817344468367e-01 1.7499915959432188e-02
542 -1.5374658776089918e-03 -4.6285849477947774e-03 1.5959774164606741e-01 1.7523183181598609e-02
543 1.5152783591203243e-03 -2.5182804394027203e-03 -4.0650890253508140e-02 -7.8647020293695635e-03
544 1.7039019938761392e-03 -2.4240123262056355e-03 -4.4355226575167266e-02 -7.9120307007942391e-03
545 1.9926288910899364e-03 -2.9476034833242821e-03 -1.7867398746959980e-02 -3.6170023044690262e-03
546 8.1210045583291900e-04 -3.3304057151906930e-03 5.1922745443041636e-03 3.9442080850707693e-03
547 9.6058592788611605e-04 -3.6281759770212152e-03 4.7642508572200747e-03 3.8781756846260874e-03
548 5.7573983503525353e-04 -4.2625568700833758e-03 4.9567989159961115e-03 3.9086742737749229e-03
549 2.2597666506546504e-04 -4.3372753034102360e-03 2.6551043940926264e-02 4.8599082125966118e-03
550 -4.4849624700829007e-04 -5.3991264907450754e-03 2.7860746366288706e-02 4.8755192347115141e-03
551 6.2294118261812436e-05 -4.0030693348364101e-03 3.7533073860506153e-02 4.9605760717878929e-03
552 -1.2260403540678249e-04 -3.8840226609203514e-03 3.9204671088218658e-02 4.9714841923090333e-03
553 1.8931439602945712e-03 -2.6704299637382136e-03 -6.2893756282953253e-02 -8.0734926048313446e-03
554 1.1320118112495647e-03 -2.7299796789057858e-03 -5.0553136799860919e-02 -7.9775174699290331e-03
555 3.5882365975794042e-04 -3.5955994477427505e-03 8.7905414055001393e-03 4.3211100453964943e-03
556 -2.6124183798617185e-03 -1.0060946561559854e-02 8.3077657172811077e-03 4.2837293577491315e-03
557 -2.9391428073042079e-03 -1.0691103890124372e-02 1.4252224310750142e-02 4.6020568371397778e-03
558 -1.3768639886736875e-04 -3.2953956863339818e-03 1.4545347568857359e-02 4.6122987750193802e-03
559 -3.6263730091693917e-04 -3.7979092399924117e-03 -2.5509830122561902e-02 -7.5554895318329773e-03
560 -3.1159410062255371e-03 -1.4215153521445156e-02 5.5752971524680927e-03 3.9982057688535142e-03
561 -4.7710154371260159e-03 -1.8534726551149159e-02 -1.6201644386566141e-02 -7.1519249740817402e-03
562 -4.8983788944870888e-05 -3.6083058323510392e-03 2.0914210158315787e-02 4.7738953912605823e-03
563 3.7700166571382040e-04 -4.0216638577820624e-03 -1.4725284294344427e-02 -3.5614198769458229e-03
564 -4.2922912565802442e-03 -1.7691246957571787e-02 -1.4092939307717387e-02 -3.5477188063287183e-03
565 2.7795369495596897e-04 -2.6860510700792398e-03 -1.3416033660801848e-02 -3.5318548795023790e-03
566 1.3377641400039361e-03 -1.9981423297820156e-03 -4.0537907482201416e-02 -3.2971253991294303e-02
567 5.7813855272699629e-04 -4.0563328129828453e-03 -4.1003334243421126e-02 -3.3046059469208827e-02
568 7.9820012642120754e-05 -5.2938281988119543e-03 -4.4096484622043733e-03 -3.0285374892413883e-03
569 -8.9786267562680638e-03 -2.8044245704769016e-02 -4.8447989546543876e-03 -3.0805928573908363e-03
570 8.4931074163350107e-04 -4.5766932360203176e-03 -2.5657789779397946e-02 -8.0784695821303903e-03
571 -1.0975161955369870e-03 -2.4145660783759671e-03 -2.8093383071416646e-02 -8.1551867908170299e-03
572 -3.0538274468496201e-05 -2.2667817950107493e-03 -1.0089371250682551e-02 -6.6274625179670917e-03
573 7.8617787719539498e-04 -2.3966143662756483e-03 -1.0630931013668285e-02 -6.6895981287927071e-03
574 1.6763780476070347e-03 -2.2917631300229994e-03 -1.6288351411233717e-02 -3.5913644821942477e-03
575 -8.5582464550063844e-05 -6.1876738370549803e-03 -1.5857291166523277e-02 -3.5836101573732070e-03
576 4.0775497227989757e-04 -7.0632702215407215e-03 -4.5139162213566779e-02 -8.4879492020513460e-03
577 3.0989043688367957e-04 -2.6944110803817358e-03 -4.1984139476476763e-03 -3.0009396381547441e-03
578 -1.7788876332289801e-04 -2.7500116788129027e-03 -4.0211392148994151e-03 -2.9764677324477166e-03
579 3.0601068219349332e-04 -2.9468960046479184e-03 -1.4433540007881699e-02 -7.0328000292363786e-03
580 -1.3768920707481714e-03 -6.1454026617281925e-03 -1.3015735484301740e-02 -6.9210208422788152e-03
581 -5.7850477873430098e-04 -2.4046374674749644e-03 -1.1774603085196204e-02 -6.8083708577749901e-03
582 1.0891718557712654e-03 -3.1391307881191662e-03 -1.0729028801426239e-02 -6.7004235905642967e-03
583 6.5337694931069960e-04 -3.1172398641924077e-03 -9.7673323248563936e-03 -6.5884968530669791e-03
584 7.4106730634684295e-04 -3.2689549882921453e-03 -1.5289771055484040e-02 -7.0929992805793783e-03
585 8.0407914634054469e-04 -2.9005336673270697e-03 -1.4096798188396480e-02 -7.0076977660566090e-03
586 -1.7737146300246024e-03 -1.0686837877879145e-02 -1.4703001463388187e-02 -7.0522903632524881e-03
587 2.7887801379334600e-04 -3.0670212715912769e-03 -1.2335779967240211e-02 -7.2980017971155898e-03
588 -9.9533812379835410e-05 -3.3809121384412305e-03 -1.1208599414076219e-02 -7.1771691593726233e-03
589 -3.2778772292863089e-03 -2.8786780544352688e-03 1.5304180007562762e-01 1.7490450265229180e-02
590 -3.0272224006614324e-04 -2.8346797606999480e-03 7.0989704555809805e-03 4.1752965682670656e-03
591 -1.3109020345451641e-05 -4.0782190829731614e-03 7.3185159525885031e-03 4.1967734401549099e-03
592 -3.4267050888167226e-04 -6.1292624641695629e-03 7.6948737009380893e-03 4.2316520576551053e-03
593 -3.1764884503097349e-04 -2.9158795738424654e-03 1.1828790757090936e-02 4.5022502327034530e-03
594 -2.5476607146220241e-03 -3.0509855629477414e-03 1.5122487458222808e-01 1.7480936872314421e-02
595 -1.5108201585622993e-04 -4.2562595182704050e-03 1.5579934842889293e-01 1.7504514255254202e-02
596 7.4547089456394292e-04 -2.6261071359083114e-03 -1.7663461265165020e-02 -7.2367519831882743e-03
597 6.1349583583548495e-04 -4.0400959844311786e-03 -1.9002770767643264e-02 -7.3056060953807424e-03
598 8.2845482656403787e-04 -3.5328272888519607e-03 -4.6566328849304076e-03 -3.0588288544463492e-03
599 1.1258869106533663e-03 -2.9150689861500816e-03 -4.2439453725763030e-03 -3.0070275740892668e-03
600 8.0953129335403925e-04 -2.4447274028353842e-03 -2.6895619360194904e-02 -7.5957389973469258e-03
601 -3.9869810290643387e-04 -2.5277797170059207e-03 -9.8471812871377112e-03 -3.4195991108814578e-03
602 -2.7244459968255854e-04 -2.5209640880534366e-03 4.9323222140327371e-03 3.9048713624228260e-03
603 -2.7367366732152405e-03 -1.3984099398060879e-02 -4.4678503625184759e-03 -3.0358607528969310e-03
604 7.3234428624814206e-04 -2.9012635787206750e-03 2.2749729375534839e-02 4.8059200720279235e-03
605 9.5782874532010444e-04 -2.8296134434883393e-03 2.4421950363028157e-02 4.8314583783535424e-03
606 6.8450967261793642e-04 -2.8188114472683639e-03 -3.9540934652619014e-02 -8.4059329060655504e-03
607 7.5584514818907516e-05 -2.7343903805958597e-03 -4.1113717157543202e-02 -8.4309164523903597e-03
608 7.3701711718935693e-04 -3.8157846829391415e-03 4.8709764775937579e-03 3.8952464872195804e-03
609 -1.3672419607793155e-04 -4.6568683615347169e-03 2.0891853018696515e-02 4.7734757811122705e-03
610 1.0124166086456431e-04 -2.5639159743531246e-03 9.4872819353869018e-03 4.3701637706081405e-03
611 -2.9067734026630323e-04 -2.7417063250311387e-03 8.6019414055353988e-03 4.3068610041962054e-03
612 -1.5395043437429379e-03 -6.8771153913984445e-03 9.0644710274749279e-03 4.3410450115958293e-03
613 -6.2069570638871433e-04 -5.7215399566328843e-03 2.6813327684026063e-02 4.8631405870310741e-03
614 -7.3562262921841903e-04 -6.6329602786722591e-03 1.7930245417587119e-02 4.7101686077341198e-03
615 -1.0422724459990118e-04 -3.9152756716752850e-03 -1.7451622613670552e-02 -7.2251266327738647e-03
616 -1.1393640135124649e-03 -7.3240292720415899e-03 -1.7264524279480192e-02 -7.2146795272022184e-03
617 -2.3266195651647646e-03 -1.0820782162265426e-02 2.0397088878365541e-02 4.7639896480970844e-03
618 -5.2745741824734556e-04 -5.7048888153254651e-03 -4.0145666722407693e-02 -7.8576631898564214e-03
619 -4.9089803444584996e-04 -6.4825891132719885e-03 -6.4514560541515491e-03 -3.2301457531471538e-03
620 -4.3184129294745099e-04 -6.7532688576869438e-03 -4.0900557462764990e-02 -3.3029621868825507e-02
621 -2.6658999954303798e-03 -1.2979611797341807e-02 -1.5269142366604588e-02 -7.0916068003256680e-03
622 -1.0422724459990118e-04 -3.9152756716752850e-03 -1.5448490957754480e-02 -7.1036221575906076e-03
623 -7.8191332389561884e-04 -4.5560000297359543e-03 -1.0129953039574547e-02 -3.4308008706266705e-03
624 -8.0376299376481407e-03 -2.7882201901738658e-02 -1.0847926689262419e-02 -3.4571150879463240e-03
625 -8.1204494918000972e-03 -2.8236528739454283e-02 5.6254800870533172e-03 4.0049554897259977e-03
626 -2.3172361334754931e-03 -1.2471068135975693e-02 -1.3243678132513519e-02 -6.9401165622176471e-03
627 8.2556922136166279e-04 -4.0221093328832941e-03 -1.3343337999157328e-02 -6.9483225507232750e-03
628 -2.2122683194082730e-04 -5.9238229292956886e-03 -1.4060191609327933e-02 -7.0049174461802597e-03
629 2.1503759610477574e-05 -4.8965680783987038e-03 -8.2627641006063294e-03 -6.3833559873104880e-03
630 2.1270222635188623e-04 -3.1936661250260259e-03 1.5530992618625976e-02 4.6444090488701019e-03
631 2.7887801379334145e-04 -3.0670212715912925e-03 -2.4739775452691785e-02 -7.5315302635975776e-03
632 -1.4483003716527130e-03 -8.9742395482101580e-03 -2.6731276032742984e-02 -7.5911464314800774e-03
633 -1.9286053922830083e-03 -1.1797199083481450e-02 -2.7541173084554827e-02 -7.6133374801056006e-03
634 -1.3408428452146952e-03 -2.9140984063586043e-03 3.0155426036699996e-02 4.8999970269560499e-03
635 4.7583979390885525e-04 -2.6096153003308739e-03 -5.1123442074545111e-02 -7.9828416987764612e-03
636 5.4436981735061216e-04 -3.1069316461194004e-03 -5.5107875063980710e-02 -8.0173275719136444e-03
637 -2.0015870823174684e-03 -1.3994269345186397e-02 -5.8596241518634455e-02 -8.0441137497084085e-03
638 -3.1424043885915163e-03 -1.2196935848281507e-02 2.5069058363173878e-02 4.8405474829153290e-03
639 -1.5754018718161871e-03 -2.8751381776123638e-03 1.1873264927280584e-01 1.7268404234365497e-02
640 -2.0903572408803423e-03 -4.3702725570004767e-03 1.2620728942475110e-01 1.7325783460910415e-02
641 -5.6379542703245350e-05 -3.2924252431047948e-03 -1.9569496877134072e-02 -7.3325283737914219e-03
642 -6.5970085552154861e-04 -8.2265414440122371e-03 -2.0086686873704136e-02 -7.3560567957780204e-03
643 1.5370522641660878e-03 -2.4002717732730461e-03 -1.1673753192891956e-02 -7.2288550911133150e-03
644 1.2917256798147543e-03 -2.4544565178033478e-03 -1.2807402917029878e-02 -7.3443535202710915e-03
645 -3.0643975895423827e-03 -1.0951943026131328e-02 4.8026393998748564e-02 5.0177793057544625e-03
646 -2.2648664307684911e-03 -1.0678634724110044e-02 -9.2509738997480807e-03 -6.9262903159300867e-03
647 -2.3937235045773549e-04 -2.0862982248189810e-03 -3.0639555885534256e-02 -8.2244688649951419e-03
648 1.0181502417456636e-03 -3.0406526919362180e-03 -2.9427523920219245e-02 -8.1927315403129038e-03
649 1.3920545849458199e-03 -2.6177040198080027e-03 -7.3559568807772631e-03 -6.2377752421655429e-03
650 1.0247728826100516e-03 -2.6254102138924965e-03 3.0032159217540665e-02 4.8987653785964634e-03
651 1.6672352483424154e-03 -2.7152874222048937e-03 1.4531698414298645e-02 4.6118293066818861e-03
652 -4.0958451248040111e-05 -4.3017359857417921e-03 1.4078114265267354e-02 4.5958104422002101e-03
653 2.5411715767974380e-03 -2.8635431046492355e-03 -4.5278094340559120e-02 -7.9227688364422681e-03
654 1.3979234789784950e-03 -2.2749226231467234e-03 -4.0885059661390846e-02 -7.8679133940608801e-03
655 1.1631625942436919e-03 -2.4202048234398289e-03 -1.9239875712956565e-02 -7.8051603152011180e-03
656 1.1699532567584531e-03 -2.7048559657196383e-03 -1.9515317141350901e-02 -7.8197215893750470e-03
657 -1.3338239328420562e-03 -6.9687404761298744e-03 2.4896906702336453e-02 4.8381694101223499e-03
658 -7.0421734477993354e-05 -3.9465156958607747e-03 -3.9060398573122754e-02 -3.2727378078461634e-02
659 -2.6331505735923914e-03 -1.0125202643584311e-02 2.0257200205507933e-02 4.7612361556187699e-03
660 6.1349583583548105e-04 -4.0400959844311968e-03 -3.0407586419863873e-02 -7.6838556561645878e-03
661 7.0045334894335226e-04 -4.9075271357440272e-03 -3.3187310517543103e-02 -7.7423049760271916e-03
662 -3.2167219622102072e-04 -3.0903904398523170e-03 6.4597319395391841e-03 4.1074571431877821e-03
663 -6.8015232648390117e-04 -3.7734494359316076e-03 -3.6532323581953182e-03 -2.9214348654146853e-03
664 -1.4968251092230085e-03 -8.0242848067033704e-03 9.7528228274631791e-03 4.3875001651885997e-03
665 -6.3887143836008722e-04 -1.0260729464301149e-02 -3.4357464194133769e-02 -7.7644886743086158e-03
666 -7.0972568180051971e-04 -2.9688024285247968e-03 -9.3495232938242620e-03 -6.9403896625777383e-03
667 8.5904026603615788e-04 -3.3449198177590228e-03 -2.7029515680689058e-02 -7.5994464687495732e-03
668 -2.4615317997534581e-04 -4.0215874784524262e-03 -1.6513433818727479e-02 -7.1709591413055204e-03
669 -3.9578903264114436e-04 -4.0797785237822381e-03 6.0827603338686528e-03 4.0632947337543917e-03
670 -1.4483003716527130e-03 -8.9742395482101563e-03 6.6707161102239751e-03 4.1307743377790376e-03
671 -9.1195298208114573e-04 -2.4830258122395753e-03 -1.5172353405202140e-02 -3.5705198430979390e-03
672 1.2250484618409143e-03 -2.4356466918681514e-03 -1.3669639700822052e-02 -3.5379529550674349e-03
673 -1.1392860352883675e-03 -7.8263616941285363e-03 8.0545990484714013e-03 4.2628833969618977e-03
674 1.3340735870649833e-03 -2.5204506055877766e-03 7.8818850711038502e-03 4.2481329770027963e-03
675 -5.9808747832248651e-04 -4.4468963963846791e-03 7.5608172447969441e-03 4.2194979482520654e-03
676 -1.2260403540678548e-04 -3.8840226609203497e-03 -1.1210324828573820e-02 -6.7517471603911567e-03
677 4.1996340766116164e-04 -4.2865387779007311e-03 -4.0370549580682855e-02 -3.2944123308839862e-02
678 2.4655324667755421e-03 -2.0323696600844455e-03 -4.1013412187633255e-02 -3.3047668824094108e-02
679 -3.2075926846551785e-03 -1.6208269816222424e-02 -4.0908742553854217e-02 -3.3030932628471871e-02
680 1.3841518974458651e-03 -3.1564161011580789e-03 -2.1480237088346597e-02 -7.4149621702933807e-03
681 1.5317893268519272e-03 -2.8628038954083331e-03 -2.1600874063912166e-02 -7.4197764231376459e-03
682 1.2848518452562546e-03 -2.9989442457515579e-03 -2.0139098261333650e-02 -7.3583881600995452e-03
683 -1.1367752892269968e-03 -1.0616577416871826e-02 -2.1000993103879529e-02 -7.3954037964043548e-03
684 5.2148554377081627e-04 -2.4248283231041940e-03 -2.3287876529944376e-02 -3.6815124056079570e-03
685 -6.8935976442830577e-04 -8.8844177123568110e-03 -3.1491431312334783e-02 -8.2455482147191731e-03
686 -1.8309610058186779e-03 -1.2844373563944432e-02 -4.0203854322512327e-02 -3.2916976680319746e-02
687 -2.5061960553178012e-03 -1.3712181484441553e-02 -1.7815353225285897e-02 -7.7244741039300228e-03
688 1.2713853959699134e-03 -4.1326328376063981e-03 -4.9040238115346330e-02 -7.9628699680660813e-03
689 -1.9725141400129525e-03 -8.0451956191895727e-03 -8.5330909831376443e-03 -6.8180838942416755e-03
690 -1.9474532085912656e-04 -4.9160410409035014e-03 -7.7827127732470244e-03 -6.6935664705557061e-03
691 -6.1449609789623655e-04 -4.4877601024727373e-03 -2.7325557925917874e-02 -7.6075364302905547e-03
692 8.9219006542428541e-04 -4.0452916764445370e-03 -2.0782336426106274e-02 -7.3862431213051775e-03
693 -5.5442726852242405e-06 -4.9394615090523992e-03 2.5142030560228679e-02 4.8415469965354396e-03
694 -3.9429023633383287e-04 -5.7721719148174366e-03 2.8497329931003582e-02 4.8826540189131854e-03
695 -3.0406025203732611e-04 -3.2878082200981716e-03 2.8358001615024830e-02 4.8811163168893364e-03
696 4.3072089856153816e-04 -2.9927655537391640e-03 -1.0403162561910366e-02 -6.6639640984831839e-03
697 2.3212542718421846e-05 -3.5839955004500022e-03 -4.7172722476835946e-02 -7.9436617289411135e-03
698 -1.7085194208385679e-03 -9.1313607517740925e-03 5.5472613581877793e-03 3.9944033122479971e-03
699 -5.4222421104092649e-04 -8.0804760627676657e-03 -2.3070721378199696e-02 -7.9828596314570014e-03
700 1.3987855093013984e-03 -3.1967882570992112e-03 -2.3908991371641149e-02 -8.0156567912711175e-03
701 -6.5990657453419814e-04 -2.9508359906201763e-03 1.5674638747985573e-01 1.7509243543555302e-02
702 -2.7892937283056172e-03 -6.6636503512599666e-03 1.6809237899561999e-01 1.7562227570140618e-02
703 3.8246597311366736e-05 -3.1761735682935485e-03 -1.1269005321258218e-02 -3.4712741183334770e-03
704 1.2713853959699145e-03 -4.1326328376063981e-03 -5.5125872876659862e-02 -8.0174733945268372e-03
705 1.5638418691284902e-03 -5.0475009695307134e-03 -5.3097569360803017e-02 -8.0004952986941526e-03
706 7.0569608100660812e-04 -2.8938559199483886e-03 -9.0809592231545465e-03 -3.3865040533857973e-03
707 -1.6360464661042077e-03 -9.0421117255912314e-03 -8.3002144300522041e-03 -3.3479695489711447e-03
708 -1.5592895330937260e-03 -1.1391972105249861e-02 -8.4674593699550823e-03 -3.3566837714538228e-03
709 2.3766912650454337e-03 -2.6646112470377517e-03 -2.8308610263872692e-02 -8.1614413403602488e-03
710 1.9694295400313525e-03 -2.7613481943066826e-03 9.7091825246942900e-03 4.3846989923853634e-03
711 -5.0065095523100882e-04 -3.0337281417428183e-03 4.3753501864207990e-02 4.9974127336272359e-03
712 -2.2440747423051856e-03 -1.0481213844007031e-02 4.6068678849619502e-02 5.0088617039407007e-03
713 -2.2221573615370314e-03 -2.6360389349825673e-03 1.3949888001373317e-01 1.7414322569085462e-02
714 -1.7714139310605562e-03 -9.1074338124580278e-03 -3.8675085472706437e-03 -2.9542168474871069e-03
715 -1.0283370900041769e-03 -6.6163017288749506e-03 -3.8172137902176087e-03 -2.9467104874655397e-03
716 -7.6207275289108343e-03 -2.0396447485587811e-02 1.7243463884041382e-01 1.7580870270787842e-02
717 -9.8485603501373658e-04 -1.0654373754328301e-02 -2.6489492993964987e-02 -8.1059630829069442e-03
718 1.2034171723294984e-03 -3.3783484589103804e-03 -4.7437362640088208e-02 -7.9464639034222007e-03
719 1.8077404203583813e-03 -2.9734636858399026e-03 1.3152259971470058e-02 4.5603833939717045e-03
720 -1.1761379443531361e-03 -4.2032322012136329e-03 1.4874085043698976e-01 1.7467599592103682e-02
721 -4.1871627632315118e-04 -4.2847379561217576e-03 1.4476005685830315e-01 1.7445386818715717e-02
722 -1.6391167458986071e-03 -8.6888496782248914e-03 7.3767193443799164e-03 4.2023235006598868e-03
723 9.7401735172347292e-04 -2.6566665157226979e-03 -2.4416178196059474e-02 -7.5210939230558674e-03
724 2.3786859126158359e-03 -3.0736027454127592e-03 7.6952567194222840e-03 4.2316863703842607e-03
725 1.8247104678591453e-03 -3.0819428807576715e-03 5.3521056948703395e-03 3.9672893245164403e-03
726 2.4548535152412994e-04 -4.1131491289566257e-03 4.8709764775937579e-03 3.8952464872195804e-03
727 4.5664109682045989e-04 -3.5495973467492654e-03 2.7093040945890767e-02 4.8665277388742828e-03
728 -1.9474532085912548e-04 -4.9160410409034997e-03 2.2875372230608471e-02 4.8079503101292531e-03
729 2.0971499620102570e-04 -3.4612706110405166e-03 2.2477448341743304e-02 4.8014535011550990e-03
730 -1.2517583184493614e-03 -3.6553639826917179e-03 -8.6184645437667948e-03 -6.4356177432356729e-03
731 -1.4373179776149018e-03 -1.0436717732598752e-02 -2.8697635305773760e-02 -7.6432061411972592e-03
732 -1.1247428394881340e-02 -3.5426984594488370e-02 -2.6189981383930243e-02 -7.5756835926821531e-03
733 -5.6634904052645183e-04 -4.3073838493693437e-03 1.0647873419632430e-02 4.4411263619553104e-03
734 -1.2260403540678651e-04 -3.8840226609203488e-03 1.7286355455003878e-02 4.6940163761957079e-03
735 -3.9825003515309727e-03 -1.6387981708900427e-02 -9.6684283006617452e-03 -3.4122500550791968e-03
736 -3.3581376759345078e-03 -1.5367171269093944e-02 -1.0769240915261101e-02 -3.4543698256031320e-03
737 -1.1007663259338853e-02 -3.5432412646683925e-02 -1.0071801014364329e-02 -3.4285382906612616e-03
738 -7.5124223152634728e-03 -2.7849259010516641e-02 -2.5430472225022625e-02 -8.0707012866932989e-03
739 1.5498793245627411e-03 -2.3125168351948743e-03 -4.0616949333986158e-02 -3.2984024690270036e-02
740 2.2532487956787193e-04 -2.5264237405346131e-03 -3.1031985517819174e-02 -7.6977547199569875e-03
741 2.9946848225651369e-04 -2.6388454901287699e-03 -2.9540245349938765e-02 -7.6637307987390615e-03
742 -2.9391428073042062e-03 -1.0691103890124369e-02 -1.6543522316569768e-02 -7.1727676309165170e-03
743 -4.6586847842419038e-03 -2.0697799350660150e-02 -1.1484309643036403e-02 -6.7796990397376170e-03
744 -3.9530350032596301e-05 -3.3932814197606262e-03 4.3508189669802237e-02 4.9961368220574707e-03
745 1.0096713409049741e-03 -2.5393095183591455e-03 -4.1070274272093477e-02 -3.3056740958291239e-02
746 8.2280381055065946e-04 -2.7744107894819969e-03 -3.1336035096005105e-02 -7.7043531602984348e-03
747 2.0626554958090683e-03 -2.4943841095842771e-03 -4.5779802607815466e-02 -7.9284480287329477e-03
748 1.5700795864648487e-03 -2.8467822321667459e-03 -5.0123168420612894e-02 -7.9734333543762387e-03
749 -7.6624920471774042e-05 -4.3411038507808345e-03 1.9871473380891107e-02 4.7534734350286514e-03
750 2.4464248338505431e-04 -4.2789452710741511e-03 2.1739328415108502e-02 4.7888641189981155e-03
751 -3.4804530575052912e-04 -7.1588989109954426e-03 -1.3074717003331068e-02 -6.9260062098076107e-03
752 -1.5710650947842531e-03 -9.8099434478351177e-03 -8.3296508215661251e-03 -6.3933783079987835e-03
753 -6.9228589604378799e-03 -2.2215694187366838e-02 -7.7178991845423114e-03 -6.2981412208076206e-03
754 -1.3916061851959810e-04 -3.1142359617869321e-03 -1.1478080720014236e-02 -6.7790733351994316e-03
755 6.3656871799079172e-04 -2.6041280302878190e-03 -9.1795743301670459e-03 -3.3910062302765580e-03
756 4.1634588200653886e-04 -2.9959659964959732e-03 -5.3001112897619843e-02 -7.9996595580049852e-03
757 -1.7542911351026678e-02 -4.8307373497469171e-02 6.1674860675289172e-03 4.0735135372013068e-03
758 -1.9501538902808746e-05 -3.5541503510452062e-03 -4.4988696023544765e-02 -7.9194428024984640e-03
759 -1.8522195213239993e-02 -5.0953121324344680e-02 -5.3464178072979360e-03 -3.1336814350813764e-03
760 -1.6856442705970611e-02 -4.8050175141278025e-02 5.6180564981137705e-03 4.0039615374666462e-03
761 -7.6130416150487872e-03 -2.7759086879622762e-02 -3.9545499037035046e-02 -3.2808543016859461e-02
762 7.2471692517065670e-04 -2.3325827550667801e-03 -4.9502758602671280e-03 -3.0923294297934643e-03
763 3.5304694338512109e-04 -2.6234569284466543e-03 5.6078383206079581e-03 4.0025908464573594e-03
764 5.5264942132415330e-04 -3.7406538084948774e-03 -3.9927912613152532e-02 -3.2871766277617814e-02
765 3.7468460682427206e-04 -4.2655571594566715e-03 -1.1255842344330141e-02 -3.4708445971416350e-03
766 5.2992158311274758e-04 -3.9664823935674090e-03 -1.2159014741746388e-02 -6.8449203212267206e-03
767 -1.3327938068788262e-03 -6.7747328862891761e-03 -1.1072989871995599e-02 -6.7373977664332363e-03
768 -1.0422724459990148e-04 -3.9152756716752859e-03 2.5793806979181017e-02 4.8502566868864833e-03
769 -7.8191332389562079e-04 -4.5560000297359743e-03 1.2449086977183461e-01 1.7313143563275374e-02
770 2.5213511816020179e-03 -2.9739012265734845e-03 -5.0704607164960787e-02 -7.9789417836423765e-03
771 1.9703750496371008e-03 -3.2926287783251237e-03 -3.8788143148819960e-02 -3.2681345508314107e-02
772 -1.6106422039562834e-02 -4.7906800549701929e-02 -5.2669470430481410e-02 -8.5739723185727541e-03
773 -1.7328354324459339e-02 -5.0682112704694852e-02 -5.8626318362122246e-02 -8.6281417881268630e-03
774 -3.6686350764243928e-03 -1.6039919885488894e-02 -3.6591360437501289e-02 -7.8034460360457197e-03
775 5.4629975432235142e-04 -3.2908075634647347e-03 -7.4776820245689886e-03 -3.3008884495761871e-03
776 -3.8328085032619183e-03 -1.4970272602379049e-02 2.0754238237553801e-02 4.7708759929376019e-03
777 -2.9862360728516082e-03 -3.1026107678485525e-03 1.6809237899561999e-01 1.7562227570140618e-02
778 -3.0216629013859076e-04 -2.9334700369130712e-03 1.4874085043694488e-01 1.7467599592103440e-02
779 -3.7758928018421075e-04 -7.9192585868266829e-03 -6.1852485537014182e-02 -8.0667044806867136e-03
780 1.9527870108157703e-05 -9.2562007992366083e-03 -5.9366324636402922e-02 -8.6342021171827484e-03
781 -1.4373179776149014e-03 -1.0436717732598756e-02 -5.6148470607085561e-02 -8.6068332975655741e-03
782 2.9463018858138032e-04 -2.6620044283275882e-03 1.8068072722879441e-02 4.7135004782755344e-03
783 -1.6402682118240685e-04 -2.6072880439912587e-03 9.6131090871751819e-03 4.3784663835966745e-03
784 1.2727921692671617e-03 -2.7782379255602936e-03 1.1542705695704279e-02 4.4883291029671670e-03
785 -5.9138912510839792e-04 -4.1771451302265710e-03 -4.0203854322515373e-02 -3.2916976680320245e-02
786 -1.5701162778928739e-03 -4.0214808947619078e-03 3.4921167327375782e-02 4.9417067391172636e-03
787 -1.6360464661042062e-03 -9.0421117255912332e-03 3.6327416401236941e-02 4.9521625327314835e-03
788 -3.5509378541884987e-04 -2.8490832289998053e-03 -1.3709309111433556e-02 -6.9777364486039847e-03
789 5.5264942132415341e-04 -3.7406538084948783e-03 4.0757515262454483e-02 4.9809080938409446e-03
790 3.6406953029553325e-04 -3.9656758349691009e-03 4.1598176877620047e-02 4.9857504695813744e-03
791 -9.6435448636658840e-03 -3.1624574683822522e-02 -1.3556151482377354e-02 -6.9655624041758644e-03
792 2.9946848225651445e-04 -2.6388454901287678e-03 1.6124037597366825e-01 1.7531015963792449e-02
793 1.3844400588507405e-03 -2.5093405056891712e-03 -4.0999637968016651e-02 -7.8694731261456635e-03
794 1.1135222737329183e-03 -2.5324725455385779e-03 -2.9392045480497488e-02 -7.6601924680336445e-03
795 1.2170936463879692e-03 -2.1507013678666929e-03 -8.2750017685304638e-03 -6.3851965837283132e-03
796 8.6370324833863249e-04 -2.8042884070953000e-03 -7.7285582164114408e-03 -6.2998718028791680e-03
797 7.4325615416305686e-04 -2.3931366037695896e-03 8.2499416606288418e-03 4.2790468419567820e-03
798 1.3987855093013971e-03 -3.1967882570992103e-03 -6.2245434885917307e-02 -8.6565717816376869e-03
799 -3.4054833317267899e-04 -5.5205766624221364e-03 -5.9407340191336658e-02 -8.6345341384883242e-03
800 -1.4443654719865542e-03 -6.3882386067781816e-03 5.6345698248092026e-03 4.0061703917576661e-03
801 1.0405641649604738e-03 -2.6437568754730041e-03 6.4456432266989825e-03 4.1058655682577015e-03
802 -2.2648664307684911e-03 -1.0678634724110044e-02 9.7172812737190348e-03 4.3852202344404094e-03
803 -1.8163681201129314e-03 -2.1405401732265388e-03 -4.1281547746289872e-02 -3.3090327004354721e-02
804 -6.2583717970064474e-04 -4.5626125488402256e-03 -3.5230511129252240e-03 -2.9004499656721605e-03
805 1.4331729881647792e-04 -3.9164491804979905e-03 4.8026393998748564e-02 5.0177793057544625e-03
806 1.9272330379874466e-04 -4.3948633214481820e-03 -1.4061104228981084e-02 -7.4571430670656250e-03
807 1.0956778915292705e-03 -2.2126734849882567e-03 -3.6652032518919596e-02 -8.3552939086674570e-03
808 -1.3061999703410202e-05 -5.5085907866938401e-03 -5.1106107101518148e-03 -3.1095681998922625e-03
809 6.7344218175944420e-04 -2.6373496663350889e-03 -6.7415774122680369e-03 -3.2517174887320048e-03
810 8.1347172701403715e-04 -2.6466482409281981e-03 -2.1709021682801130e-02 -7.4240559492676174e-03
811 3.6689603363580922e-04 -4.0284064007927349e-03 3.0177508215698135e-02 4.9002167368339062e-03
812 3.6689603363580922e-04 -4.0284064007927349e-03 2.3037908944932118e-02 4.8105484337815502e-03
813 1.1340192125610022e-03 -3.4810318996571399e-03 2.0319408072310492e-02 4.7624646026044482e-03
814 -1.7246421021320464e-04 -4.9964305906459684e-03 2.2203097292880773e-02 4.7968580083436888e-03
815 5.4629975432235012e-04 -3.2908075634647546e-03 -7.6332774113379853e-03 -6.2843082589563483e-03
816 -3.8258295376499896e-04 -6.3887428267463088e-03 -1.0502590366909859e-02 -6.6752410417989950e-03
817 -1.4220539002418556e-03 -4.3313297158023185e-03 -1.0498527021306162e-02 -6.6747828434225486e-03
818 -5.7540732282752535e-04 -4.0390150107496173e-03 -1.9787856089084854e-02 -7.3425795393883249e-03
819 4.1634588200653848e-04 -2.9959659964959710e-03 -1.3462251498896242e-02 -7.4050526191892741e-03
820 -1.9725141400129525e-03 -8.0451956191895692e-03 -2.2634897743181035e-02 -7.4593464559193383e-03
821 -2.1037979047685900e-03 -7.2451213125015665e-03 1.9433487036398737e-02 4.7443430534257289e-03
822 -5.1863222169669446e-03 -1.0560703754196763e-02 1.6511817884940555e-01 1.7548960483375155e-02
823 1.3920545849458181e-03 -2.6177040198080040e-03 -1.2995190547875580e-02 -7.3621806755207889e-03
824 -1.3061999703410639e-05 -5.5085907866938401e-03 -8.7071624810580086e-03 -3.3687219957135198e-03
825 2.4548535152412956e-04 -4.1131491289566179e-03 7.5433867580353593e-03 4.2178961541453636e-03
826 -2.6442496217915921e-05 -4.4637427169243911e-03 -7.1154614515401759e-03 -3.2776228279561052e-03
827 1.9994211862227446e-03 -3.4585465200035982e-03 -6.0613966929005440e-02 -8.0583638200203422e-03
828 -6.1409500174204362e-06 -2.7035251508119376e-03 5.2372376831208919e-03 3.9507835078628076e-03
829 9.9828151363055102e-04 -2.5767363808036335e-03 -1.1406940013149177e-02 -6.7718952609876993e-03
830 -6.5653900311153938e-04 -3.4451354394596507e-03 -1.2500662106117940e-02 -6.8761202892471838e-03
831 4.3804020789701953e-04 -3.7095945280243882e-03 -3.2794671444777351e-02 -3.7479536282633958e-03
832 1.0024111585428272e-03 -3.6776837752284077e-03 -3.1045108631110648e-02 -3.7384405013606873e-03
833 8.1909683372734395e-04 -2.9368886413346619e-03 -2.6786364121531497e-02 -3.7107743823066295e-03
834 -1.5710650947842520e-03 -9.8099434478351177e-03 -1.3362864936127912e-02 -6.9499203885430858e-03
835 2.3695108907473800e-03 -2.6972753987084359e-03 -7.8160834624984507e-03 -3.3211608314391455e-03
836 3.6406953029553390e-04 -3.9656758349691026e-03 -7.8623569682216340e-03 -3.3238307830998522e-03
837 4.2565100353828694e-04 -2.5602533757977030e-03 1.4122971015725780e-02 4.5974316171838951e-03
838 1.7472322956721890e-03 -2.6040007023993474e-03 7.4718303217952194e-03 4.2112675952343083e-03
839 -5.6971590734922022e-03 -2.2333604895623707e-02 -3.9381009532970246e-02 -3.2781143119510969e-02
840 -1.8217041059350645e-03 -8.1762304403301660e-03 -1.4106690607749092e-02 -7.0084473476186553e-03
841 5.5264942132415384e-04 -3.7406538084948779e-03 -5.6118529577291023e-03 -3.1591939944123327e-03
842 -1.5137734423130707e-03 -4.5322387219928310e-03 -3.8842289997507537e-02 -7.8387761421144630e-03
843 8.3480143376789208e-04 -1.9837652614984290e-03 -4.1866395992178347e-02 -3.3182309598135541e-02
844 8.2556922136166528e-04 -4.0221093328832959e-03 -1.7005242229008309e-02 -7.6741354102707153e-03
845 2.0833703558437921e-03 -2.7121482822006831e-03 -1.8743762895855401e-02 -7.7781145775958349e-03
846 1.1354110893418881e-03 -2.7269374247883655e-03 -1.2400423971347024e-02 -6.8670873655048235e-03
847 -1.5108201585622971e-04 -4.2562595182704076e-03 -1.3144229381537436e-02 -6.9318418392864478e-03
848 -1.7714139310605560e-03 -9.1074338124580261e-03 2.6277855348708853e-02 4.8564819269485615e-03
849 3.4981787812914957e-04 -4.3593033932781558e-03 -8.0825084015273448e-03 -6.3558807401435076e-03
850 3.1537645594952328e-05 -4.2982527252270241e-03 -7.6332774113379853e-03 -6.2843082589563483e-03
851 9.0526848047244144e-04 -2.7199292641695624e-03 -7.4674291389793500e-03 -6.2567046326470772e-03
852 4.3804020789701926e-04 -3.7095945280243873e-03 -2.0700383824851950e-02 -7.8789379072283089e-03
853 7.0614526959938821e-04 -3.0013126811295047e-03 -3.9180988463841000e-02 -3.2747656442613168e-02
854 1.6397798610670060e-03 -2.7081772791277886e-03 6.1391824174057644e-03 4.0701193231022365e-03
855 1.8048103384934512e-03 -2.9247516454687424e-03 -3.8177023074861552e-02 -7.8287081343624779e-03
856 1.1173765852657465e-04 -5.4900828622168486e-03 1.6176348722212970e-02 4.6636807659201432e-03
857 -1.7246421021320410e-04 -4.9964305906459684e-03 -5.9250206249788898e-02 -8.6332599499048673e-03
858 1.6385801023819494e-03 -3.6849595203426099e-03 -5.4295769048374527e-02 -8.5897922776392126e-03
859 1.3516608896330452e-03 -3.8131081745025131e-03 -6.7210026398497894e-02 -8.0996438801180116e-03
860 8.9219006542428389e-04 -4.0452916764445344e-03 -5.8037122263318239e-02 -8.0400111616643621e-03
861 -6.1667641875424398e-05 -2.1952782411813056e-03 -3.1619127265039015e-02 -8.2486258369821840e-03
862 -2.1037979047685887e-03 -7.2451213125015674e-03 -7.5601689335508190e-03 -6.2722214591054860e-03
863 1.3920545849458196e-03 -2.6177040198080053e-03 -4.1691977997715263e-02 -3.3155028887019988e-02
864 1.0481802768003031e-03 -3.6249448766630106e-03 -2.1631816633219836e-02 -7.9219073185301751e-03
865 1.3844400588507401e-03 -2.5093405056891734e-03 -3.0446564229844576e-02 -7.6847373563124748e-03
866 8.1210045583291444e-04 -3.3304057151906934e-03 1.6090050903615416e-01 1.7529406908855415e-02
867 1.9197547337479572e-03 -2.9961531862982269e-03 5.8215212857253449e-03 4.0306475872904828e-03
868 2.0020171832562934e-04 -6.2968900367260348e-03 -2.8846878046391886e-02 -7.6469145940353004e-03
869 7.3701711718934880e-04 -3.8157846829392160e-03 5.8795312829391638e-03 4.0380499856551852e-03
870 1.7114425199466063e-05 -7.0120292222650860e-03 -2.2913618236772324e-02 -7.9765006826280887e-03
871 -1.5773562104075614e-03 -1.2273572268236109e-02 -6.7371037463072422e-02 -8.6922024430392403e-03
872 -1.8686422859009250e-02 -5.0952783755176673e-02 1.0710721654774517e-02 4.4446369014833351e-03
873 8.4235311095591601e-04 -2.6897882416740638e-03 -6.4938553793863124e-02 -8.6759100597024411e-03
874 3.9200191757153894e-04 -7.3630810344922498e-03 -7.0603695445160861e-02 -8.1182141094567530e-03
875 2.2558411510226859e-04 -4.1165218537737944e-03 -1.4017407086590635e-02 -7.0016548397934817e-03
876 8.4969889553602866e-04 -3.4292512996768063e-03 -3.4478680507747328e-02 -3.7563014804690184e-03
877 1.4331729881647884e-04 -3.9164491804979905e-03 -1.0644830584270140e-02 -7.1107657840701836e-03
878 -2.2825234447295438e-03 -1.0908351415471335e-02 -1.2578256396885923e-02 -3.5102603624607297e-03
879 -1.6489776208110367e-02 -4.7909308620583881e-02 -3.1020012183922106e-02 -3.7382971754390828e-03
880 8.4235311095591623e-04 -2.6897882416740643e-03 -4.1403300059546934e-02 -3.3109595141366431e-02
881 -7.2985294004216460e-05 -4.5164703153127419e-03 -5.0457065814879486e-02 -7.9766102121505752e-03
882 -1.8522195213239976e-02 -5.0953121324345048e-02 3.0207114425184067e-01 7.2468612486340300e-01
883 -1.7273361529379336e-02 -4.8056735527289153e-02 3.0228028882541352e-01 7.2469217722498336e-01
884 -2.6940396342276150e-02 -7.1227907201321924e-02 3.0074416176771152e-01 7.2464446798576643e-01
885 -1.2685540285802431e-02 -3.5945995845067295e-02 3.0037681055056881e-01 7.2463183461881409e-01
886 -1.7542911351026733e-02 -4.8307373497469261e-02 3.0069214634494756e-01 7.2464271040498418e-01
887 -2.2862847040140133e-02 -6.1042842067058220e-02 2.9914912713546371e-01 7.2458553344554222e-01
888 -2.9074060473382683e-02 -7.6657283639891646e-02 2.9905489207420316e-01 7.2458169311042731e-01
889 -2.6707947548219334e-02 -7.0947784823732721e-02 3.0015193339617113e-01 7.2462383939281183e-01
890 -2.6978333099510851e-02 -7.1233809950308341e-02 3.0014269309600833e-01 7.2462350646965357e-01
891 -1.6856442705984642e-02 -4.8050175141311262e-02 3.0178601465792615e-01 7.2467766082030416e-01
892 -2.2482025743519429e-02 -6.0850164004248843e-02 3.0086829452273156e-01 7.2464862184852274e-01
893 -2.6885443335402177e-02 -7.1013008334851760e-02 2.9746330959468059e-01 7.2450945558615065e-01
894 -1.7851700773681454e-02 -4.8223903875580940e-02 2.9785538736117856e-01 7.2452865316975079e-01
895 -2.6552858647877705e-02 -7.1131212399383678e-02 2.9716328057701680e-01 7.2449406592327470e-01
896 -1.6489776208110422e-02 -4.7909308620584214e-02 3.0240804141629329e-01 7.2469581129039795e-01
897 -1.7328354324459363e-02 -5.0682112704694887e-02 2.9889021140707156e-01 7.2457487496073592e-01
898 -2.6626085623567358e-02 -7.1131068277591913e-02 3.0245101087571863e-01 7.2469702308713368e-01
899 -2.6444156307603738e-02 -7.0889581987794908e-02 3.0126947641943258e-01 7.2466166810263766e-01
900 -1.6106422039576625e-02 -4.7906800549734979e-02 2.9650286470457804e-01 7.2445784922993617e-01
901 -2.6615941888639638e-02 -7.0904671066500974e-02 2.9760612279742416e-01 7.2451656459189695e-01
902 -1.6224447504051512e-02 -4.7894501686888767e-02 2.9917198205175261e-01 7.2458645824644141e-01
903 -1.7510168168671097e-02 -5.0682280812400740e-02 2.9802236699573698e-01 7.2453653221311187e-01
904 -1.1007663259338850e-02 -3.5432412646683932e-02 2.9784851283737346e-01 7.2452832508517317e-01
905 -2.1930686756208281e-02 -6.0733880722508016e-02 2.9666759549991495e-01 7.2446720121442498e-01
906 -1.1247428394881362e-02 -3.5426984594488141e-02 2.9660533781539228e-01 7.2446369260917709e-01
907 -2.2308335927065513e-02 -6.0822162762592377e-02 2.9668847887744559e-01 7.2446837117930718e-01
908 -1.7319539844917905e-02 -4.8139895434010004e-02 2.9741076547628964e-01 7.2450680547899837e-01
909 -1.8686422859009334e-02 -5.0952783755176825e-02 2.9871385870131756e-01 7.2456741861140339e-01
910 -1.1661825128536847e-02 -3.5643514884186565e-02 2.9636204768289054e-01 7.2444967751458389e-01
