911 4 BEM3DMeshData
0 -1.8211133608631833e-04 5.8710053109050145e-04 5.9176669875612284e-03 4.0428679870076695e-03
1 3.0088928352183138e-04 7.0034894691542123e-04 5.6143843729647329e-03 4.0034692925941945e-03
2 -1.7424853141174361e-04 6.3036459846833816e-04 6.0929661901121222e-03 4.0645349950250683e-03
3 -1.6749210640847753e-04 5.6315992703801681e-04 1.5040500572631189e-02 4.6288593035318393e-03
4 -4.8647844426857173e-04 4.8569414988608033e-04 1.6252331353883050e-02 4.6658664871942496e-03
5 -1.7915671468445347e-04 5.8704853222943225e-04 1.6483943054939956e-02 4.6724260187560691e-03
6 3.7530100207841055e-04 9.7909329854636395e-04 -2.8554827021243481e-02 -8.1685007892089625e-03
7 -1.1866305138083290e-04 8.8503529268587125e-04 -2.9180552297492637e-02 -8.1859963231249201e-03
8 -2.6867176837098370e-04 8.5865811993711481e-04 -2.6299768486638390e-02 -8.0998163603490363e-03
9 6.0927582678143774e-04 1.5476618763872899e-03 -4.1403300059546934e-02 -3.3109595141366431e-02
10 4.8425361715706989e-04 1.3321991323084581e-03 -4.1304250771134164e-02 -3.3093924711139935e-02
11 2.8559942530604368e-04 1.5866936629822528e-03 -4.0861870283865981e-02 -3.3023422571985983e-02
12 -1.1753034021583847e-03 7.5746356064439570e-04 -7.2268047180150960e-03 -6.2154545798017288e-03
13 -1.2716927783783525e-03 5.6859233666392659e-04 -8.0169389206834352e-03 -6.3457143334973371e-03
14 -6.1352763482542606e-04 7.9189618726458562e-04 -7.9235844843420986e-03 -6.3310779017958421e-03
15 -4.0116895974717218e-04 1.1423569415233443e-03 -1.0687646224251085e-02 -6.6958723830982695e-03
16 5.2552493997714826e-05 1.1778449307216208e-03 -1.0170921829987009e-02 -6.6370846661692783e-03
17 1.5407504723611600e-04 1.1950154657865944e-03 -9.7939301533518756e-03 -6.5917749925610957e-03
18 -7.6623578879453673e-04 7.3489044229243096e-04 1.6431288795436077e-02 4.6709482346639136e-03
19 -5.6428245833626525e-04 6.3996029050505249e-04 1.6388319336010770e-02 4.6697364379282786e-03
20 -5.7535090623187055e-04 6.8573076632481671e-04 1.7839357761928680e-02 4.7079478754356021e-03
21 -6.6525864491638316e-04 6.0258100338609027e-04 6.6637338819205225e-03 4.1300178873260613e-03
22 -2.7967362477644719e-04 6.2474529339621207e-04 6.0479333753187883e-03 4.0590429410042048e-03
23 -4.3928910796195631e-04 7.0349254785808768e-04 6.5047105029236501e-03 4.1125088889732292e-03
24 1.3231352186436048e-03 1.1270021889782514e-03 -2.1060322058823248e-02 -7.8958944384531198e-03
25 1.0627704012746938e-03 1.0702665390043109e-03 -1.8931255458421236e-02 -7.7884624094193269e-03
26 1.4617767026652848e-03 1.2029412793922831e-03 -1.9613046030069265e-02 -7.8248126769423151e-03
27 -3.8112482890117810e-04 9.3127334960359416e-04 3.0388269807182296e-02 4.9022996829682624e-03
28 -2.5955316667935157e-04 8.5466400433150454e-04 3.0787626084031718e-02 4.9061780024522057e-03
29 -2.8553618425377589e-04 9.2244569897375576e-04 3.4104615675577481e-02 4.9352890459464739e-03
30 -1.0223318537863460e-04 9.8420166344197397e-04 5.3069694780871453e-03 3.9608530704233992e-03
31 -1.3429375176942653e-04 8.7132517355404868e-04 7.8080283669496459e-03 4.2416887633151597e-03
32 -9.7868097468531786e-05 8.0565382359554130e-04 7.0796146894655503e-03 4.1733609117483366e-03
33 -1.2768894696047806e-03 7.0102068102079770e-04 7.3441322724589111e-03 4.1992233741045774e-03
34 -1.9831362522514176e-03 4.3102745328181633e-04 3.4259975070818426e-02 4.9365307764006137e-03
35 -1.6493742573998463e-03 5.1419489640452509e-04 3.8132922820521886e-02 4.9645872215928217e-03
36 4.8592810803538511e-05 1.0134446691089940e-03 3.8900662714561350e-02 4.9695618320394798e-03
37 1.0905108785864122e-03 1.2349877873120475e-03 -5.5485753384755761e-02 -8.0203717909966242e-03
38 7.8364675102586903e-04 9.3251109010676527e-04 -6.3470275656231923e-02 -8.0771665247994975e-03
39 -1.3151087169288871e-03 5.8636225617595024e-04 -6.1566488057409073e-02 -8.0648046982359327e-03
40 -3.8469879121219761e-03 3.0729086828543394e-04 1.5206949788188490e-01 1.7485384235753007e-02
41 -2.5740563303117505e-03 4.8493220945324033e-04 1.5122487458222808e-01 1.7480936872314421e-02
42 -4.6547282832227650e-03 1.3959305542678838e-04 1.5802745899538326e-01 1.7515561297427224e-02
43 -2.1130558161967829e-03 4.4939459771544483e-04 1.4809156227021542e-01 1.7464048462815386e-02
44 -3.9692501150310295e-03 3.1202316207271455e-04 1.5313725652472795e-01 1.7490944567695323e-02
45 -3.5053251095007779e-03 3.1470299330651417e-04 1.4450873664617253e-01 1.7443948303643545e-02
46 -2.6817552859978123e-03 3.2798073942958864e-04 1.2694136621035031e-02 4.5413437589336414e-03
47 -2.3407954194867987e-03 4.2653667640969148e-04 1.1443587514398050e-02 4.4833807336809011e-03
48 -2.1599302949459821e-03 4.4285691361984036e-04 1.1948655098884252e-02 4.5079285832928841e-03
49 -4.4951785701875056e-03 1.7429977208590977e-04 1.6235757685414176e-01 1.7536263310494724e-02
50 -4.4801295943893895e-03 1.8262107256137344e-04 1.6867663883895853e-01 1.7564785245563014e-02
51 -9.8313566162487945e-04 5.9755953239616383e-04 1.5899292971053738e-01 1.7520263250665517e-02
52 -6.6803763628675431e-04 5.4792408532164838e-04 1.1828790757058257e-02 4.5022502327018918e-03
53 -3.8149574087956872e-04 5.6452076039452989e-04 1.3093496135298472e-02 4.5580003900731938e-03
54 4.4715525170049576e-04 1.1186991119578923e-03 1.2784957486735976e-02 4.5452040686747401e-03
55 6.3273267107674376e-04 1.1819311644795168e-03 -4.7826914845772658e-02 -8.5213554585914595e-03
56 1.3903653034699208e-03 1.3603769196620817e-03 -4.4211334610720888e-02 -8.4756023011050095e-03
57 1.0676627254626329e-03 9.3472889048517205e-04 -4.3972808150038997e-02 -8.4723553133242060e-03
58 7.8972357026882434e-04 8.9908047440395255e-04 -3.2788607632140303e-02 -8.2758709991057403e-03
59 2.7336129521907582e-04 8.3599855705082031e-04 -3.6488383008040567e-02 -8.3522209940160175e-03
60 8.4330374854124147e-04 1.0086466318666894e-03 -3.3622299211169944e-02 -8.2943141109807720e-03
61 9.7994158854694383e-04 9.2051995066771899e-04 -4.9811106188628142e-02 -8.5439930485538551e-03
62 1.1140480746695321e-03 9.9956868223688238e-04 -4.6289457110467461e-02 -8.5026586629536119e-03
63 -7.6975337238953127e-05 6.2044659127256094e-04 -2.1948231585744857e-02 -7.4334018863577867e-03
64 4.1726239469782044e-04 7.7716845564547226e-04 -2.2777459449546376e-02 -7.4645748530863375e-03
65 1.2816365051760919e-04 6.9932879011257653e-04 -2.0959972313306489e-02 -7.3936967642298226e-03
66 -6.8382007884539421e-04 5.4073119904943972e-04 1.2339233646346700e-02 4.5258309418020623e-03
67 -1.1593783439608279e-03 4.9362204714716138e-04 1.1302322960794073e-02 4.4762129469965699e-03
68 -5.1947677387272951e-04 5.2831409721275011e-04 1.2444314072228149e-02 4.5304965232323352e-03
69 6.9879849987284227e-04 8.9005009936422201e-04 6.2884329170692487e-03 4.0878016100581623e-03
70 7.6789402869991818e-04 9.1719833808968638e-04 6.5456883892813589e-03 4.1170726954367857e-03
71 9.9867494482582518e-04 9.6138881131464815e-04 -4.0272107093619280e-02 -7.8594391030384486e-03
72 9.1933514242068242e-04 1.2086112098506779e-03 -4.1760286592492910e-02 -7.8796393561888813e-03
73 1.0960798194701242e-03 1.2002605925268330e-03 -3.7636728577765254e-02 -7.8203062222126640e-03
74 1.2731575496733633e-03 1.2001806998745564e-03 -1.2286606766040676e-02 -6.8567097409639949e-03
75 -1.2608325307825300e-03 7.6313984211046841e-04 -1.1628458836160397e-02 -6.7940550052995883e-03
76 -3.4144362198722732e-04 8.7367198249705682e-04 -1.2724171439520334e-02 -6.8959105369811226e-03
77 -1.0427091038415022e-03 7.2456822849368836e-04 3.8497735693184244e-02 4.9669728245938525e-03
78 -1.5589820191019509e-03 7.0826004017158063e-04 4.1194118392710387e-02 4.9834447514029408e-03
79 -1.1158281223400770e-03 7.4983532879572081e-04 3.6061594835536261e-02 4.9502410839365714e-03
80 -1.8131486157404177e-03 6.6473008744240205e-04 1.0895524246833052e-02 4.4547809362400223e-03
81 -6.6643792045829452e-04 5.8214489668127593e-04 1.1821886321618522e-02 4.5019204221455012e-03
82 -2.4254699268633629e-04 6.7388363050171530e-04 -1.6542827994908336e-02 -7.1727259536493075e-03
83 -2.5264603070348466e-04 7.2064864005412738e-04 -1.7838749702059849e-02 -7.2462123207954381e-03
84 6.7000552762107692e-04 9.5289895362272276e-04 -1.8212114170778608e-02 -7.2658974857321519e-03
85 -9.2477659046183382e-04 6.9956537483807830e-04 6.5861121612968664e-03 4.1215391528276399e-03
86 -1.0292500178855472e-03 7.6386605031289446e-04 6.5418952597598090e-03 4.1166517793027107e-03
87 -1.2352090820502747e-03 6.3580314856423849e-04 -3.6708704372549722e-02 -7.8053796926543439e-03
88 1.2686932165099785e-04 1.0422873173441616e-03 -3.5615306736196707e-02 -7.7869395308108645e-03
89 -7.7959382178467338e-04 9.6612060841431405e-04 -3.2818897024220556e-02 -7.7350425647754878e-03
90 -2.5692847158153569e-03 4.8421506960611690e-04 1.7331412451623826e-01 1.7584545686599697e-02
91 -2.1678414807100236e-03 4.4925228448566547e-04 1.7658878747484993e-01 1.7597946207982280e-02
92 -2.4907794825594607e-05 6.7564047172653601e-04 -3.0060776166683404e-02 -7.6759259104285781e-03
93 4.2590569850091075e-05 6.7950860220424621e-04 -3.3104133670995010e-02 -7.7406773586323517e-03
94 2.8840012889954324e-04 7.7172035173015113e-04 -3.3192162994799927e-02 -7.7423997157499052e-03
95 5.6276348826260220e-04 8.4891405304459106e-04 -3.7082979812036426e-02 -7.8114768845437806e-03
96 -1.3676727357435429e-04 7.4809488797991305e-04 -3.4887694711907093e-02 -7.7741213603505941e-03
97 9.8194310762748818e-04 9.2544210675655852e-04 -3.7413083347207284e-02 -7.8167673424758988e-03
98 -9.1551512720452859e-04 5.4962762948237499e-04 -1.2118916773241275e-02 -6.8411807587435772e-03
99 -1.3501370773625850e-03 4.5103391670718839e-04 -1.2701475292101675e-02 -6.8939227176669218e-03
100 -1.0441133150778652e-03 6.9629498780575221e-04 -1.3458911097163231e-02 -6.9577323750830509e-03
101 7.3514157730921912e-04 1.2012409244055399e-03 -3.0534701833387676e-02 -7.6867240803788917e-03
102 7.1422414138493258e-04 1.3040635322745329e-03 -2.9336873161067447e-02 -7.6588675465468848e-03
103 1.1438716128169774e-03 1.3700500531364447e-03 -2.7252888859919500e-02 -7.6055641186649143e-03
104 -9.1345995210121171e-04 4.6026092845178625e-04 9.6306119016040161e-03 4.3796086609665733e-03
105 -1.8764976950642921e-03 3.7280632281548560e-04 9.1644901841035856e-03 4.3481089674560994e-03
106 -6.5773873942987784e-04 5.4823871931850888e-04 9.9203048399011222e-03 4.3980808542267236e-03
107 -2.1678414807100232e-03 4.4925228448566536e-04 4.9254583520209816e-03 3.9038011291924160e-03
108 -1.3979974195608466e-03 4.4002111491669982e-04 4.9049385879665021e-03 3.9005916337670581e-03
109 -1.2002171038968696e-03 5.0813754426964008e-04 5.2869152278529653e-03 3.9579729415669881e-03
110 -1.3222653657993872e-05 9.1264714924020336e-04 -3.5726399407684604e-03 -2.9085429874288328e-03
111 3.8603543973022615e-05 8.9667537791485316e-04 -3.6161322375899952e-03 -2.9155397734299360e-03
112 2.2720668971219955e-04 9.0068588959097036e-04 -3.7717953183173925e-03 -2.9398344051694801e-03
113 9.7798086443388134e-05 9.1640738595653740e-04 -1.2038566628668614e-02 -3.4950375081999794e-03
114 5.4912063161002191e-05 8.9240502749105834e-04 -1.3513064278681979e-02 -3.5342106999466435e-03
115 4.6841020162975786e-04 9.6853677035964455e-04 -1.2504160610471387e-02 -3.5082349640337051e-03
116 1.5704999618713707e-04 8.8160224658265078e-04 -1.9708391511531639e-02 -3.6423614452114209e-03
117 2.6393200749832833e-04 8.5864659598863346e-04 -2.2633131161773599e-02 -3.6751625526254290e-03
118 1.0484623454333057e-03 9.6224839991489099e-04 -2.2107973604973279e-02 -3.6698325714280009e-03
119 6.3433848223068531e-04 9.7638478298051046e-04 -1.7631783923559359e-02 -7.7133693591504562e-03
120 4.7089340401662236e-04 1.0288215737881445e-03 -1.6077469539085544e-02 -7.6119612581141867e-03
121 1.9878845915022455e-04 9.6279771227144586e-04 -1.5874656920661329e-02 -7.5976706613469225e-03
122 -6.5584745424726435e-05 9.4026923085517523e-04 -2.3882849167201931e-02 -8.0146618708901440e-03
123 8.4167737204452310e-04 1.0387109311827962e-03 -2.3498950186851695e-02 -7.9998476702609726e-03
124 4.4096887703828176e-04 1.1600271347141685e-03 -9.0466826747646785e-03 -6.4953012436644569e-03
125 2.6436249821727476e-04 1.1054162732981429e-03 -9.3221252936570922e-03 -6.5319480194322051e-03
126 1.8822568277487728e-04 1.1339853708106124e-03 -8.4823059784897153e-03 -6.4159110359756806e-03
127 8.4381532000655677e-05 8.6267977004019121e-04 -2.4830896372900934e-02 -7.5344288240017862e-03
128 -1.4032776542614623e-04 4.4103146596736911e-04 -2.2698172342634167e-02 -7.4616735575014541e-03
129 3.8719166633298881e-05 8.3075287459764802e-04 -2.3232871905495833e-02 -7.4809291177288673e-03
130 2.4820474760476241e-04 7.5963342945887396e-04 -2.2508656679469996e-02 -7.4546721484117003e-03
131 4.5049120061069012e-05 8.9636654530422517e-04 -2.0440144468688509e-02 -7.3715967869557274e-03
132 7.2345033897625185e-05 8.5243203534174632e-04 -2.0356164604506444e-02 -7.3679430511378379e-03
133 9.1727491735153286e-05 1.1124040968666328e-03 -4.1866395992178347e-02 -3.3182309598135541e-02
134 -2.8940048312115608e-04 9.9762802780170730e-04 -4.1552639243070774e-02 -3.3133142993198438e-02
135 -4.9537910001437645e-05 1.4407862649621764e-03 -4.1924738819278259e-02 -3.3191406580594017e-02
136 -2.2810485267790895e-03 4.2429381572292975e-04 1.3733608775564338e-01 1.7400946078882557e-02
137 -2.9534070262769905e-03 4.2256316555442958e-04 1.3833285859751374e-01 1.7407156694590187e-02
138 -1.1892567337808951e-03 6.1179321120151061e-04 -4.4629493305535929e-02 -7.9152623219072640e-03
139 -1.3501370773625848e-03 4.5103391670718856e-04 -4.1050219664644345e-02 -7.8701592852734800e-03
140 -4.3513538042089949e-04 6.1934935964046329e-04 -4.5254416913441689e-02 -7.9224981054058854e-03
141 -1.2895247156118914e-03 4.6497798028730857e-04 2.7066681437884967e-02 4.8662111408022514e-03
142 -5.7384109944718634e-04 6.9372604843426103e-04 3.0576420113540479e-02 4.9041379309945777e-03
143 -8.0554488042644426e-04 8.1524141244047844e-04 3.0163664384331896e-02 4.9000790284926109e-03
144 2.7950239406078763e-04 1.1037682484866212e-03 -2.2201206273666781e-02 -7.4431098776088942e-03
145 -5.5346496069051486e-05 2.7661294422473586e-04 -2.4599905999292224e-02 -7.5270468671102507e-03
146 1.3578942985543340e-04 3.2457312457297480e-04 -2.4597386351538922e-02 -7.5269657198421642e-03
147 9.2701168901352065e-04 1.0783188910154062e-03 -1.1638134105810197e-02 -6.7950101346846417e-03
148 8.3495072031058092e-04 1.1816125566136457e-03 -1.2350552651574873e-02 -6.8625561678210155e-03
149 5.8576901591317451e-04 1.1518001318835188e-03 -1.1941464192766857e-02 -6.8244293980590839e-03
150 2.1931769220316462e-04 1.0593107867268828e-03 -4.1457160668266713e-02 -7.8756267653057408e-03
151 -2.0850689631458956e-04 6.5119227408526228e-04 -3.8507735842467389e-02 -7.8337505616159677e-03
152 4.8090258657943369e-04 7.3445493481437928e-04 -4.2800212246001612e-02 -7.8930296452269511e-03
153 -2.5482351365303901e-03 3.6433439498927166e-04 1.6574885859684532e-01 1.7551808844587225e-02
154 5.4242932091834917e-04 8.7263242851115118e-04 4.8239216756966038e-03 3.8877717022598622e-03
155 4.6564869852529835e-04 8.5229623708029452e-04 5.4259318004344055e-03 3.9776811421454103e-03
156 1.2379671223237623e-04 1.0010612714031414e-03 5.2799258740518773e-03 3.9569661703634683e-03
157 2.2142759068223547e-04 1.1554203452948815e-03 -3.8743890332930131e-02 -3.2673830349320858e-02
158 -9.0145355136440246e-04 7.7905291324250681e-04 -3.8930866879325364e-02 -3.2705520426584304e-02
159 4.5049120061069060e-05 8.9636654530422517e-04 -3.9382066904916281e-02 -3.2781319648965093e-02
160 -7.0245586567848641e-04 8.2785480336837870e-04 -2.8960379989637710e-02 -7.6497135084626060e-03
161 2.0735116227403656e-04 7.2523021217232864e-04 -2.5606273685576848e-02 -7.5584066908448069e-03
162 6.4644991186176839e-04 8.8592730237095640e-04 -2.7649884632952745e-02 -7.6162337674773222e-03
163 5.3096193957043360e-05 7.1112290234214448e-04 5.7493008962219662e-03 4.0213057806076178e-03
164 1.1830148777474021e-03 1.0235815619803045e-03 -3.2170290421054813e-02 -7.7219142354292263e-03
165 1.1969427418773411e-03 9.7651385435358379e-04 -3.1131817651123328e-02 -7.6999332718893998e-03
166 1.3077703842586774e-03 9.9211490792655023e-04 -3.4468529825656659e-02 -7.7665273556416278e-03
167 1.4506564165960687e-04 9.0464554066648710e-04 -9.8333423811260978e-03 -7.0071662903790312e-03
168 6.4476072080943685e-04 1.2468899812881193e-03 -1.0523161537961269e-02 -7.0958592060092977e-03
169 5.6183206922875691e-04 1.1923405804068073e-03 -9.7077073768286129e-03 -6.9902057964339945e-03
170 -1.2654735838556769e-03 4.2861743769945188e-04 8.8997841747488187e-03 4.3291655852725625e-03
171 -2.2210708758031864e-03 3.0469191878922851e-04 8.1188603727344686e-03 4.2682603072319537e-03
172 -1.8387107474984851e-03 4.2737515850752478e-04 8.3860959263603804e-03 4.2900000804626231e-03
173 -1.6991563128754025e-03 6.1490891966188208e-04 -9.7975893875176575e-03 -6.5922251284801000e-03
174 -3.8814171681539659e-04 8.5024348814610393e-04 -9.0850264202314256e-03 -6.5004821199249772e-03
175 -5.6808769766734089e-04 8.5287994962024243e-04 -9.1952149739153236e-03 -6.5152264105267452e-03
176 1.3758067541522843e-03 1.3290526749368116e-03 -9.9715355251821791e-03 -6.6133862014679731e-03
177 1.5469391302701746e-03 1.5537595824632541e-03 -1.0962688384981236e-02 -6.7257043810807094e-03
178 1.2884421082380074e-03 1.4590186659810002e-03 -1.0070277337586017e-02 -6.6251955712070335e-03
179 -5.7025857473886688e-04 9.7186772383803840e-04 -5.0950486042897151e-03 -3.1079258422076457e-03
180 6.0165696315878222e-04 9.7277168151610146e-04 -4.6189427978271065e-03 -3.0543366361887011e-03
181 8.9830561503151884e-04 9.6968053548663561e-04 -4.7881690440606129e-03 -3.0741565558382944e-03
182 1.2248095690024819e-03 1.0162880658150257e-03 -4.0271777779079254e-02 -7.8594344901937296e-03
183 5.6114296185997582e-04 9.3678917798530081e-04 -1.5239556054232870e-02 -3.5718484519533362e-03
184 8.1103081876770285e-04 9.5633637291499512e-04 -1.3975218847328214e-02 -3.5450529311975474e-03
185 3.2102434276432527e-04 8.0260851982958835e-04 -1.7428521746329726e-02 -7.2238459386619871e-03
186 -1.5725001826698030e-04 8.1719521910367547e-04 -1.8595602161025560e-02 -7.2854822560773774e-03
187 3.2288253674653896e-04 8.9726684619385942e-04 -1.9290794697760499e-02 -7.3194424152283801e-03
188 -1.5586347016953266e-04 8.7913799412070827e-04 1.4358987887014804e-02 4.6058264341375102e-03
189 -3.3279134102014797e-04 6.8016160748290326e-04 1.2891237734215660e-02 4.5496667401055957e-03
190 3.7264402346507878e-06 8.9512041318429842e-04 1.3613325586774448e-02 4.5785084404533060e-03
191 -2.1291420250612813e-04 1.2733204115427954e-03 -1.4898265584901043e-02 -7.0660951899691711e-03
192 9.2803989156549414e-04 1.2978084938722375e-03 -1.4667969001351215e-02 -7.0497856097025031e-03
193 9.8036800832574668e-04 1.5221025965375811e-03 -1.3341805383227046e-02 -6.9481970026837869e-03
194 8.6939111307109465e-04 1.1857255749887772e-03 -1.7361271600281589e-02 -7.2201029477199684e-03
195 1.0377318792887840e-03 1.3140382306201378e-03 -1.5977439847652354e-02 -7.1378978638899152e-03
196 1.3212998679516380e-03 1.2134099680410528e-03 -1.6443901348171065e-02 -7.1667609560237986e-03
197 -3.8042046631263100e-04 6.1164151060529688e-04 -3.0948991043910089e-02 -3.7378904635727069e-03
198 -2.7967362477644746e-04 6.2474529339621228e-04 -2.7958411957628018e-02 -3.7191264171833041e-03
199 7.7216203439080917e-05 7.6669205056909397e-04 -2.6993565359349551e-02 -3.7122972586801691e-03
200 8.2299140423124632e-05 7.3069697241389081e-04 -3.4738484756491439e-02 -7.7714360823000206e-03
201 7.0598554943158910e-04 8.8816581284148629e-04 -3.2890885755994512e-02 -7.7364725261538760e-03
202 3.1726254804842664e-04 8.2114233957604975e-04 -3.6244723684298187e-02 -7.7976712562541142e-03
203 2.0382087637050503e-03 1.2062530410419533e-03 -5.5197266204295485e-02 -8.0180510180330889e-03
204 2.1860317940405297e-03 1.2394038208157197e-03 -5.9653809507043777e-02 -8.0516885052431403e-03
205 4.8710470115335223e-06 7.8378532633996206e-04 -6.4767337149233259e-02 -8.0852211927896784e-03
206 -5.9771546581889547e-04 7.0564503899296182e-04 1.7102074767738527e-02 4.6892072732888021e-03
207 2.1017531988951104e-04 8.2252209536422326e-04 1.7731049589001464e-02 4.7052766134164552e-03
208 -6.0370897732303348e-04 8.9085900180523730e-04 1.9107689129719014e-02 4.7373222134735561e-03
209 -4.1379832075309840e-04 1.0589486270707164e-03 2.2319292540498969e-02 4.7988161600957492e-03
210 -2.2585204570950678e-04 9.1893455060052703e-04 2.2806362937392986e-02 4.8068375828634602e-03
211 -1.1630537791582889e-03 1.3129492959144582e-04 2.4682316776606754e-02 4.8351649598597337e-03
212 -4.0168577455537474e-04 5.9926236942856807e-04 7.1022199801395640e-03 4.1756208507780033e-03
213 -7.1682357290578391e-04 3.9750908302344613e-04 7.5809908435797487e-03 4.2213455930029883e-03
214 -7.6266315469794809e-05 7.8818079248002830e-04 6.9700772391479253e-03 4.1622737843511719e-03
215 -6.1910814028330867e-04 7.5899130490779648e-04 3.3224781674827196e-02 4.9280649822733731e-03
216 -1.3719481312102978e-04 7.9200727908966117e-04 3.4118518129857257e-02 4.9354005675710383e-03
217 -3.6867999207850931e-04 7.7569285250486154e-04 4.9049385879661282e-03 3.9005916337669999e-03
218 -1.1074472199428366e-04 7.8245908290597473e-04 4.9254583520209816e-03 3.9038011291924160e-03
219 1.1679880114974250e-04 7.7520001960985430e-04 5.2296086086365207e-03 3.9496724270186708e-03
220 -6.0443446538548204e-04 5.7594989169563744e-04 2.2447727597491758e-02 4.8009603247784584e-03
221 -6.4471765294974630e-04 6.4578187474756779e-04 2.4718090252575094e-02 4.8356689535600786e-03
222 -8.2732835530225453e-04 5.0451849367790218e-04 2.4745380571280281e-02 4.8360525849898452e-03
223 -3.9108715484022905e-04 5.8571225360853191e-04 1.4672424264665050e-02 4.6166355525144535e-03
224 -6.0166926843200610e-04 5.7815842216702058e-04 1.5167891080671165e-02 4.6329769173908616e-03
225 -3.3177478497463993e-04 4.7658959022437054e-04 1.8017419038242641e-02 4.7122809332621916e-03
226 -3.8451733425297449e-04 5.1764660950047231e-04 1.6051422171558152e-02 4.6600500109333061e-03
227 -8.2157974938853399e-04 4.5354294288373363e-04 4.2445654107854530e-02 4.9904605921440833e-03
228 -9.1551512720452880e-04 5.4962762948237542e-04 4.2927589537854444e-02 4.9930658611867258e-03
229 -1.0168017602435429e-03 5.5985906924552631e-04 -1.0413723254532636e-02 -6.6651683494865230e-03
230 -6.1790894338167336e-04 1.2013892916301894e-03 -1.0113283765515105e-02 -6.6302940102261065e-03
231 4.1284274093869400e-05 1.5570339483051933e-03 -1.0930139310027356e-02 -6.7222246012323935e-03
232 5.8321300057728900e-05 1.8028303166074591e-03 -4.0370549580682855e-02 -3.2944123308839862e-02
233 2.8269289177043459e-04 1.5442478599718228e-03 -4.0827877692865208e-02 -3.3017970175399973e-02
234 3.3729975598566491e-04 1.5431385357554286e-03 -4.0426304516613686e-02 -3.2953175584291027e-02
235 -6.9164313979977628e-04 1.0066995113622765e-03 -1.9830912023178861e-02 -3.6439036208091185e-03
236 -2.1525745997702360e-04 7.1502818944709282e-04 -2.1989121687654128e-02 -3.6685954890221641e-03
237 -6.5773873942987773e-04 5.4823871931850910e-04 -1.9518360093717255e-02 -3.6399362891514774e-03
238 9.4225735628492989e-04 1.6778119668547124e-03 -3.7801747755771269e-02 -3.2511608571270577e-02
239 1.0975081653802805e-03 1.6242806521736535e-03 -3.8477312914834916e-02 -3.2628362805173602e-02
240 -4.7631025425642903e-04 6.7457246730090242e-04 -9.7335248644618549e-03 -6.5843142359187055e-03
241 -4.3608532776530227e-04 7.6669521425705011e-04 -1.0607444941955344e-02 -6.6869873855712886e-03
242 -9.0683010676407432e-04 1.8117643331304038e-04 2.7778669301251616e-02 4.8745786094461013e-03
243 -7.1727750856983132e-04 7.9847988069774091e-04 3.0664848364396566e-02 4.9049950649582338e-03
244 -8.7858485737959643e-04 5.3355523791453997e-04 3.1057455936684575e-02 4.9087489739692049e-03
245 -2.5953372384099837e-04 6.1027752914666734e-04 -2.5317748542724824e-02 -3.6993557702648980e-03
246 1.0958937725979122e-04 6.8941919877617362e-04 -2.9067678761293469e-02 -3.7264826669295859e-03
247 -1.1957275564926453e-03 4.9642935954399587e-04 6.4673238764318616e-03 4.1083129620507388e-03
248 -1.0534944890511189e-03 4.2915658417626827e-04 6.0502325270204663e-03 4.0593245613092400e-03
249 -2.6672708399932530e-05 6.2453031563441312e-04 6.5873515622875715e-03 4.1216755404421485e-03
250 7.4615611951707355e-05 6.6089853468584761e-04 -2.4169353729152351e-02 -3.6895835127175257e-03
251 1.7242060752623617e-04 7.5701433044767148e-04 -2.1472201244292121e-02 -7.9147512976866178e-03
252 2.4820474760476241e-04 7.5963342945887396e-04 -1.8465005472135310e-02 -7.2788829639817108e-03
253 -5.4795746068372593e-04 6.1427138536837057e-04 -1.9896305631039050e-02 -7.3475072787914800e-03
254 -3.8149574087956861e-04 5.6452076039452946e-04 -1.9390488878711892e-02 -7.3241570320064456e-03
255 3.0427305837763929e-04 8.0107031810087829e-04 -2.6831188859598138e-02 -7.5939440464285910e-03
256 5.6763190816340860e-04 8.3043732890293153e-04 -1.6161784737771023e-02 -7.1494523088351880e-03
257 6.4262011881730387e-04 9.6753100601838901e-04 -1.7285654331086309e-02 -7.2158679463654998e-03
258 5.3255631793966461e-04 7.7460491995782002e-04 -1.5788555593889451e-02 -7.1258525231275580e-03
259 3.3316022498591606e-04 7.2340590429698743e-04 6.8791193458570127e-03 4.1528920593588122e-03
260 -1.5857414912752026e-04 6.5402574638855819e-04 7.0113243641725526e-03 4.1664754550708068e-03
261 -1.3079607982231204e-03 6.9943653268409649e-04 1.2946996958057203e-01 1.7348995634337502e-02
262 -3.1063807693881948e-03 5.7417600557457989e-04 1.3162658759238652e-01 1.7363781827986761e-02
263 -5.2547537582799770e-04 7.4505076060148525e-04 1.8214866340334195e-02 4.7170025166627556e-03
264 -2.8156338113490605e-04 7.6570790357816836e-04 1.6260566745130989e-02 4.6661023725136043e-03
265 -5.9699399230493167e-04 6.3350874646321716e-04 1.8248896648244962e-02 4.7178076145551378e-03
266 -1.0747721224880424e-03 8.4152161850784338e-04 1.1609549974744013e-02 4.4916293276180269e-03
267 -3.3320167443044611e-03 5.1385676192003762e-04 1.3474207492614484e-01 1.7384404886078481e-02
268 -3.5689575517333680e-03 5.4832116367717950e-04 1.2987710758772625e-01 1.7351820119404882e-02
269 -2.6923628671467318e-03 6.4296029218378675e-04 1.3728158567306620e-01 1.7400604201452112e-02
270 -1.0879037556808123e-03 9.5462179775121405e-04 3.9450346966162890e-02 4.9730186177072543e-03
271 -1.1352926711067650e-03 9.3306796517821978e-04 3.4976467136825007e-02 4.9421318421760995e-03
272 9.9535350562886759e-05 7.8681339037019714e-04 8.5895781106102801e-03 4.3059114439878464e-03
273 -3.3661953475568550e-04 6.2570419443609042e-04 9.5629688474349415e-03 4.3751771243294218e-03
274 -1.2352090820502743e-03 6.3580314856423817e-04 8.6064142365334766e-03 4.3072040624748684e-03
275 -9.0572408824141841e-04 8.2954494714965210e-04 -4.0489919328709219e-02 -3.2963487190860105e-02
276 3.8715431992116374e-04 1.4169487600988386e-03 -4.0904556651177829e-02 -3.3030262334762403e-02
277 5.2131915487012759e-04 1.4540627942092633e-03 -4.0982832026019947e-02 -3.3042784098872610e-02
278 2.7727098237984439e-05 8.5040701668924587e-04 -5.8380437828492518e-03 -3.1796844884430086e-03
279 -6.0783395673508960e-04 7.8091408862198980e-04 -5.8580914621910009e-03 -3.1814483291885192e-03
280 -1.2269471171528243e-03 6.5337783308444682e-04 -6.2928253715308522e-03 -3.2177587096419219e-03
281 -2.4145740494601270e-03 4.9965589021406132e-04 1.4476005685830315e-01 1.7445386818715717e-02
282 -1.7154798581855717e-03 6.1246675974750665e-04 1.5509903269176842e-01 1.7500984308807952e-02
283 -2.0761981483860942e-03 4.9889958025346715e-04 1.4871736903219396e-01 1.7467471642512930e-02
284 -1.4994371056580075e-03 6.9081501449153634e-04 -8.8514292608826879e-03 -6.8672973568757656e-03
285 3.4219707464261552e-04 7.5147452337138868e-04 -9.2688374887268492e-03 -6.9288589619472029e-03
286 7.1876087865397329e-04 8.3727087010751857e-04 -4.9138477646302636e-02 -7.9638450215568698e-03
287 6.1437961437737728e-04 1.0240709496589773e-03 -5.0923715214708669e-02 -7.9809889796741123e-03
288 -1.2881283186579138e-04 1.1451162036391364e-03 -8.5557143853095697e-03 -6.8216489118958718e-03
289 1.6932173077069090e-04 8.5727491576532402e-04 -8.3249018857483106e-03 -6.7847756709222967e-03
290 1.4114076315004592e-04 9.1593111771261530e-04 -8.8667483615432231e-03 -6.8696149907704705e-03
291 9.3097864728619063e-04 9.4400503477743564e-04 -4.4143175110052731e-02 -7.9095082131801272e-03
292 8.2269827581037147e-04 1.2044019324772002e-03 -5.1244747586555610e-02 -7.9839607856690437e-03
293 1.8713060609292518e-03 1.0814311352334294e-03 -4.5554633160022603e-02 -7.9259126577467844e-03
294 1.0338867725060113e-03 9.1492183097279607e-04 -1.7278431708699086e-02 -3.6079113253361622e-03
295 1.0836357586062240e-03 8.7624358089899575e-04 -1.8155490749888981e-02 -3.6212633763189365e-03
296 6.2396698996962721e-04 1.0227379976595501e-03 -1.2725125916235988e-02 -6.8959940273027121e-03
297 -5.0661575117321106e-04 8.9607103609424621e-04 -1.1371847103666212e-02 -6.7683326654513088e-03
298 -2.3707534509303892e-06 9.8384369632474708e-04 -1.1994177817920513e-02 -6.8294402333425484e-03
299 -5.8258858447762796e-04 7.8616735227820666e-04 -3.8779162247345035e-03 -2.9557562118681891e-03
300 -1.7154798581855719e-03 6.1246675974750697e-04 -4.0140792711527542e-03 -2.9754669933873303e-03
301 -6.7597400452293826e-05 9.3684641687470161e-04 -4.2066653174571179e-03 -3.0020487511141845e-03
302 3.1887267607598317e-04 7.2387669417182574e-04 8.4946229905686690e-03 4.2985533636023150e-03
303 1.8975303723282103e-03 9.8694757230034010e-04 -7.0211548913177324e-02 -8.1161492621459816e-03
304 2.2543457065861438e-03 1.1861338929820137e-03 -6.2362733472464321e-02 -8.0700557592418842e-03
305 2.2473944304560079e-03 1.2774786750404320e-03 -6.9058251988602382e-02 -8.1099569534767105e-03
306 1.1607132195906502e-03 1.0382485286471231e-03 1.6051422171558152e-02 4.6600500109333061e-03
307 -1.3302890835284285e-04 6.5535743470105452e-04 1.3657071239863735e-02 4.5801771576707978e-03
308 5.2068203850426224e-04 1.1226273107693330e-03 -4.0496132286370626e-02 -3.2964493319321733e-02
309 1.1517295214370463e-03 1.3915603894132165e-03 -3.9953611577440602e-02 -3.2875991248603804e-02
310 6.8160394120640147e-04 1.8712658050194454e-03 -3.9886722909745070e-02 -3.2864988378952159e-02
311 3.8496427310770015e-04 1.8746184777257602e-03 -4.0831383558699731e-02 -3.3018532747181785e-02
312 3.2049113484894706e-04 1.9516502695597670e-03 -4.1365412515241312e-02 -3.3103605951850953e-02
313 3.1120103888902573e-04 1.5512358046165446e-03 -4.1305334286256122e-02 -3.3094096358740117e-02
314 -6.9298069903723082e-04 5.9808717983991365e-04 1.6733643407429166e-02 4.6793288926100561e-03
315 -4.5420533399075720e-04 1.0883617819305081e-03 1.8238903930232111e-02 4.7175714659702193e-03
316 -3.3771249757539573e-05 7.7902373938255724e-04 1.7666723666977354e-02 4.7036771410031630e-03
317 -1.3142811809341735e-03 5.6111290671196246e-04 2.7072385076011080e-02 4.8662796913634598e-03
318 -3.1543151293136033e-04 7.3630041185510000e-04 2.4850317028935663e-02 4.8375209286992708e-03
319 -7.7026950134576023e-04 4.5970543772995876e-04 2.3889962539293749e-02 4.8236685408987153e-03
320 -5.2350795951979401e-04 4.4793840294258841e-04 -1.4543705889700416e-02 -7.0408311071925821e-03
321 -4.8584815615169985e-04 8.1530558422064257e-04 -1.6112177605768930e-02 -7.1463622927037248e-03
322 -1.1216827426340661e-04 9.2530880447476926e-04 -1.5049943339176836e-02 -7.0766390721961068e-03
323 -2.5553661119594564e-03 4.5228311834010371e-04 1.3322073807972284e-01 1.7374440419940611e-02
324 -3.3415962456206975e-03 3.4339102736061341e-04 1.4586420916635837e-01 1.7451655012369151e-02
325 -8.7678978176365945e-04 5.1018544031017680e-04 1.3132560159166508e-02 4.5595864135095036e-03
326 -6.6687055574884708e-04 7.0508754477868654e-04 -7.1109637529078052e-03 -3.2773230310504668e-03
327 5.2182698655911768e-04 8.5405812182335955e-04 -6.7099093710637917e-03 -3.2494279530579993e-03
328 3.0427305837763902e-04 8.0107031810087840e-04 -7.2613993525461364e-03 -3.2872020977534428e-03
329 -2.7170256628411511e-04 5.6854217739261655e-04 8.0349167022749062e-03 4.2612246097517865e-03
330 -1.4453276167780663e-03 5.0703393093892246e-04 8.8303462923346784e-03 4.3240617592703876e-03
331 -8.9627532315634021e-04 5.4321897384843098e-04 8.2794459767229784e-03 4.2814417810571014e-03
332 -2.2232640396343867e-04 6.8633636566616527e-04 -2.6190875495531837e-02 -3.7062800543379479e-03
333 5.6763190816340881e-04 8.3043732890293175e-04 -2.8213757649377627e-02 -7.6309574136790969e-03
334 1.7312321235080381e-04 5.8358856732525232e-04 5.5940946190046401e-03 4.0007425260110583e-03
335 5.3666278788626950e-04 7.6113740387453543e-04 -5.4822466585087215e-02 -8.0150038950248855e-03
336 1.3112841945959297e-03 9.0956517736848945e-04 -5.9061081585058607e-02 -8.0474725133017865e-03
337 -2.4910583057947637e-05 6.8913099738588215e-04 -4.9147163432566018e-02 -7.9639310662984915e-03
338 7.5444460325493933e-04 1.0354126298757144e-03 -3.6538143925104891e-02 -7.8025655914184784e-03
339 1.4846813064472179e-03 1.3236773030867459e-03 -6.7860006754099323e-03 -3.2549032445780713e-03
340 -1.1104390471973335e-03 1.2051322379657858e-03 -6.5833480534324565e-03 -3.2401207354983779e-03
341 -1.2645816844695068e-03 9.8077219157591722e-04 5.0579595776472520e-03 3.9241699182147238e-03
342 -1.2985750099108050e-03 9.8690150838674231e-04 5.1786615736388788e-03 3.9422043793770510e-03
343 -9.8148111690155742e-04 6.2122716691299094e-04 4.8913145599322879e-03 3.8984523887486433e-03
344 -5.7888417058189225e-04 6.7980916188403425e-04 8.9942351197653016e-03 4.3360169365549974e-03
345 -8.8019184660149226e-04 5.9037499557426675e-04 8.5065598361137168e-03 4.2994847278389585e-03
346 -7.6975337238953140e-05 6.2044659127256073e-04 9.4037706537479226e-03 4.3645637806440001e-03
347 -6.0497003666849736e-05 6.7785558532714092e-04 -7.7178991845423114e-03 -6.2981412208076206e-03
348 -5.5129206259600173e-04 7.1840982619328277e-04 -8.5427432471621989e-03 -6.4247032065243076e-03
349 -6.7779068600640657e-04 7.2021754422271159e-04 -7.6860309734220564e-03 -6.2929514241788706e-03
350 -3.4023319779980083e-03 5.5041106592320602e-04 1.6597855320740557e-01 1.7552841477956261e-02
351 1.4506564165960671e-04 9.0464554066648764e-04 -5.3253097120147105e-03 -3.1315804083399883e-03
352 7.5470514723903644e-05 8.1346072204842898e-04 -5.4873964174701464e-03 -3.1474371652697487e-03
353 3.7009115835958268e-04 9.3924620019704983e-04 -2.4811827373220737e-02 -7.5338236800723676e-03
354 8.6524993092737166e-04 9.9682802720919058e-04 -2.4915948973818280e-02 -7.5371186814324224e-03
355 1.4251338300850704e-03 1.4360712758393112e-03 -1.1019865942928796e-02 -6.7317848920897295e-03
356 1.9736187211698733e-03 1.5887627295246877e-03 -5.4885135511054887e-02 -8.0155159365468062e-03
357 -3.0802232299331525e-07 6.3917622322914999e-04 8.8689223241802482e-03 4.3269042433995361e-03
358 9.8957010286719713e-04 9.7120751908929040e-04 -2.3030664766151510e-02 -7.4737321642312261e-03
359 5.5675893665551798e-04 8.1646897106511134e-04 -2.1217441045868313e-02 -7.4043241721103610e-03
360 -1.8730612191883181e-04 1.2102083644231435e-03 -2.1347008953142461e-02 -7.4095951332361631e-03
361 1.6630781619354326e-04 1.3409959228622996e-03 -3.3139510406375937e-02 -7.7413704655942394e-03
362 1.2379671223237604e-04 1.0010612714031423e-03 -3.7026930957917127e-02 -8.3622460637633629e-03
363 -4.2290034003045868e-04 8.5236044879093793e-04 -5.1305766987591386e-02 -8.5600333045504368e-03
364 -6.1804208182626025e-05 7.4587012325315805e-04 5.7924679210765275e-03 4.0269064550680295e-03
365 2.7981724292507981e-04 9.7776706618212233e-04 -8.6817002014082465e-03 -6.4446475438221873e-03
366 -7.6390615254427529e-05 8.8495042108666794e-04 -9.3739962056570390e-03 -6.5387037389352124e-03
367 -2.3345569279742618e-04 7.7052290173407981e-04 -9.5087808534015123e-03 -6.5560487147050704e-03
368 -1.9054330154224505e-04 7.4277062229013329e-04 8.8501055894298405e-03 4.3255199435599384e-03
369 2.0735116227403670e-04 7.2523021217232809e-04 9.1950925436968187e-03 4.3502480465363270e-03
370 3.2102434276432576e-04 8.0260851982958781e-04 9.4789051842267148e-03 4.3696053104800058e-03
371 8.9433541384115189e-04 9.7156156474479598e-04 -8.4237235213655160e-03 -6.8006999294714411e-03
372 -6.2681419202175782e-04 7.5019794590192610e-04 -7.8909326142417215e-03 -6.7123087257917611e-03
373 -2.8105376958599342e-04 8.1383377556066769e-04 -9.6482736720542445e-03 -6.5736873204716500e-03
374 -1.0586925530173923e-03 7.5879947567070161e-04 -8.9143566816720227e-03 -6.4772195129518088e-03
375 -1.6611698818402229e-03 6.6557923293564985e-04 -9.4342217546118708e-03 -6.5464910933613202e-03
376 -9.0590155281354686e-04 -1.0315461577103657e-04 7.0572515151231799e-03 4.1711157872772959e-03
377 -4.7745493215538260e-04 3.8773974387353326e-04 7.4996291198834138e-03 4.2138528495838240e-03
378 -7.3397491580593020e-04 2.0317976421810303e-04 6.9043722604797183e-03 4.1555129307659072e-03
379 4.7922029892716724e-04 9.8005731190633485e-04 -7.9857941776982268e-03 -6.7285123105352571e-03
380 7.2398714629110439e-04 9.8375544716002494e-04 -8.0666740954966759e-03 -6.7421645617144746e-03
381 -1.1083980277964320e-05 7.2053326775709556e-04 1.0483142624295512e-02 4.4317743774664698e-03
382 -6.3463676724192467e-04 5.6405073240665569e-04 1.0585615735109735e-02 4.4376177567074186e-03
383 -5.9940184323476983e-04 5.8369938260359119e-04 9.6000898419041532e-03 4.3776147310333954e-03
384 -1.1408206646142153e-03 7.0309793705422606e-04 4.0987214586462643e-02 4.9822485796237213e-03
385 -5.9227578639131661e-04 8.9649220402925945e-04 3.6235084440858434e-02 4.9514979358158519e-03
386 -8.5810368518213275e-04 8.5968817618615741e-04 3.7490583510103592e-02 4.9602876608031699e-03
387 7.7947157936156711e-06 8.8517118993981694e-04 -1.4576760257028731e-02 -7.4995966346328418e-03
388 3.6327660556165621e-04 1.0848166718036237e-03 -1.3320330035260453e-02 -7.3922412743480008e-03
389 1.2386405831673252e-04 1.2579299318187761e-03 -1.3167519902145604e-02 -7.3782382329111787e-03
390 -1.8001133727673141e-04 1.1096430070482554e-03 -6.1674761243667277e-03 -3.2076555639429629e-03
391 -3.8290331123384651e-04 7.3759276101484686e-04 8.2631366665497415e-03 4.2801193918413404e-03
392 -5.6381232883202781e-04 5.9146305004960853e-04 7.8766679154976104e-03 4.2476804911738752e-03
393 -5.4795746068372572e-04 6.1427138536837057e-04 2.9317581135766511e-02 4.8914476026002502e-03
394 -1.0498209870204265e-03 6.3471142286962619e-04 3.3500753349784140e-02 4.9303667360724932e-03
395 -2.2696083882286079e-03 4.1985190488038352e-04 5.0772884979870689e-02 5.0292613307719187e-03
396 -2.8879683449340686e-03 3.8655584497116055e-04 5.0453939278528565e-02 5.0279846308520807e-03
397 -6.1276399315421328e-04 7.4771923678682863e-04 4.3257798888033737e-02 4.9948213469718063e-03
398 -6.1332057522383898e-05 8.1552946282226722e-04 7.8107886162546688e-03 4.2419311055846929e-03
399 -7.2136657401766530e-04 5.4130922485148586e-04 7.1004129493529473e-03 4.1754405444533174e-03
400 -4.5555112506707784e-04 5.7666758117549792e-04 2.3339991542680585e-02 4.8152943401200653e-03
401 -3.3665886029487298e-04 5.5890819443382201e-04 7.1768079212475707e-03 4.1830107278596554e-03
402 -1.5821463073359826e-03 1.0639952232170003e-03 7.9100656294264025e-03 4.2505699840027665e-03
403 -4.8562175712466762e-03 8.0884604626995922e-04 1.6121370958186967e-01 1.7530889931638430e-02
404 -1.9342744784568852e-05 1.7720052138344043e-03 -4.0202376204807620e-02 -3.2916735412979729e-02
405 1.6716464388167758e-03 1.8208772460142587e-03 -3.9717593286841206e-02 -3.2837077083122029e-02
406 1.7303901839173458e-03 1.9548985447827615e-03 -3.9399283939143076e-02 -3.2784193327634922e-02
407 -1.1987421920289039e-03 7.9902980808339494e-04 4.9518321290353794e-02 5.0241559104570567e-03
408 -2.2275601581350684e-03 5.1395162300451702e-04 4.4809788210374249e-02 5.0027656564512494e-03
409 -2.5692847158153577e-03 4.8421506960611636e-04 4.5928311610670666e-02 5.0081966018525178e-03
410 2.3039857945754628e-04 7.9675708002622484e-04 4.6925556364405966e-03 3.8664692210531957e-03
411 -5.3916234198824234e-04 7.0675638358645796e-04 4.6095280545695293e-03 3.8526654638368430e-03
412 1.5821721023081992e-03 1.0628087975213907e-03 -3.0568136446840862e-02 -3.7356810703807085e-03
413 1.6583343972368528e-03 1.1830634807346236e-03 -3.6019795499061424e-02 -3.7633344793158471e-03
414 -2.3791065221601533e-04 8.2896208145186395e-04 -1.5453106011585683e-02 -7.5671080787231759e-03
415 3.6245560013521493e-04 9.0054639032816552e-04 -5.2318394070167487e-02 -8.5704445324491455e-03
416 -4.0758948607539387e-06 7.9936354637896690e-04 3.4719049862279562e-02 4.9401428986852163e-03
417 -1.8978447050929245e-03 4.2058670074946320e-04 -2.0373773127716644e-02 -3.6505422522369818e-03
418 -1.3561372862596131e-03 4.6596571712215039e-04 -1.7927210768080400e-02 -3.6178966809759061e-03
419 -1.8465508987305810e-03 4.5841400692721675e-04 6.5522951966675742e-03 4.1178050960081029e-03
420 2.6432781097585165e-04 9.8659104743500860e-04 6.0119579724024650e-03 4.0546190756457949e-03
421 9.6903737370756453e-04 1.0396633292886934e-03 -6.9058251988581565e-02 -8.1099569534765978e-03
422 1.7490442065914622e-03 1.1913874838795232e-03 -7.0211548913177324e-02 -8.1161492621459816e-03
423 9.1110193332135303e-04 9.7497785411310449e-04 -6.1876045999338675e-03 -3.2092972036679313e-03
424 9.6503181243185734e-04 1.0259392411092179e-03 1.0097109554458169e-02 4.4089667535057962e-03
425 3.5252914012921354e-04 8.3670097643366494e-04 1.0629168965355549e-02 4.4400755167836609e-03
426 -1.8225413766415736e-03 4.7091170538975531e-04 2.8264679478569921e-02 4.8800789762760872e-03
427 -1.2165314958393074e-03 5.5317883750658392e-04 1.9267135783709838e-02 4.7407833232475183e-03
428 -9.8147318049304397e-04 5.3377511093333197e-04 2.0667187836354992e-02 4.7692162290262977e-03
429 -5.5165764064774231e-04 5.8627571633451041e-04 2.1041929945772538e-02 4.7762779063476044e-03
430 -3.1266699381928340e-04 5.5560316948064989e-04 1.9531873333631058e-02 4.7464242362727617e-03
431 -5.1314658327001011e-04 4.8587759213140284e-04 1.9950848592251890e-02 4.7550916726796875e-03
432 -8.0111310305044686e-06 1.1708108151525503e-03 2.1353731193654739e-02 4.7819919407879512e-03
433 2.5217859935194615e-04 1.2363948264857692e-03 -1.5277431784374103e-02 -7.0921666834063120e-03
434 5.3666278788626939e-04 7.6113740387453576e-04 -1.6518019760848487e-02 -7.1712351003388897e-03
435 3.0541409292734426e-04 9.1618034587074388e-04 -1.5959654584712345e-02 -7.1367726699919087e-03
436 -2.5064393671118664e-04 8.0965958861180893e-04 3.7455824453746962e-02 4.9600512992783253e-03
437 -4.2500741007869960e-04 7.8579973466042028e-04 3.2220564969948122e-02 4.9193982330249927e-03
438 -3.9430567453122272e-04 9.6814764858756174e-04 3.2789278580463294e-02 4.9243636084559637e-03
439 8.6499379464898484e-04 1.6825038013195612e-03 -4.0335158012184520e-02 -3.2938370049883030e-02
440 6.5143765020944763e-04 1.6144940273945254e-03 -4.1691977997712085e-02 -3.3155028887019496e-02
441 1.5714895933226730e-03 1.4993211090546504e-03 -4.1440760521588842e-02 -3.3115510813775069e-02
442 -5.3916234198824213e-04 7.0675638358645785e-04 -8.3796018524197290e-03 -6.4008031695553984e-03
443 -4.4142009827841989e-04 7.8814693733714766e-04 1.7556066283756066e-02 4.7009027101423606e-03
444 -1.7947494696409047e-04 7.3912233741466320e-04 1.5766292577643625e-02 4.6515859678344729e-03
445 -3.2129801952544455e-04 7.5071829013724967e-04 1.5755691028657988e-02 4.6512664027173025e-03
446 3.8191934966341019e-04 9.3188881433482155e-04 -8.9409483188319459e-03 -6.4808785531403571e-03
447 1.0608702891391082e-04 1.2610948181163220e-03 -9.1393207334766868e-03 -6.5077737692508970e-03
448 -6.0875568288552131e-05 8.6218545084865692e-04 -1.7086937810643348e-02 -7.2046039119893638e-03
449 9.0329836946011907e-05 1.0018375869510503e-03 -1.8186921165528891e-02 -7.2645887081599228e-03
450 3.6245560013521509e-04 9.0054639032816552e-04 -2.6509808305646844e-02 -7.5848830341670890e-03
451 7.0927494642918199e-05 1.1027683077750111e-03 -2.3635795612058946e-02 -7.4949719613119107e-03
452 3.7009115835958274e-04 9.3924620019704939e-04 -2.4091476948975739e-02 -7.5103925263754210e-03
453 -1.1042554188454923e-03 4.8491502504405005e-04 1.0342325602608008e-02 4.4236026621141539e-03
454 -1.1104458502467828e-03 4.7735726541401328e-04 1.0025380776865546e-02 4.4045848334037354e-03
455 -5.0619811639553288e-04 5.6163137810981943e-04 1.0458334064067026e-02 4.4303467408778980e-03
456 3.4737539274228772e-04 7.5963205434904989e-04 1.0668756797163080e-02 4.4422963268374530e-03
457 9.4312674445364250e-05 7.4490356966431213e-04 1.1330241767975863e-02 4.4776404506186637e-03
458 -2.1321431850246488e-03 8.6392637704198281e-04 1.5524217983171273e-01 1.7501708126271678e-02
459 -6.5445364690310036e-05 9.6571007499896206e-04 -1.0240225534432396e-02 -7.0603601542977672e-03
460 9.0631944318786623e-04 1.3150685872664115e-03 -1.0939026179799201e-02 -7.1459525161866695e-03
461 3.2331849982559162e-04 1.2353048852177526e-03 -1.0162595857364197e-02 -7.0504105023675434e-03
462 -1.3016399934395069e-03 1.1904548119754104e-03 1.0483142624295512e-02 4.4317743774664698e-03
463 5.5675893665551809e-04 8.1646897106511145e-04 1.0234243928118589e-02 4.4172164096146719e-03
464 3.3825330175595605e-04 7.8984809936199932e-04 1.1107586860659791e-02 4.4661032284146109e-03
465 4.9678702305338261e-04 7.3403807068905282e-04 -3.9945137550766605e-02 -8.4125150591564009e-03
466 8.4363169373152564e-04 1.0133108115028223e-03 -3.9911135140437717e-02 -8.4119657700110536e-03
467 6.7372410341316107e-05 8.2589040337559564e-04 5.9856031486527021e-03 4.0513574952065088e-03
468 6.8904044502307962e-04 1.3912373699015721e-03 -3.8327386983459791e-02 -3.2602642382417127e-02
469 2.1938134065554760e-04 7.8506735830038846e-04 -1.6207631288344283e-02 -7.6209959239034990e-03
470 1.0892279522073584e-03 9.9896674585083444e-04 -1.5646599214422206e-02 -7.5812832499180050e-03
471 1.0624440380955407e-03 1.0426859620285445e-03 -1.4763871350774596e-02 -7.5144854061889059e-03
472 6.6787988153143760e-04 8.4824971850185667e-04 -3.2513165113079008e-02 -7.7289097144198618e-03
473 1.5609826710562867e-03 1.0553434555140957e-03 -2.9961695338383589e-02 -7.6736320929313810e-03
474 -4.0219769621531254e-03 2.5141104690427798e-04 1.7658878747484993e-01 1.7597946207982280e-02
475 -1.4453276167780661e-03 5.0703393093892279e-04 1.7331412451617914e-01 1.7584545686599472e-02
476 -3.1618986580076811e-03 3.4336388980072367e-04 1.7043213967922180e-01 1.7572377031087948e-02
477 -7.1104583553839042e-04 8.9468720646420524e-04 3.4804158675641537e-02 4.9408033544941594e-03
478 -9.7080692281919438e-04 7.8130799276667840e-04 3.8726587922978367e-02 4.9684491342111272e-03
479 2.7727098237984805e-05 8.5040701668924544e-04 -8.6621891206930656e-03 -6.4418696318039263e-03
480 -1.1848731985141785e-03 6.2872111906806015e-04 -8.0098474466240854e-03 -6.3446092212336496e-03
481 -5.2273514903363892e-04 6.8758374069116288e-04 -8.2634582787414514e-03 -6.3834604776632012e-03
482 -3.7675142483396566e-03 8.0124883745225767e-04 1.4417941437448634e-01 1.7442056629910288e-02
483 -2.7372773588065845e-03 1.0504614209166558e-03 -1.0783416313122381e-02 -6.7063709333426494e-03
484 9.7491952303566565e-04 1.0959744550595001e-03 -1.7729372602324739e-02 -7.2403259392155436e-03
485 -1.4767292529804763e-04 8.3376008890991460e-04 -1.4863691418695191e-02 -7.0636699733566477e-03
486 3.7108777916904849e-04 9.2881149434483252e-04 -1.4926377218940252e-02 -7.0680610913128813e-03
487 -7.2008076797398356e-04 6.6264989062808958e-04 6.1048844726621469e-03 4.0659801037064743e-03
488 -1.1669384581166581e-03 7.3359658435794245e-04 1.6332703104015511e-01 1.7540765362133438e-02
489 -3.4900216723839830e-03 3.3088818250040888e-04 1.7052004167640983e-01 1.7572753542686000e-02
490 -2.6955933605193237e-04 9.3758578025989424e-04 -1.2284396937237575e-02 -7.2928102810636761e-03
491 -4.6536257890598514e-04 7.7111064722531911e-04 -1.1952164934517949e-02 -7.2585414816320158e-03
492 6.4178263882368398e-05 8.4162567794700716e-04 -1.1214778889496685e-02 -7.1778736071393323e-03
493 8.4055271487731311e-05 1.0158455188734937e-03 -4.0443014682698064e-02 -3.2955885939902230e-02
494 9.4712750490404877e-04 1.3704576306642123e-03 -3.9927912613152532e-02 -3.2871766277617814e-02
495 2.3039857945754636e-04 7.9675708002622462e-04 -1.8904205430744298e-02 -7.3007961713234615e-03
496 5.7741334461508162e-04 9.2706322352364566e-04 -1.8344693501138421e-02 -7.2727394806753843e-03
497 -1.4238845348310694e-03 -1.4291262161652489e-04 4.9518321290336897e-02 5.0241559104569926e-03
498 -2.2001741957171413e-03 4.8807776839386011e-04 5.0453939278528565e-02 5.0279846308520807e-03
499 -1.2835222401702429e-03 6.4073498668611455e-04 4.3969008295360296e-02 4.9985232560380453e-03
500 -4.2290034003045868e-04 8.5236044879093782e-04 -9.0066694107939979e-03 -6.4898668685524422e-03
501 -9.1336839253541966e-04 7.7906101849310608e-04 -9.7122661785691636e-03 -6.5816749764156749e-03
502 -9.0053861609073137e-04 7.7538699301625026e-04 -1.7331831391687830e-02 -7.6948487404255965e-03
503 -1.1723303871681207e-04 9.3234450895218507e-04 1.3809993931024117e-02 4.5859437623615631e-03
504 6.1081333569993528e-04 7.6359062371022341e-04 -4.2983067316862647e-02 -7.8953259013140684e-03
505 3.1373466904557440e-04 7.4336655688977851e-04 -4.4816263178062886e-02 -7.9174432718699603e-03
506 6.6007685622422878e-04 7.6174067881372616e-04 -4.8581365922298378e-02 -7.9582699229884934e-03
507 -4.8282821800438346e-03 7.7181414111505313e-04 1.7770509742954738e-01 1.7602414657701713e-02
508 -1.3958173725453639e-03 1.0302188529329212e-03 5.2523448495520502e-03 3.9529781721897306e-03
509 -1.6178564687934034e-03 1.0464889300627249e-03 2.0739284125512316e-02 4.7705917121450038e-03
510 -5.9775950341910697e-04 6.2531409883566553e-04 2.2462357516575597e-02 4.8012032289243807e-03
511 -6.3357141573457967e-04 6.2859785741604956e-04 2.3210956922200709e-02 4.8132801363845396e-03
512 -1.0157639446280817e-03 8.4480500119778104e-04 -7.6860309734214744e-03 -6.2929514241787752e-03
513 -7.6057880485375237e-04 8.3490009105288265e-04 -8.0306778615833671e-03 -6.3478522472653820e-03
514 -5.6300941609901934e-04 7.1116856356784851e-04 -8.4406745326491318e-03 -6.4098125080633769e-03
515 -6.8399410830017986e-04 9.9239605635507815e-04 -4.1388077409653626e-02 -3.3107189508900042e-02
516 1.6304781310513220e-04 7.8792289048228289e-04 -6.7210026398497894e-02 -8.0996438801180116e-03
517 -3.1427998772673167e-04 7.3145214794801620e-04 -5.8303060056801775e-02 -8.0419711301435489e-03
518 8.9381550437643141e-04 9.3057140637409783e-04 -1.8994365205233534e-02 -7.3051974182759809e-03
519 1.2121413656575337e-04 8.3472764768090831e-04 -1.7885685426089332e-02 -7.2487214259714088e-03
520 -1.2325802938979739e-05 7.7928475281321128e-04 1.9013693132743297e-02 4.7352588844195896e-03
521 9.1523331147249948e-04 1.2080894292199804e-03 -1.9150627496394863e-02 -7.3127493216420085e-03
522 1.4487370714715349e-03 1.1202608584323073e-03 -3.5450100359638879e-02 -8.3321632723328473e-03
523 1.0381426753497669e-03 9.8327386723842604e-04 7.9254464819742427e-03 4.2518950582515081e-03
524 2.3213155833867169e-04 1.1417369737223146e-03 -2.5639409645025223e-02 -7.5594047962095406e-03
525 2.3546843634981879e-04 8.5355819604126702e-04 -2.3018314248884085e-02 -7.4732892756349013e-03
526 3.6878712114984653e-04 8.7217855125491708e-04 -2.3362251561961225e-02 -7.4854810628209919e-03
527 -1.5854938942575951e-04 6.9555484013774922e-04 5.3475091261498712e-03 3.9666367700365874e-03
528 8.3177024743857875e-05 6.8993573196995267e-04 -1.4352982970487241e-02 -7.4814344926736037e-03
529 6.8920868191828157e-04 8.0406515187699922e-04 -3.6441924754632711e-02 -7.8009680832586718e-03
530 -5.5055190755904759e-04 7.3927418340921831e-04 -3.4034030196139625e-02 -7.7584872009054968e-03
531 -1.2828756507285558e-03 7.4601756968611954e-04 -1.6237941226369713e-02 -7.1541687748089191e-03
532 -1.7534026681428523e-03 4.8479521578191626e-04 -1.3928138809914998e-02 -6.9948018203099486e-03
533 3.2527130354477701e-04 8.7294533136087350e-04 -1.2185533600220455e-02 -3.4992933881246961e-03
534 8.4713521496877417e-04 1.5667095161711159e-03 -1.1062775535931269e-02 -3.4644490899473565e-03
535 -2.6920480720231789e-04 6.4430492022352884e-04 -1.3873074837749078e-02 -6.9905435158617545e-03
536 8.4055271487731229e-05 1.0158455188734939e-03 -9.1328566565007010e-03 -3.3888828643330727e-03
537 -9.2477659046183349e-04 6.9956537483807874e-04 -8.2549317351181522e-03 -3.3455637350637266e-03
538 -6.1611450151575413e-04 7.5394348181229273e-04 -8.9030461908955975e-03 -3.3781853165797573e-03
539 -2.2810485267790908e-03 4.2429381572292970e-04 -9.2832949255295914e-03 -6.5268609690665655e-03
540 -1.1892567337808959e-03 6.1179321120151192e-04 -8.7329976848265333e-03 -6.4519164565970200e-03
541 -3.1103017867629618e-03 4.5460534602985501e-04 1.5488817344468367e-01 1.7499915959432188e-02
542 -1.8493467584603058e-03 5.2292805563317730e-04 1.5959774164606741e-01 1.7523183181598609e-02
543 8.1140520642280069e-04 9.5672130277618889e-04 -4.0650890253508140e-02 -7.8647020293695635e-03
544 9.1340643819381594e-04 1.0034779291019009e-03 -4.4355226575167266e-02 -7.9120307007942391e-03
545 1.1969427418773411e-03 9.7651385435358390e-04 -1.7867398746959980e-02 -3.6170023044690262e-03
546 1.3142741928197718e-04 8.1211813571453674e-04 5.1922745443041636e-03 3.9442080850707693e-03
547 2.9430476247418265e-04 7.7725679806472643e-04 4.7642508572200747e-03 3.8781756846260874e-03
548 -1.2325802938979772e-05 7.7928475281321095e-04 4.9567989159961115e-03 3.9086742737749229e-03
549 -3.8042046631263127e-04 6.1164151060529688e-04 2.6551043940926264e-02 4.8599082125966118e-03
550 -7.4062589777585416e-04 5.8056185135771539e-04 2.7860746366288706e-02 4.8755192347115141e-03
551 -6.6525864491638305e-04 6.0258100338609027e-04 3.7533073860506153e-02 4.9605760717878929e-03
552 -9.1036107272156059e-04 5.0161785873989537e-04 3.9204671088218658e-02 4.9714841923090333e-03
553 1.3814474386732330e-03 1.0196273397557792e-03 -6.2893756282953253e-02 -8.0734926048313446e-03
554 6.2092649161928017e-04 9.3941058172079058e-04 -5.0553136799860919e-02 -7.9775174699290331e-03
555 3.8746473045671317e-05 6.7513918741571722e-04 8.7905414055001393e-03 4.3211100453964943e-03
556 -8.7858485737959675e-04 5.3355523791453986e-04 8.3077657172811077e-03 4.2837293577491315e-03
557 -9.2167127561307673e-04 5.5447029084432101e-04 1.4252224310750142e-02 4.6020568371397778e-03
558 -1.0523840836706164e-03 5.3196330378132083e-04 1.4545347568857359e-02 4.6122987750193802e-03
559 -1.0655107238638903e-03 6.3224998613247102e-04 -2.5509830122561902e-02 -7.5554895318329773e-03
560 9.3379859202870840e-05 7.3365707685469641e-04 5.5752971524680927e-03 3.9982057688535142e-03
561 1.2345039935018310e-04 7.4788119788635860e-04 -1.6201644386566141e-02 -7.1519249740817402e-03
562 -9.1345995210121247e-04 4.6026092845178755e-04 2.0914210158315787e-02 4.7738953912605823e-03
563 -3.3282084299415132e-04 5.8306017692964112e-04 -1.4725284294344427e-02 -3.5614198769458229e-03
564 2.3891838695142784e-04 8.2218695061187831e-04 -1.4092939307717387e-02 -3.5477188063287183e-03
565 -7.2979394246098334e-04 9.2014511043225094e-04 -1.3416033660801848e-02 -3.5318548795023790e-03
566 2.5579747083972505e-04 1.4568301320379922e-03 -4.0537907482201416e-02 -3.2971253991294303e-02
567 -2.3707534509301181e-06 9.8384369632474730e-04 -4.1003334243421126e-02 -3.3046059469208827e-02
568 -1.7080401872399622e-04 1.0086928178825684e-03 -4.4096484622043733e-03 -3.0285374892413883e-03
569 -4.2037572499159824e-04 4.2970420548781886e-04 -4.8447989546543876e-03 -3.0805928573908363e-03
570 5.6949058140096142e-04 8.7874764001168529e-04 -2.5657789779397946e-02 -8.0784695821303903e-03
571 -1.5360634715672512e-03 1.2257234668723042e-03 -2.8093383071416646e-02 -8.1551867908170299e-03
572 -5.1181870092174982e-04 1.3938424270686376e-03 -1.0089371250682551e-02 -6.6274625179670917e-03
573 -2.2585204570950684e-04 9.1893455060052757e-04 -1.0630931013668285e-02 -6.6895981287927071e-03
574 6.0111499522626493e-04 1.1015674786506464e-03 -1.6288351411233717e-02 -3.5913644821942477e-03
575 8.2299140423124157e-05 7.3069697241389092e-04 -1.5857291166523277e-02 -3.5836101573732070e-03
576 8.3008121837993304e-04 8.8797535894756725e-04 -4.5139162213566779e-02 -8.4879492020513460e-03
577 -2.6899828880285950e-04 8.4735345341743393e-04 -4.1984139476476763e-03 -3.0009396381547441e-03
578 -6.7859133997668058e-04 7.9867300106059016e-04 -4.0211392148994151e-03 -2.9764677324477166e-03
579 -3.9277123614402169e-04 8.3164860031722935e-04 -1.4433540007881699e-02 -7.0328000292363786e-03
580 -1.1987421920289034e-03 7.9902980808339516e-04 -1.3015735484301740e-02 -6.9210208422788152e-03
581 -1.1794917622352152e-03 1.0845244780913026e-03 -1.1774603085196204e-02 -6.8083708577749901e-03
582 5.8842881248056232e-04 9.4301399906725441e-04 -1.0729028801426239e-02 -6.7004235905642967e-03
583 8.7415980735080606e-05 8.2694769750932555e-04 -9.7673323248563936e-03 -6.5884968530669791e-03
584 3.6535423727552483e-04 8.9016149002126401e-04 -1.5289771055484040e-02 -7.0929992805793783e-03
585 -2.7170256628411522e-04 5.6854217739261655e-04 -1.4096798188396480e-02 -7.0076977660566090e-03
586 5.5632542849339507e-06 8.5604882855484473e-04 -1.4703001463388187e-02 -7.0522903632524881e-03
587 -5.9086724677805038e-04 6.6834323425554959e-04 -1.2335779967240211e-02 -7.2980017971155898e-03
588 -8.7361802223278251e-04 7.5845004508151949e-04 -1.1208599414076219e-02 -7.1771691593726233e-03
589 -3.6735265574284787e-03 7.4652737441725315e-04 1.5304180007562762e-01 1.7490450265229180e-02
590 -7.3209467549845923e-04 9.8550429685197801e-04 7.0989704555809805e-03 4.1752965682670656e-03
591 -3.1543151293136033e-04 7.3630041185510054e-04 7.3185159525885031e-03 4.1967734401549099e-03
592 -6.9804959455373736e-05 5.8378102230179020e-04 7.6948737009380893e-03 4.2316520576551053e-03
593 -8.2099879796037429e-04 6.9148794886633323e-04 1.1828790757090936e-02 4.5022502327034530e-03
594 -2.9496438926047740e-03 4.8253811181377267e-04 1.5122487458222808e-01 1.7480936872314421e-02
595 -7.6891379403481108e-04 7.0734113762501371e-04 1.5579934842889293e-01 1.7504514255254202e-02
596 3.0991298596644295e-04 1.2209294587419554e-03 -1.7663461265165020e-02 -7.2367519831882743e-03
597 -5.9466010799196237e-05 7.5802133829993136e-04 -1.9002770767643264e-02 -7.3056060953807424e-03
598 7.9937580390140764e-05 8.0710780116473790e-04 -4.6566328849304076e-03 -3.0588288544463492e-03
599 1.8841165845176106e-04 9.3668226289174168e-04 -4.2439453725763030e-03 -3.0070275740892668e-03
600 -7.2688530153979994e-05 9.2988426308789030e-04 -2.6895619360194904e-02 -7.5957389973469258e-03
601 -1.2566397852215971e-03 8.2208909607183812e-04 -9.8471812871377112e-03 -3.4195991108814578e-03
602 -1.1212030630941921e-03 8.0949785593582737e-04 4.9323222140327371e-03 3.9048713624228260e-03
603 1.7674930903459411e-04 1.0887235474517077e-03 -4.4678503625184759e-03 -3.0358607528969310e-03
604 2.6346180639856694e-04 8.5897260214625978e-04 2.2749729375534839e-02 4.8059200720279235e-03
605 4.6371186424182308e-04 9.4927044569012423e-04 2.4421950363028157e-02 4.8314583783535424e-03
606 -3.8149574087956877e-04 5.6452076039452956e-04 -3.9540934652619014e-02 -8.4059329060655504e-03
607 -9.8313566162487945e-04 5.9755953239616383e-04 -4.1113717157543202e-02 -8.4309164523903597e-03
608 2.6964454592526407e-04 7.0447038418628794e-04 4.8709764775937579e-03 3.8952464872195804e-03
609 -4.1912051427434429e-04 6.0652489799988181e-04 2.0891853018696515e-02 4.7734757811122705e-03
610 -8.3691683945696840e-04 8.0252577143648815e-04 9.4872819353869018e-03 4.3701637706081405e-03
611 -1.3151087169288869e-03 5.8636225617595056e-04 8.6019414055353988e-03 4.3068610041962054e-03
612 -1.2589031520088714e-03 7.4805866516161092e-04 9.0644710274749279e-03 4.3410450115958293e-03
613 -8.3584001593307367e-04 5.2470149759031338e-04 2.6813327684026063e-02 4.8631405870310741e-03
614 -6.6695362613484305e-04 5.4158428344300378e-04 1.7930245417587119e-02 4.7101686077341198e-03
615 -8.9554147606414765e-04 4.7485863501691154e-04 -1.7451622613670552e-02 -7.2251266327738647e-03
616 -3.5747027691372012e-04 7.5260437988994983e-04 -1.7264524279480192e-02 -7.2146795272022184e-03
617 -2.0850689631458975e-04 6.5119227408526391e-04 2.0397088878365541e-02 4.7639896480970844e-03
618 -6.8551964778283225e-04 9.0295142321787604e-04 -4.0145666722407693e-02 -7.8576631898564214e-03
619 -3.5430748200952690e-04 8.4347859870082746e-04 -6.4514560541515491e-03 -3.2301457531471538e-03
620 -1.0129068300800657e-04 1.3736866512039478e-03 -4.0900557462764990e-02 -3.3029621868825507e-02
621 -1.9370678568109315e-05 8.3500317768799774e-04 -1.5269142366604588e-02 -7.0916068003256680e-03
622 -8.9554147606414765e-04 4.7485863501691154e-04 -1.5448490957754480e-02 -7.1036221575906076e-03
623 -1.3946244617942772e-03 4.2023970797486763e-04 -1.0129953039574547e-02 -3.4308008706266705e-03
624 4.9767062924623755e-04 6.0023603195946186e-04 -1.0847926689262419e-02 -3.4571150879463240e-03
625 5.6190237785412947e-04 7.0912783268052527e-04 5.6254800870533172e-03 4.0049554897259977e-03
626 1.1002730492807564e-04 9.2584132641597688e-04 -1.3243678132513519e-02 -6.9401165622176471e-03
627 5.7941852183921447e-04 8.8974164078856077e-04 -1.3343337999157328e-02 -6.9483225507232750e-03
628 6.6243175879254150e-05 8.2438797158679885e-04 -1.4060191609327933e-02 -7.0049174461802597e-03
629 -1.3156049310590886e-04 8.1046581149939070e-04 -8.2627641006063294e-03 -6.3833559873104880e-03
630 -5.5055190755904759e-04 7.3927418340921723e-04 1.5530992618625976e-02 4.6444090488701019e-03
631 -5.9086724677804995e-04 6.6834323425554948e-04 -2.4739775452691785e-02 -7.5315302635975776e-03
632 -1.0750944005403078e-04 7.1040640851969660e-04 -2.6731276032742984e-02 -7.5911464314800774e-03
633 3.8513297283358685e-04 9.3274755973695713e-04 -2.7541173084554827e-02 -7.6133374801056006e-03
634 -1.8396038016235772e-03 8.1934513865099831e-04 3.0155426036699996e-02 4.8999970269560499e-03
635 -1.4989877323741489e-04 1.1127961956204967e-03 -5.1123442074545111e-02 -7.9828416987764612e-03
636 -3.2444358423808087e-04 6.9713003916208440e-04 -5.5107875063980710e-02 -8.0173275719136444e-03
637 8.7348184126100363e-04 1.1189255351669453e-03 -5.8596241518634455e-02 -8.0441137497084085e-03
638 -1.0297801996772501e-03 7.6315591811293470e-04 2.5069058363173878e-02 4.8405474829153290e-03
639 -2.5740563303117514e-03 4.8493220945323951e-04 1.1873264927280584e-01 1.7268404234365497e-02
640 -2.6336301918347600e-03 2.6704800768847560e-04 1.2620728942475110e-01 1.7325783460910415e-02
641 -9.8480404722234554e-04 5.6752900151296965e-04 -1.9569496877134072e-02 -7.3325283737914219e-03
642 1.0822604575335342e-04 1.1468204200560331e-03 -2.0086686873704136e-02 -7.3560567957780204e-03
643 6.8079994996070748e-04 1.0410128589246274e-03 -1.1673753192891956e-02 -7.2288550911133150e-03
644 3.3863839591187928e-04 9.1704339531979207e-04 -1.2807402917029878e-02 -7.3443535202710915e-03
645 -1.4157602867124852e-03 7.0847538068846477e-04 4.8026393998748564e-02 5.0177793057544625e-03
646 -2.5286348332136062e-04 5.5827879926656466e-04 -9.2509738997480807e-03 -6.9262903159300867e-03
647 -7.8511036178279155e-04 1.4027157582108111e-03 -3.0639555885534256e-02 -8.2244688649951419e-03
648 2.4529186178113198e-05 6.7323506981271789e-04 -2.9427523920219245e-02 -8.1927315403129038e-03
649 3.2518748259769678e-04 7.9596491630617213e-04 -7.3559568807772631e-03 -6.2377752421655429e-03
650 4.1876574639268458e-05 7.5551920576719968e-04 3.0032159217540665e-02 4.8987653785964634e-03
651 6.6787988153143814e-04 8.4824971850185570e-04 1.4531698414298645e-02 4.6118293066818861e-03
652 -6.4357361008958111e-04 4.9452784926495884e-04 1.4078114265267354e-02 4.5958104422002101e-03
653 1.6088626027974604e-03 1.1575020142041803e-03 -4.5278094340559120e-02 -7.9227688364422681e-03
654 8.9767458936306996e-04 1.4090692625909626e-03 -4.0885059661390846e-02 -7.8679133940608801e-03
655 2.8412073337032297e-05 9.0163163876054095e-04 -1.9239875712956565e-02 -7.8051603152011180e-03
656 9.8119667008308233e-05 8.0928883159834544e-04 -1.9515317141350901e-02 -7.8197215893750470e-03
657 -8.0554488042644480e-04 8.1524141244047898e-04 2.4896906702336453e-02 4.8381694101223499e-03
658 -4.0268715979244440e-04 1.3126369770038728e-03 -3.9060398573122754e-02 -3.2727378078461634e-02
659 -1.3129703451218182e-03 7.3155451533004896e-04 2.0257200205507933e-02 4.7612361556187699e-03
660 -5.9466010799196298e-05 7.5802133829993071e-04 -3.0407586419863873e-02 -7.6838556561645878e-03
661 5.3624804356637047e-04 8.9036178534311324e-04 -3.3187310517543103e-02 -7.7423049760271916e-03
662 -1.2895247156118901e-03 4.6497798028730878e-04 6.4597319395391841e-03 4.1074571431877821e-03
663 -1.3800503520583042e-03 6.4030745642067643e-04 -3.6532323581953182e-03 -2.9214348654146853e-03
664 -5.7384109944718644e-04 6.9372604843425984e-04 9.7528228274631791e-03 4.3875001651885997e-03
665 8.1440790149114037e-04 1.0073661397340858e-03 -3.4357464194133769e-02 -7.7644886743086158e-03
666 -1.1389336072418512e-03 7.0083985764987330e-04 -9.3495232938242620e-03 -6.9403896625777383e-03
667 4.1404694021981200e-05 8.7363188088706992e-04 -2.7029515680689058e-02 -7.5994464687495732e-03
668 -9.0145355136440300e-04 7.7905291324250660e-04 -1.6513433818727479e-02 -7.1709591413055204e-03
669 -1.0447540331459532e-03 6.3125058796049873e-04 6.0827603338686528e-03 4.0632947337543917e-03
670 -1.0750944005403078e-04 7.1040640851969649e-04 6.6707161102239751e-03 4.1307743377790376e-03
671 -1.4418986231947899e-03 1.1211841510522223e-03 -1.5172353405202140e-02 -3.5705198430979390e-03
672 3.3597881382357322e-04 9.4041528242088637e-04 -1.3669639700822052e-02 -3.5379529550674349e-03
673 -6.4656733641180154e-04 6.4674802623021922e-04 8.0545990484714013e-03 4.2628833969618977e-03
674 4.0901827660390328e-04 8.8634439653718401e-04 7.8818850711038502e-03 4.2481329770027963e-03
675 -1.2002171038968678e-03 5.0813754426964083e-04 7.5608172447969441e-03 4.2194979482520654e-03
676 -9.1036107272156048e-04 5.0161785873989516e-04 -1.1210324828573820e-02 -6.7517471603911567e-03
677 -1.1180466635846590e-04 1.1425629023811986e-03 -4.0370549580682855e-02 -3.2944123308839862e-02
678 1.6089335425233098e-03 1.5295739858467397e-03 -4.1013412187633255e-02 -3.3047668824094108e-02
679 7.6178525167334033e-04 1.4196336078454231e-03 -4.0908742553854217e-02 -3.3030932628471871e-02
680 9.8627547806009954e-04 9.7879894270500728e-04 -2.1480237088346597e-02 -7.4149621702933807e-03
681 1.0669879891638410e-03 1.0524203980744596e-03 -2.1600874063912166e-02 -7.4197764231376459e-03
682 8.2861072086878429e-04 9.9299214806692856e-04 -2.0139098261333650e-02 -7.3583881600995452e-03
683 6.0385497654857163e-04 9.3195267044524196e-04 -2.1000993103879529e-02 -7.3954037964043548e-03
684 -3.0737574238262285e-04 1.0361787895294277e-03 -2.3287876529944376e-02 -3.6815124056079570e-03
685 2.7860013757107166e-04 9.2929688264063932e-04 -3.1491431312334783e-02 -8.2455482147191731e-03
686 8.6056221650384940e-04 1.5347083449936581e-03 -4.0203854322512327e-02 -3.2916976680319746e-02
687 4.6173602445314185e-04 1.1009084661690175e-03 -1.7815353225285897e-02 -7.7244741039300228e-03
688 6.9447191860169449e-04 9.2709986362178197e-04 -4.9040238115346330e-02 -7.9628699680660813e-03
689 -1.0443503674281555e-03 6.7804767049628987e-04 -8.5330909831376443e-03 -6.8180838942416755e-03
690 -5.8953839548695354e-04 6.2302379968491833e-04 -7.7827127732470244e-03 -6.6935664705557061e-03
691 -1.0561784886744441e-03 6.1995978972219205e-04 -2.7325557925917874e-02 -7.6075364302905547e-03
692 6.3057014691205360e-04 8.3501475686088952e-04 -2.0782336426106274e-02 -7.3862431213051775e-03
693 -1.8163497381212026e-04 7.0091441453778438e-04 2.5142030560228679e-02 4.8415469965354396e-03
694 -2.2105488327200647e-04 6.9696170554819773e-04 2.8497329931003582e-02 4.8826540189131854e-03
695 -7.1115415107682355e-04 6.6007014033057454e-04 2.8358001615024830e-02 4.8811163168893364e-03
696 -1.0087946966164934e-04 9.4248586976807761e-04 -1.0403162561910366e-02 -6.6639640984831839e-03
697 -5.2547537582799684e-04 7.4505076060148417e-04 -4.7172722476835946e-02 -7.9436617289411135e-03
698 -7.5587097876364398e-04 6.9664507256623153e-04 5.5472613581877793e-03 3.9944033122479971e-03
699 1.1176468225089201e-04 1.0779266467576363e-03 -2.3070721378199696e-02 -7.9828596314570014e-03
700 5.1264988376695372e-04 8.4448294054742588e-04 -2.3908991371641149e-02 -8.0156567912711175e-03
701 -1.6107701732783317e-03 5.9540085786533514e-04 1.5674638747985573e-01 1.7509243543555302e-02
702 -2.6103430809623911e-03 7.7490618055721177e-04 1.6809237899561999e-01 1.7562227570140618e-02
703 -3.8282371387518137e-04 6.9555986975523680e-04 -1.1269005321258218e-02 -3.4712741183334770e-03
704 6.9447191860169493e-04 9.2709986362178197e-04 -5.5125872876659862e-02 -8.0174733945268372e-03
705 1.2694407443784804e-03 1.1959613982721227e-03 -5.3097569360803017e-02 -8.0004952986941526e-03
706 1.3529243277284658e-04 8.7742392359453874e-04 -9.0809592231545465e-03 -3.3865040533857973e-03
707 -2.9725081243910188e-04 6.4054374638279068e-04 -8.3002144300522041e-03 -3.3479695489711447e-03
708 5.5090637377696455e-04 8.4663282480169921e-04 -8.4674593699550823e-03 -3.3566837714538228e-03
709 1.6250504274118790e-03 1.3054928028316778e-03 -2.8308610263872692e-02 -8.1614413403602488e-03
710 1.0256979597813133e-03 1.2015050115156084e-03 9.7091825246942900e-03 4.3846989923853634e-03
711 -1.1646094820454618e-03 8.0917313455783422e-04 4.3753501864207990e-02 4.9974127336272359e-03
712 -6.1198692164585861e-04 7.6986612842239004e-04 4.6068678849619502e-02 5.0088617039407007e-03
713 -2.9053514487515264e-03 7.1896422660949993e-04 1.3949888001373317e-01 1.7414322569085462e-02
714 -4.2764497964760227e-04 5.8112950479171331e-04 -3.8675085472706437e-03 -2.9542168474871069e-03
715 -5.5119216225610920e-04 6.3574075775077292e-04 -3.8172137902176087e-03 -2.9467104874655397e-03
716 -2.1347668135783420e-03 7.1624530463624289e-04 1.7243463884041382e-01 1.7580870270787842e-02
717 6.5003729528395810e-04 1.0318892053973437e-03 -2.6489492993964987e-02 -8.1059630829069442e-03
718 8.6522903324931500e-04 8.6823124356588774e-04 -4.7437362640088208e-02 -7.9464639034222007e-03
719 7.3924981423598071e-04 1.0360098151959093e-03 1.3152259971470058e-02 4.5603833939717045e-03
720 -1.8978447050929229e-03 4.2058670074946223e-04 1.4874085043698976e-01 1.7467599592103682e-02
721 -7.2136657401766541e-04 5.4130922485148576e-04 1.4476005685830315e-01 1.7445386818715717e-02
722 -7.9874679153276536e-04 6.7837161421955357e-04 7.3767193443799164e-03 4.2023235006598868e-03
723 2.8115054240550937e-04 1.0299351099445431e-03 -2.4416178196059474e-02 -7.5210939230558674e-03
724 1.4216964830178203e-03 9.6316910678953679e-04 7.6952567194222840e-03 4.2316863703842607e-03
725 1.0337907836471631e-03 9.2220666473766559e-04 5.3521056948703395e-03 3.9672893245164403e-03
726 -5.7606918894928129e-05 6.9146308073102778e-04 4.8709764775937579e-03 3.8952464872195804e-03
727 1.7673828297642995e-04 7.8334666007795224e-04 2.7093040945890767e-02 4.8665277388742828e-03
728 -5.8953839548695343e-04 6.2302379968491844e-04 2.2875372230608471e-02 4.8079503101292531e-03
729 -1.4880919857247589e-04 6.8242420592073017e-04 2.2477448341743304e-02 4.8014535011550990e-03
730 -1.9997143023500774e-03 5.5838071064828949e-04 -8.6184645437667948e-03 -6.4356177432356729e-03
731 5.7475191349079969e-04 7.8502062322432587e-04 -2.8697635305773760e-02 -7.6432061411972592e-03
732 2.3059727912203676e-04 6.7849045626653987e-04 -2.6189981383930243e-02 -7.5756835926821531e-03
733 -1.0690815724119667e-03 5.8075508900187972e-04 1.0647873419632430e-02 4.4411263619553104e-03
734 -9.1036107272156027e-04 5.0161785873989516e-04 1.7286355455003878e-02 4.6940163761957079e-03
735 -3.7118338980595076e-06 7.7010612542363632e-04 -9.6684283006617452e-03 -3.4122500550791968e-03
736 2.3910700550949871e-04 8.6688156802259989e-04 -1.0769240915261101e-02 -3.4543698256031320e-03
737 4.8743746414853429e-04 6.5927096339781941e-04 -1.0071801014364329e-02 -3.4285382906612616e-03
738 9.5166082163701982e-04 9.7828647454983159e-04 -2.5430472225022625e-02 -8.0707012866932989e-03
739 1.0982369356552892e-03 1.6595181659817004e-03 -4.0616949333986158e-02 -3.2984024690270036e-02
740 -2.2625743325981732e-04 1.1147110691362466e-03 -3.1031985517819174e-02 -7.6977547199569875e-03
741 -7.5226253583294763e-04 6.9568542637549083e-04 -2.9540245349938765e-02 -7.6637307987390615e-03
742 -9.2167127561307684e-04 5.5447029084432155e-04 -1.6543522316569768e-02 -7.1727676309165170e-03
743 9.5769151103814159e-04 1.1465689767409387e-03 -1.1484309643036403e-02 -6.7796990397376170e-03
744 -3.5977653309894955e-04 8.6197391878086338e-04 4.3508189669802237e-02 4.9961368220574707e-03
745 3.5396122367796983e-04 1.3313328191931532e-03 -4.1070274272093477e-02 -3.3056740958291239e-02
746 2.6725006840404384e-04 9.7850259154004266e-04 -3.1336035096005105e-02 -7.7043531602984348e-03
747 1.4841652738321798e-03 1.3000032158611071e-03 -4.5779802607815466e-02 -7.9284480287329477e-03
748 1.0556763896294888e-03 1.0050781908921386e-03 -5.0123168420612894e-02 -7.9734333543762387e-03
749 -3.3665886029487271e-04 5.5890819443382169e-04 1.9871473380891107e-02 4.7534734350286514e-03
750 -3.0802232299345417e-07 6.3917622322915096e-04 2.1739328415108502e-02 4.7888641189981155e-03
751 4.4260231731005210e-04 8.8135465266595361e-04 -1.3074717003331068e-02 -6.9260062098076107e-03
752 1.5935342384888355e-04 7.6816831736906609e-04 -8.3296508215661251e-03 -6.3933783079987835e-03
753 -5.7980531026462451e-04 5.3582510674869319e-04 -7.7178991845423114e-03 -6.2981412208076206e-03
754 -9.0572408824141906e-04 8.2954494714965112e-04 -1.1478080720014236e-02 -6.7790733351994316e-03
755 -1.2357200621832876e-04 1.0608809076563177e-03 -9.1795743301670459e-03 -3.3910062302765580e-03
756 -4.6343682030724483e-04 7.3841515819051014e-04 -5.3001112897619843e-02 -7.9996595580049852e-03
757 -1.1751907786488221e-03 -9.2409653704821342e-05 6.1674860675289172e-03 4.0735135372013068e-03
758 -8.7678978176365934e-04 5.1018544031017712e-04 -4.4988696023544765e-02 -7.9194428024984640e-03
759 -1.0801464432125352e-03 -6.0680051298509509e-06 -5.3464178072979360e-03 -3.1336814350813764e-03
760 -4.5491895025637924e-04 1.9879238655659743e-04 5.6180564981137705e-03 4.0039615374666462e-03
761 9.2643736909702574e-04 1.3816004375651677e-03 -3.9545499037035046e-02 -3.2808543016859461e-02
762 -2.8940048312115559e-04 9.9762802780170557e-04 -4.9502758602671280e-03 -3.0923294297934643e-03
763 -6.7779068600640614e-04 7.2021754422271214e-04 5.6078383206079581e-03 4.0025908464573594e-03
764 -2.4885491924499237e-04 6.4314786531974538e-04 -3.9927912613152532e-02 -3.2871766277617814e-02
765 -2.4254699268633632e-04 6.7388363050171476e-04 -1.1255842344330141e-02 -3.4708445971416350e-03
766 -8.1426491555639430e-05 7.2801028812082783e-04 -1.2159014741746388e-02 -6.8449203212267206e-03
767 -7.3654703804925965e-04 6.8415285668784907e-04 -1.1072989871995599e-02 -6.7373977664332363e-03
768 -8.9554147606414765e-04 4.7485863501691160e-04 2.5793806979181017e-02 4.8502566868864833e-03
769 -1.3946244617942781e-03 4.2023970797486719e-04 1.2449086977183461e-01 1.7313143563275374e-02
770 1.5958796963832756e-03 1.0870194597694955e-03 -5.0704607164960787e-02 -7.9789417836423765e-03
771 1.2403987824574788e-03 1.2820256267612974e-03 -3.8788143148819960e-02 -3.2681345508314107e-02
772 2.8639914043040169e-04 2.0097194583215515e-04 -5.2669470430481410e-02 -8.5739723185727541e-03
773 1.4051297856345122e-04 8.6102911244236287e-05 -5.8626318362122246e-02 -8.6281417881268630e-03
774 1.3494396874706960e-04 1.1294045405136565e-03 -3.6591360437501289e-02 -7.8034460360457197e-03
775 -1.2117364289885521e-04 8.4388322271351259e-04 -7.4776820245689886e-03 -3.3008884495761871e-03
776 -3.0583673926861679e-04 6.3050346592014234e-04 2.0754238237553801e-02 4.7708759929376019e-03
777 -3.8587517383616662e-03 2.2462794746673764e-04 1.6809237899561999e-01 1.7562227570140618e-02
778 -1.3501370773625857e-03 4.5103391670718796e-04 1.4874085043694488e-01 1.7467599592103440e-02
779 5.3255631793966559e-04 7.7460491995781937e-04 -6.1852485537014182e-02 -8.0667044806867136e-03
780 1.3309629501662022e-03 9.6149000674314203e-04 -5.9366324636402922e-02 -8.6342021171827484e-03
781 5.7475191349079969e-04 7.8502062322432576e-04 -5.6148470607085561e-02 -8.6068332975655741e-03
782 -7.2008076797398356e-04 6.6264989062808947e-04 1.8068072722879441e-02 4.7135004782755344e-03
783 -1.1669384581166585e-03 7.3359658435794158e-04 9.6131090871751819e-03 4.3784663835966745e-03
784 2.1938134065554719e-04 7.8506735830038879e-04 1.1542705695704279e-02 4.4883291029671670e-03
785 -8.5920620601387561e-04 1.2568560222056503e-03 -4.0203854322515373e-02 -3.2916976680320245e-02
786 -2.0880884674429352e-03 6.4667397218953044e-04 3.4921167327375782e-02 4.9417067391172636e-03
787 -2.9725081243910204e-04 6.4054374638279090e-04 3.6327416401236941e-02 4.9521625327314835e-03
788 -8.2034061267452268e-04 7.9157110342980988e-04 -1.3709309111433556e-02 -6.9777364486039847e-03
789 -2.4885491924499226e-04 6.4314786531974506e-04 4.0757515262454483e-02 4.9809080938409446e-03
790 -3.7803192771039106e-04 6.3828825895179250e-04 4.1598176877620047e-02 4.9857504695813744e-03
791 3.4025946949879540e-04 5.4905087051828412e-04 -1.3556151482377354e-02 -6.9655624041758644e-03
792 -7.5226253583294807e-04 6.9568542637549104e-04 1.6124037597366825e-01 1.7531015963792449e-02
793 3.1258292483203436e-04 8.1374114532135108e-04 -4.0999637968016651e-02 -7.8694731261456635e-03
794 1.3582683436066791e-05 8.6574077879388901e-04 -2.9392045480497488e-02 -7.6601924680336445e-03
795 2.2142759068223506e-04 1.1554203452948818e-03 -8.2750017685304638e-03 -6.3851965837283132e-03
796 3.4653969441920880e-04 9.3251963665774891e-04 -7.7285582164114408e-03 -6.2998718028791680e-03
797 2.0555807596305708e-04 1.3353421694110466e-03 8.2499416606288418e-03 4.2790468419567820e-03
798 5.1264988376695383e-04 8.4448294054742545e-04 -6.2245434885917307e-02 -8.6565717816376869e-03
799 -4.7631025425642909e-04 6.7457246730090340e-04 -5.9407340191336658e-02 -8.6345341384883242e-03
800 -1.2716927783783540e-03 5.6859233666392713e-04 5.6345698248092026e-03 4.0061703917576661e-03
801 3.5464240009791217e-04 8.3135227099317239e-04 6.4456432266989825e-03 4.1058655682577015e-03
802 -2.5286348332136045e-04 5.5827879926656423e-04 9.7172812737190348e-03 4.3852202344404094e-03
803 -2.2778851515043424e-03 1.4176885252910991e-03 -4.1281547746289872e-02 -3.3090327004354721e-02
804 -1.1957275564926455e-03 4.9642935954399478e-04 -3.5230511129252240e-03 -2.9004499656721605e-03
805 -2.2426681132958352e-04 7.5646638984095782e-04 4.8026393998748564e-02 5.0177793057544625e-03
806 -1.1388255039866590e-04 8.7051484689086469e-04 -1.4061104228981084e-02 -7.4571430670656250e-03
807 9.1727491735153733e-05 1.1124040968666326e-03 -3.6652032518919596e-02 -8.3552939086674570e-03
808 -1.6193218803308096e-04 6.8574894457507334e-04 -5.1106107101518148e-03 -3.1095681998922625e-03
809 -3.8693808351138431e-05 9.2223754354537886e-04 -6.7415774122680369e-03 -3.2517174887320048e-03
810 1.9028735750831820e-04 9.6361700711146566e-04 -2.1709021682801130e-02 -7.4240559492676174e-03
811 -9.2079893115089775e-06 6.5649890688745461e-04 3.0177508215698135e-02 4.9002167368339062e-03
812 -9.2079893115089775e-06 6.5649890688745461e-04 2.3037908944932118e-02 4.8105484337815502e-03
813 5.6276348826260253e-04 8.4891405304459041e-04 2.0319408072310492e-02 4.7624646026044482e-03
814 -5.7393035026775984e-04 5.5175761414413143e-04 2.2203097292880773e-02 4.7968580083436888e-03
815 -1.2117364289885527e-04 8.4388322271351270e-04 -7.6332774113379853e-03 -6.2843082589563483e-03
816 -2.7733918758155964e-04 1.0881452720702719e-03 -1.0502590366909859e-02 -6.6752410417989950e-03
817 -2.0761981483860934e-03 4.9889958025346823e-04 -1.0498527021306162e-02 -6.6747828434225486e-03
818 -1.1656548810197911e-03 7.0691119298058221e-04 -1.9787856089084854e-02 -7.3425795393883249e-03
819 -4.6343682030724467e-04 7.3841515819050981e-04 -1.3462251498896242e-02 -7.4050526191892741e-03
820 -1.0443503674281557e-03 6.7804767049628998e-04 -2.2634897743181035e-02 -7.4593464559193383e-03
821 -1.5744060657224203e-03 5.5970166656791221e-04 1.9433487036398737e-02 4.7443430534257289e-03
822 -3.4762312767024650e-03 4.8849086947380280e-04 1.6511817884940555e-01 1.7548960483375155e-02
823 3.2518748259769694e-04 7.9596491630617213e-04 -1.2995190547875580e-02 -7.3621806755207889e-03
824 -1.6193218803308088e-04 6.8574894457507345e-04 -8.7071624810580086e-03 -3.3687219957135198e-03
825 -5.7606918894928217e-05 6.9146308073102811e-04 7.5433867580353593e-03 4.2178961541453636e-03
826 -5.9940184323476983e-04 5.8369938260359109e-04 -7.1154614515401759e-03 -3.2776228279561052e-03
827 1.3262515966151836e-03 9.4885888517603470e-04 -6.0613966929005440e-02 -8.0583638200203422e-03
828 -1.0498209870204260e-03 6.3471142286962586e-04 5.2372376831208919e-03 3.9507835078628076e-03
829 -5.4596800960318832e-05 8.3944494675938449e-04 -1.1406940013149177e-02 -6.7718952609876993e-03
830 -1.3079607982231204e-03 6.9943653268409573e-04 -1.2500662106117940e-02 -6.8761202892471838e-03
831 -1.4779460475490270e-05 7.9529104863327010e-04 -3.2794671444777351e-02 -3.7479536282633958e-03
832 6.3433848223068575e-04 9.7638478298051068e-04 -3.1045108631110648e-02 -3.7384405013606873e-03
833 -6.1332057522384007e-05 8.1552946282226733e-04 -2.6786364121531497e-02 -3.7107743823066295e-03
834 1.5935342384888339e-04 7.6816831736906631e-04 -1.3362864936127912e-02 -6.9499203885430858e-03
835 1.5490187739344509e-03 1.2175802245990655e-03 -7.8160834624984507e-03 -3.3211608314391455e-03
836 -3.7803192771039106e-04 6.3828825895179229e-04 -7.8623569682216340e-03 -3.3238307830998522e-03
837 -6.1276399315421273e-04 7.4771923678682928e-04 1.4122971015725780e-02 4.5974316171838951e-03
838 1.1193556080581217e-03 1.2916529325033479e-03 7.4718303217952194e-03 4.2112675952343083e-03
839 7.5276721456413046e-04 1.1799042638395169e-03 -3.9381009532970246e-02 -3.2781143119510969e-02
840 -8.9627532315634010e-04 5.4321897384842989e-04 -1.4106690607749092e-02 -7.0084473476186553e-03
841 -2.4885491924499220e-04 6.4314786531974495e-04 -5.6118529577291023e-03 -3.1591939944123327e-03
842 -2.1130558161967824e-03 4.4939459771544516e-04 -3.8842289997507537e-02 -7.8387761421144630e-03
843 1.3722219432085449e-04 1.5933976855245341e-03 -4.1866395992178347e-02 -3.3182309598135541e-02
844 5.7941852183921437e-04 8.8974164078856033e-04 -1.7005242229008309e-02 -7.6741354102707153e-03
845 1.1830148777474039e-03 1.0235815619803051e-03 -1.8743762895855401e-02 -7.7781145775958349e-03
846 6.4355200478799892e-04 9.7062866631206864e-04 -1.2400423971347024e-02 -6.8670873655048235e-03
847 -7.6891379403481097e-04 7.0734113762501404e-04 -1.3144229381537436e-02 -6.9318418392864478e-03
848 -4.2764497964760222e-04 5.8112950479171331e-04 2.6277855348708853e-02 4.8564819269485615e-03
849 6.4359569364433948e-05 9.2716367479479800e-04 -8.0825084015273448e-03 -6.3558807401435076e-03
850 -2.9360628486944798e-04 9.3913382897715752e-04 -7.6332774113379853e-03 -6.2843082589563483e-03
851 -1.1864421353855123e-04 8.5932978002779500e-04 -7.4674291389793500e-03 -6.2567046326470772e-03
852 -1.4779460475490338e-05 7.9529104863327042e-04 -2.0700383824851950e-02 -7.8789379072283089e-03
853 -6.7597400452294246e-05 9.3684641687470107e-04 -3.9180988463841000e-02 -3.2747656442613168e-02
854 9.9979976543349870e-04 1.1377396015595453e-03 6.1391824174057644e-03 4.0701193231022365e-03
855 1.3272904710262302e-03 1.0934093245723489e-03 -3.8177023074861552e-02 -7.8287081343624779e-03
856 -2.4910583057947521e-05 6.8913099738588269e-04 1.6176348722212970e-02 4.6636807659201432e-03
857 -5.7393035026775995e-04 5.5175761414413143e-04 -5.9250206249788898e-02 -8.6332599499048673e-03
858 9.8316771809752335e-04 9.0592476156408871e-04 -5.4295769048374527e-02 -8.5897922776392126e-03
859 1.0484623454333059e-03 9.6224839991489110e-04 -6.7210026398497894e-02 -8.0996438801180116e-03
860 6.3057014691205305e-04 8.3501475686088952e-04 -5.8037122263318239e-02 -8.0400111616643621e-03
861 -7.3899637048636350e-04 1.2413611644837804e-03 -3.1619127265039015e-02 -8.2486258369821840e-03
862 -1.5744060657224205e-03 5.5970166656791188e-04 -7.5601689335508190e-03 -6.2722214591054860e-03
863 3.2518748259769683e-04 7.9596491630617224e-04 -4.1691977997715263e-02 -3.3155028887019988e-02
864 2.4820474760476236e-04 7.5963342945887429e-04 -2.1631816633219836e-02 -7.9219073185301751e-03
865 3.1258292483203441e-04 8.1374114532135129e-04 -3.0446564229844576e-02 -7.6847373563124748e-03
866 1.3142741928197740e-04 8.1211813571453685e-04 1.6090050903615416e-01 1.7529406908855415e-02
867 1.1253066910217595e-03 9.9330178395791902e-04 5.8215212857253449e-03 4.0306475872904828e-03
868 2.1262748661627438e-04 8.0464975749943986e-04 -2.8846878046391886e-02 -7.6469145940353004e-03
869 2.6964454592526412e-04 7.0447038418628794e-04 5.8795312829391638e-03 4.0380499856551852e-03
870 4.0684677906436211e-04 9.3815183389635737e-04 -2.2913618236772324e-02 -7.9765006826280887e-03
871 6.8971547203228992e-04 1.0320283250761096e-03 -6.7371037463072422e-02 -8.6922024430392403e-03
872 -1.1756264428260019e-03 -2.2009064601093530e-04 1.0710721654774517e-02 4.4446369014833351e-03
873 -2.1525745997702332e-04 7.1502818944709293e-04 -6.4938553793863124e-02 -8.6759100597024411e-03
874 7.9205959631373712e-04 9.4058163409435841e-04 -7.0603695445160861e-02 -8.1182141094567530e-03
875 -3.3771249757539370e-05 7.7902373938255616e-04 -1.4017407086590635e-02 -7.0016548397934817e-03
876 -2.6672708399932794e-05 6.2453031563441388e-04 -3.4478680507747328e-02 -3.7563014804690184e-03
877 -2.2426681132958358e-04 7.5646638984095793e-04 -1.0644830584270140e-02 -7.1107657840701836e-03
878 -1.6749210640847764e-04 5.6315992703801713e-04 -1.2578256396885923e-02 -3.5102603624607297e-03
879 -1.2180395022123907e-04 1.5658034603134447e-04 -3.1020012183922106e-02 -3.7382971754390828e-03
880 -2.1525745997702332e-04 7.1502818944709304e-04 -4.1403300059546934e-02 -3.3109595141366431e-02
881 -6.3463676724192424e-04 5.6405073240665504e-04 -5.0457065814879486e-02 -7.9766102121505752e-03
882 -1.0801464432125382e-03 -6.0680051298529533e-06 2.0591174330374218e-02 1.7498253800102878e-02
883 -9.0683010676505357e-04 1.8117643331222975e-04 2.0800318903947054e-02 1.7504306161683175e-02
884 -1.4546494180968433e-03 -5.7106948440004514e-04 1.9264191846245043e-02 1.7456596922466275e-02
885 -1.1630537791582900e-03 1.3129492959144568e-04 1.8896840629102324e-02 1.7443963555513912e-02
886 -1.1751907786488206e-03 -9.2409653704819661e-05 1.9212176423481116e-02 1.7454839341684025e-02
887 -1.3965813489943619e-03 -4.0550581073531229e-04 1.7669157213997248e-02 1.7397662382242052e-02
888 -1.4192785763074462e-03 -7.0438160626854548e-04 1.7574922152736712e-02 1.7393822047127146e-02
889 -1.2817861602585140e-03 -5.5228619963020433e-04 1.8671963474704640e-02 1.7435968329511723e-02
890 -1.4549041171517034e-03 -6.2978204205553577e-04 1.8662723174541845e-02 1.7435635406353466e-02
891 -4.5491895025731046e-04 1.9879238655578935e-04 2.0306044736459691e-02 1.7489789757004045e-02
892 -1.0229925531569574e-03 -2.8299785875179857e-04 1.9388324601265102e-02 1.7460750785222540e-02
893 -1.4780038751653454e-03 -6.1953315121024356e-04 1.5983339673214116e-02 1.7321584522850472e-02
894 -1.4238845348318063e-03 -1.4291262161732495e-04 1.6375417439712110e-02 1.7340782106450667e-02
895 -1.0501634984542291e-03 -4.7741751300255179e-04 1.5683310655550335e-02 1.7306194859974602e-02
896 -1.2180395022123815e-04 1.5658034603134577e-04 2.0928071494826835e-02 1.7507940227097851e-02
897 1.4051297856343951e-04 8.6102911244232588e-05 1.7410241485605094e-02 1.7387003897435811e-02
898 -1.1178036255366376e-03 -5.2286152122600811e-04 2.0971040954252142e-02 1.7509152023833484e-02
899 -1.0260716119036308e-03 -4.8164074792052383e-04 1.9789506497966125e-02 1.7473797039337522e-02
900 2.8639914042974813e-04 2.0097194583135918e-04 1.5022894783111577e-02 1.7269978166636040e-02
901 -1.2243039999220592e-03 -5.2088405033329211e-04 1.6126152875957662e-02 1.7328693528596797e-02
902 1.3578942985543660e-04 3.2457312457297768e-04 1.7692012130286122e-02 1.7398587183141277e-02
903 -5.5346496069053058e-05 2.7661294422473245e-04 1.6542397074270503e-02 1.7348661149811671e-02
904 4.8743746414853473e-04 6.5927096339781941e-04 1.6368542915907003e-02 1.7340454021873022e-02
905 -4.9071140330049555e-04 -1.5251442682549007e-04 1.5187625578448495e-02 1.7279330151124882e-02
906 2.3059727912203086e-04 6.7849045626653726e-04 1.5125367893925800e-02 1.7275821545876990e-02
907 -8.6791266585761599e-04 -1.9513111392238346e-04 1.5208508955979146e-02 1.7280500116007024e-02
908 -9.0590155281354448e-04 -1.0315461577103523e-04 1.5930795554823164e-02 1.7318934415698255e-02
909 -1.1756264428260026e-03 -2.2009064601093684e-04 1.7233888779851096e-02 1.7379547548103211e-02
910 -1.4032776542614818e-04 4.4103146596736798e-04 1.4882077761424074e-02 1.7261806451283723e-02
