911 4 BEM3DMeshData
0 -1.7258983712033628e-04 7.0038565934572438e-04 5.9176669875612284e-03 4.0428679870076695e-03
1 3.1256880183204872e-04 8.1746403019565821e-04 5.6143843729647329e-03 4.0034692925941945e-03
2 -1.6330593048542423e-04 7.4598969121499482e-04 6.0929661901121222e-03 4.0645349950250683e-03
3 -1.4129066999732913e-04 7.5993629052122417e-04 1.5040500572631189e-02 4.6288593035318393e-03
4 -4.7875575735539848e-04 6.2110888846281416e-04 1.6252331353883050e-02 4.6658664871942496e-03
5 -1.6700644606207907e-04 7.3650998870649590e-04 1.6483943054939956e-02 4.6724260187560691e-03
6 3.5397725895213334e-04 1.0485196636478575e-03 -2.8554827021243481e-02 -8.1685007892089625e-03
7 -1.3997705349251045e-04 9.5100435182743489e-04 -2.9180552297492637e-02 -8.1859963231249201e-03
8 -2.9030579980466833e-04 9.2470647169737275e-04 -2.6299768486638390e-02 -8.0998163603490363e-03
9 6.8117816901341031e-04 1.8899156957802449e-03 -4.1403300059546934e-02 -3.3109595141366431e-02
10 6.0251370073381922e-04 1.8075192969311258e-03 -4.1304250771134164e-02 -3.3093924711139935e-02
11 3.6080775865438854e-04 1.9342126891807596e-03 -4.0861870283865981e-02 -3.3023422571985983e-02
12 -1.1705643005804093e-03 8.9800753804682209e-04 -7.2268047180150960e-03 -6.2154545798017288e-03
13 -1.2783187721363532e-03 6.8657238549298051e-04 -8.0169389206834352e-03 -6.3457143334973371e-03
14 -6.1747746676654692e-04 9.1247116835010988e-04 -7.9235844843420986e-03 -6.3310779017958421e-03
15 -4.0175091084153727e-04 1.2712301744013986e-03 -1.0687646224251085e-02 -6.6958723830982695e-03
16 5.6620222600857414e-05 1.3256233177592564e-03 -1.0170921829987009e-02 -6.6370846661692783e-03
17 1.5081782842742635e-04 1.3226486361421143e-03 -9.7939301533518756e-03 -6.5917749925610957e-03
18 -7.7044056591249921e-04 8.5086085733598210e-04 1.6431288795436077e-02 4.6709482346639136e-03
19 -5.6225739887008305e-04 7.7246961958460760e-04 1.6388319336010770e-02 4.6697364379282786e-03
20 -5.7949427318887523e-04 7.9749373405666216e-04 1.7839357761928680e-02 4.7079478754356021e-03
21 -6.8387151128151730e-04 6.8099858938500059e-04 6.6637338819205225e-03 4.1300178873260613e-03
22 -2.9515741720718020e-04 7.0699283884700925e-04 6.0479333753187883e-03 4.0590429410042048e-03
23 -4.5452403199846571e-04 7.9531031793249752e-04 6.5047105029236501e-03 4.1125088889732292e-03
24 1.3062391530837738e-03 1.1958139721119335e-03 -2.1060322058823248e-02 -7.8958944384531198e-03
25 1.0481558831433029e-03 1.1447942466855149e-03 -1.8931255458421236e-02 -7.7884624094193269e-03
26 1.4467526099122565e-03 1.2760713048778423e-03 -1.9613046030069265e-02 -7.8248126769423151e-03
27 -3.6246261247612692e-04 1.1154965704384323e-03 3.0388269807182296e-02 4.9022996829682624e-03
28 -2.4586497370508015e-04 1.0277426342952512e-03 3.0787626084031718e-02 4.9061780024522057e-03
29 -2.5992604439080235e-04 1.1274899994501593e-03 3.4104615675577481e-02 4.9352890459464739e-03
30 -8.9232726016603514e-05 1.1560357467655718e-03 5.3069694780871453e-03 3.9608530704233992e-03
31 -1.3065936365383056e-04 1.0140863310886344e-03 7.8080283669496459e-03 4.2416887633151597e-03
32 -8.2243091454087134e-05 9.8359098289210419e-04 7.0796146894655503e-03 4.1733609117483366e-03
33 -1.2830438730706301e-03 8.0888205397369089e-04 7.3441322724589111e-03 4.1992233741045774e-03
34 -1.9928833458863217e-03 5.2521395085832823e-04 3.4259975070818426e-02 4.9365307764006137e-03
35 -1.6555181553929738e-03 6.1833506670496915e-04 3.8132922820521886e-02 4.9645872215928217e-03
36 4.0323402548514352e-05 1.1212459769069027e-03 3.8900662714561350e-02 4.9695618320394798e-03
37 1.0802524031249528e-03 1.3516109801714428e-03 -5.5485753384755761e-02 -8.0203717909966242e-03
38 7.7126069979309919e-04 1.0410909090887146e-03 -6.3470275656231923e-02 -8.0771665247994975e-03
39 -1.3377931578621076e-03 6.4974131892550017e-04 -6.1566488057409073e-02 -8.0648046982359327e-03
40 -3.8584920963062250e-03 3.8119492219354051e-04 1.5206949788188490e-01 1.7485384235753007e-02
41 -2.5995699031804639e-03 5.4766346365404592e-04 1.5122487458222808e-01 1.7480936872314421e-02
42 -4.6422711017327202e-03 2.6279871529032243e-04 1.5802745899538326e-01 1.7515561297427224e-02
43 -2.1296606349121413e-03 5.3175664789140663e-04 1.4809156227021542e-01 1.7464048462815386e-02
44 -3.9615938800792953e-03 4.2418072485338139e-04 1.5313725652472795e-01 1.7490944567695323e-02
45 -3.5116868927174941e-03 4.0397103252144212e-04 1.4450873664617253e-01 1.7443948303643545e-02
46 -2.6913244245889722e-03 4.2262838614696388e-04 1.2694136621035031e-02 4.5413437589336414e-03
47 -2.3535807176917759e-03 5.1620156136342101e-04 1.1443587514398050e-02 4.4833807336809011e-03
48 -2.1675207364247164e-03 5.4469433831098467e-04 1.1948655098884252e-02 4.5079285832928841e-03
49 -4.4956421230642959e-03 2.7400262287458001e-04 1.6235757685414176e-01 1.7536263310494724e-02
50 -4.4774322341971521e-03 2.9314667543513180e-04 1.6867663883895853e-01 1.7564785245563014e-02
51 -1.0046702138411330e-03 6.5765059840989495e-04 1.5899292971053738e-01 1.7520263250665517e-02
52 -6.8791119868512958e-04 6.0838410102012305e-04 1.1828790757058257e-02 4.5022502327018918e-03
53 -4.0178715797653433e-04 6.2496170236345380e-04 1.3093496135298472e-02 4.5580003900731938e-03
54 4.4280403882021737e-04 1.2149807327664739e-03 1.2784957486735976e-02 4.5452040686747401e-03
55 6.2384834896197204e-04 1.2758611542948040e-03 -4.7826914845772658e-02 -8.5213554585914595e-03
56 1.3808267231787594e-03 1.4559066931272009e-03 -4.4211334610720888e-02 -8.4756023011050095e-03
57 1.0610525602604275e-03 1.0471985955324285e-03 -4.3972808150038997e-02 -8.4723553133242060e-03
58 7.9189259972289861e-04 1.0319684308932129e-03 -3.2788607632140303e-02 -8.2758709991057403e-03
59 2.7210093499762560e-04 9.5782784592830003e-04 -3.6488383008040567e-02 -8.3522209940160175e-03
60 8.4199902495934412e-04 1.1526058971017489e-03 -3.3622299211169944e-02 -8.2943141109807720e-03
61 9.7311885826525122e-04 1.0519778536860428e-03 -4.9811106188628142e-02 -8.5439930485538551e-03
62 1.1157364413056400e-03 1.1552903632646924e-03 -4.6289457110467461e-02 -8.5026586629536119e-03
63 -5.6461580777103249e-05 8.0197394936328144e-04 -2.1948231585744857e-02 -7.4334018863577867e-03
64 4.1591716367833875e-04 8.9935280310341392e-04 -2.2777459449546376e-02 -7.4645748530863375e-03
65 1.3523716580394370e-04 8.4023479796318786e-04 -2.0959972313306489e-02 -7.3936967642298226e-03
66 -7.0245833870782848e-04 6.1426710436320931e-04 1.2339233646346700e-02 4.5258309418020623e-03
67 -1.1767456872110423e-03 5.7039110489047332e-04 1.1302322960794073e-02 4.4762129469965699e-03
68 -5.3938076229240097e-04 5.9640576890161907e-04 1.2444314072228149e-02 4.5304965232323352e-03
69 7.1005570409498925e-04 1.0075820512383943e-03 6.2884329170692487e-03 4.0878016100581623e-03
70 7.7478547945987453e-04 1.0282254443930508e-03 6.5456883892813589e-03 4.1170726954367857e-03
71 1.0064711173662928e-03 1.0752990515369672e-03 -4.0272107093619280e-02 -7.8594391030384486e-03
72 9.0930988977031403e-04 1.2983500805281484e-03 -4.1760286592492910e-02 -7.8796393561888813e-03
73 1.0849998272252177e-03 1.2873526715064096e-03 -3.7636728577765254e-02 -7.8203062222126640e-03
74 1.2656048803977706e-03 1.2927728353569112e-03 -1.2286606766040676e-02 -6.8567097409639949e-03
75 -1.2693017229817932e-03 8.6674466128861102e-04 -1.1628458836160397e-02 -6.7940550052995883e-03
76 -3.5350962386124663e-04 9.7532366148972351e-04 -1.2724171439520334e-02 -6.8959105369811226e-03
77 -1.0459279441246549e-03 8.4420037460515899e-04 3.8497735693184244e-02 4.9669728245938525e-03
78 -1.5619813718427604e-03 8.0058732683307131e-04 4.1194118392710387e-02 4.9834447514029408e-03
79 -1.1247649831830834e-03 8.3525803832331736e-04 3.6061594835536261e-02 4.9502410839365714e-03
80 -1.8178229700344392e-03 7.5401282540647643e-04 1.0895524246833052e-02 4.4547809362400223e-03
81 -6.7486754337057326e-04 6.8513572742469374e-04 1.1821886321618522e-02 4.5019204221455012e-03
82 -2.5560330618569081e-04 7.5832513274137249e-04 -1.6542827994908336e-02 -7.1727259536493075e-03
83 -2.6523899339559484e-04 8.1037396591575740e-04 -1.7838749702059849e-02 -7.2462123207954381e-03
84 6.6235016059214681e-04 1.0776878693055617e-03 -1.8212114170778608e-02 -7.2658974857321519e-03
85 -9.3871633447552272e-04 7.8578600145252009e-04 6.5861121612968664e-03 4.1215391528276399e-03
86 -1.0425366504713393e-03 8.3690936664947916e-04 6.5418952597598090e-03 4.1166517793027107e-03
87 -1.2516950359539880e-03 7.1691575414052730e-04 -3.6708704372549722e-02 -7.8053796926543439e-03
88 1.0866145976973675e-04 1.1164881113225305e-03 -3.5615306736196707e-02 -7.7869395308108645e-03
89 -7.9247664016718008e-04 1.0462031998104289e-03 -3.2818897024220556e-02 -7.7350425647754878e-03
90 -2.5828268323189736e-03 5.8822981781469466e-04 1.7331412451623826e-01 1.7584545686599697e-02
91 -2.1840992633322333e-03 5.4263923643773672e-04 1.7658878747484993e-01 1.7597946207982280e-02
92 -5.1340989014650355e-05 7.4118879375189369e-04 -3.0060776166683404e-02 -7.6759259104285781e-03
93 1.5059581848145842e-05 7.3789624831663704e-04 -3.3104133670995010e-02 -7.7406773586323517e-03
94 2.6087234319652349e-04 8.3345477998241142e-04 -3.3192162994799927e-02 -7.7423997157499052e-03
95 5.5320677383533586e-04 9.3287435169548468e-04 -3.7082979812036426e-02 -7.8114768845437806e-03
96 -1.4445429604301841e-04 8.4940234337559648e-04 -3.4887694711907093e-02 -7.7741213603505941e-03
97 9.6725361890084242e-04 1.0165640529939022e-03 -3.7413083347207284e-02 -7.8167673424758988e-03
98 -9.4049910241547911e-04 6.1200984719853241e-04 -1.2118916773241275e-02 -6.8411807587435772e-03
99 -1.3749813627280615e-03 5.1317181347439720e-04 -1.2701475292101675e-02 -6.8939227176669218e-03
100 -1.0693326105081465e-03 7.5207274818198350e-04 -1.3458911097163231e-02 -6.9577323750830509e-03
101 7.2393651253994560e-04 1.3096680426834789e-03 -3.0534701833387676e-02 -7.6867240803788917e-03
102 7.0773269013805953e-04 1.4270703308359527e-03 -2.9336873161067447e-02 -7.6588675465468848e-03
103 1.1323778914326822e-03 1.4785952363676172e-03 -2.7252888859919500e-02 -7.6055641186649143e-03
104 -9.3503794949929256e-04 5.3189238038391334e-04 9.6306119016040161e-03 4.3796086609665733e-03
105 -1.8958911102068480e-03 4.4751710815037053e-04 9.1644901841035856e-03 4.3481089674560994e-03
106 -6.7957331361855977e-04 6.1346428009402998e-04 9.9203048399011222e-03 4.3980808542267236e-03
107 -2.1840992633322329e-03 5.4263923643773672e-04 4.9254583520209816e-03 3.9038011291924160e-03
108 -1.4155864505615880e-03 5.2824792981930415e-04 4.9049385879665021e-03 3.9005916337670581e-03
109 -1.2172401862087776e-03 5.9281215063738003e-04 5.2869152278529653e-03 3.9579729415669881e-03
110 -3.3318711915062500e-05 9.7916060824325022e-04 -3.5726399407684604e-03 -2.9085429874288328e-03
111 2.0909163705575553e-05 9.6950816509549457e-04 -3.6161322375899952e-03 -2.9155397734299360e-03
112 2.0959479149330659e-04 9.7218456419010399e-04 -3.7717953183173925e-03 -2.9398344051694801e-03
113 7.7729030303398395e-05 9.8975442942286253e-04 -1.2038566628668614e-02 -3.4950375081999794e-03
114 3.7185782514273631e-05 9.6822220916450530e-04 -1.3513064278681979e-02 -3.5342106999466435e-03
115 4.4408110093458245e-04 1.0362602104552641e-03 -1.2504160610471387e-02 -3.5082349640337051e-03
116 1.3340646275950794e-04 9.4895218195184094e-04 -1.9708391511531639e-02 -3.6423614452114209e-03
117 2.3902538004001104e-04 9.2869547184397589e-04 -2.2633131161773599e-02 -3.6751625526254290e-03
118 1.0465857249473528e-03 1.0604038016271669e-03 -2.2107973604973279e-02 -3.6698325714280009e-03
119 6.2939429051676020e-04 1.0719176900009231e-03 -1.7631783923559359e-02 -7.7133693591504562e-03
120 4.6461754344929019e-04 1.1398269019225412e-03 -1.6077469539085544e-02 -7.6119612581141867e-03
121 1.8598118826199664e-04 1.0462697569966367e-03 -1.5874656920661329e-02 -7.5976706613469225e-03
122 -7.5438971415360347e-05 1.0302077557487427e-03 -2.3882849167201931e-02 -8.0146618708901440e-03
123 8.2856948502427782e-04 1.1251588828344755e-03 -2.3498950186851695e-02 -7.9998476702609726e-03
124 4.8496151756817393e-04 1.4233782923884859e-03 -9.0466826747646785e-03 -6.4953012436644569e-03
125 3.0044232086992947e-04 1.3450173204262055e-03 -9.3221252936570922e-03 -6.5319480194322051e-03
126 2.4608854654219279e-04 1.4346954353477485e-03 -8.4823059784897153e-03 -6.4159110359756806e-03
127 1.6124092032423050e-04 1.2255269255877898e-03 -2.4830896372900934e-02 -7.5344288240017862e-03
128 2.6018210350202013e-05 1.0610742509846616e-03 -2.2698172342634167e-02 -7.4616735575014541e-03
129 1.5753275432566077e-04 1.3161469599735312e-03 -2.3232871905495833e-02 -7.4809291177288673e-03
130 2.3507839700303974e-04 8.3296664759230734e-04 -2.2508656679469996e-02 -7.4546721484117003e-03
131 3.4027601510332365e-05 9.7539486505277321e-04 -2.0440144468688509e-02 -7.3715967869557274e-03
132 5.9271347448199866e-05 9.2748063464376024e-04 -2.0356164604506444e-02 -7.3679430511378379e-03
133 7.3035156631742483e-05 1.1756531656774473e-03 -4.1866395992178347e-02 -3.3182309598135541e-02
134 -3.0979327786802155e-04 1.0589374569580855e-03 -4.1552639243070774e-02 -3.3133142993198438e-02
135 -6.9139287323321077e-05 1.5031610522577982e-03 -4.1924738819278259e-02 -3.3191406580594017e-02
136 -2.3072226285430490e-03 4.8468182382276797e-04 1.3733608775564338e-01 1.7400946078882557e-02
137 -2.9655306913072810e-03 4.9133474706695372e-04 1.3833285859751374e-01 1.7407156694590187e-02
138 -1.2116233012754490e-03 6.7355405356988272e-04 -4.4629493305535929e-02 -7.9152623219072640e-03
139 -1.3749813627280619e-03 5.1317181347439720e-04 -4.1050219664644345e-02 -7.8701592852734800e-03
140 -4.6338429553286289e-04 6.8039209484412261e-04 -4.5254416913441689e-02 -7.9224981054058854e-03
141 -1.3127209037201253e-03 5.3157142267277015e-04 2.7066681437884967e-02 4.8662111408022514e-03
142 -5.6702144990704165e-04 8.4222866263906231e-04 3.0576420113540479e-02 4.9041379309945777e-03
143 -8.0499351775369153e-04 9.4816408547088084e-04 3.0163664384331896e-02 4.9000790284926109e-03
144 2.9348713667243042e-04 1.2789990694726729e-03 -2.2201206273666781e-02 -7.4431098776088942e-03
145 2.0347985401889543e-04 1.1629953192099788e-03 -2.4599905999292224e-02 -7.5270468671102507e-03
146 3.7674536364742202e-04 1.1610678700702073e-03 -2.4597386351538922e-02 -7.5269657198421642e-03
147 1.0330165505153530e-03 1.5383828504326282e-03 -1.1638134105810197e-02 -6.7950101346846417e-03
148 9.0518651291015390e-04 1.5328744366698587e-03 -1.2350552651574873e-02 -6.8625561678210155e-03
149 6.3299865298645350e-04 1.4290337796401082e-03 -1.1941464192766857e-02 -6.8244293980590839e-03
150 2.5136440741827405e-04 1.2931959094281485e-03 -4.1457160668266713e-02 -7.8756267653057408e-03
151 -1.8303204003754502e-04 8.4848403431847736e-04 -3.8507735842467389e-02 -7.8337505616159677e-03
152 5.3669314049667655e-04 1.0353351658324702e-03 -4.2800212246001612e-02 -7.8930296452269511e-03
153 -2.4880726232102092e-03 6.4492554304539183e-04 1.6574885859684532e-01 1.7551808844587225e-02
154 5.3198311618619953e-04 9.5506686899624526e-04 4.8239216756966038e-03 3.8877717022598622e-03
155 4.5330792345000956e-04 9.3199640562706063e-04 5.4259318004344055e-03 3.9776811421454103e-03
156 1.0765847338098299e-04 1.0682416446410423e-03 5.2799258740518773e-03 3.9569661703634683e-03
157 2.0524674040534009e-04 1.2225293001818234e-03 -3.8743890332930131e-02 -3.2673830349320858e-02
158 -9.1483659365028229e-04 8.6059206466165307e-04 -3.8930866879325364e-02 -3.2705520426584304e-02
159 3.4027601510332332e-05 9.7539486505277342e-04 -3.9382066904916281e-02 -3.2781319648965093e-02
160 -7.1127865280430158e-04 9.2268539700304201e-04 -2.8960379989637710e-02 -7.6497135084626060e-03
161 2.0064962265388056e-04 8.2015752140562740e-04 -2.5606273685576848e-02 -7.5584066908448069e-03
162 6.4344401084035245e-04 1.0085840520336114e-03 -2.7649884632952745e-02 -7.6162337674773222e-03
163 4.8016419387385933e-05 8.2111086299565888e-04 5.7493008962219662e-03 4.0213057806076178e-03
164 1.1696246796676006e-03 1.0928003225582855e-03 -3.2170290421054813e-02 -7.7219142354292263e-03
165 1.1855962468706768e-03 1.0508057027571794e-03 -3.1131817651123328e-02 -7.6999332718893998e-03
166 1.2902066090176036e-03 1.0721164076029457e-03 -3.4468529825656659e-02 -7.7665273556416278e-03
167 1.3865689784076828e-04 9.9823615700144050e-04 -9.8333423811260978e-03 -7.0071662903790312e-03
168 6.3828316402340945e-04 1.3358673180166943e-03 -1.0523161537961269e-02 -7.0958592060092977e-03
169 5.5704153226536935e-04 1.2823630008714387e-03 -9.7077073768286129e-03 -6.9902057964339945e-03
170 -1.2678231042085937e-03 5.5049036255843601e-04 8.8997841747488187e-03 4.3291655852725625e-03
171 -2.2240936331612538e-03 4.1499023469190112e-04 8.1188603727344686e-03 4.2682603072319537e-03
172 -1.8353511088055842e-03 5.5750265560313469e-04 8.3860959263603804e-03 4.2900000804626231e-03
173 -1.7174795847117875e-03 6.8298049264280635e-04 -9.7975893875176575e-03 -6.5922251284801000e-03
174 -4.0927518569168736e-04 9.1997034779165603e-04 -9.0850264202314256e-03 -6.5004821199249772e-03
175 -5.8816723273976313e-04 9.2228624056635939e-04 -9.1952149739153236e-03 -6.5152264105267452e-03
176 1.3807151207878676e-03 1.4393169640275622e-03 -9.9715355251821791e-03 -6.6133862014679731e-03
177 1.5471851643985462e-03 1.6590699671087054e-03 -1.0962688384981236e-02 -6.7257043810807094e-03
178 1.2934389609812846e-03 1.5688276321108720e-03 -1.0070277337586017e-02 -6.6251955712070335e-03
179 -5.7980262706445204e-04 1.0549899625163939e-03 -5.0950486042897151e-03 -3.1079258422076457e-03
180 5.9889866174747273e-04 1.0679021727867473e-03 -4.6189427978271065e-03 -3.0543366361887011e-03
181 8.9836288246467055e-04 1.0693731262005029e-03 -4.7881690440606129e-03 -3.0741565558382944e-03
182 1.2192456242135353e-03 1.1117850773227275e-03 -4.0271777779079254e-02 -7.8594344901937296e-03
183 5.4815913380328561e-04 1.0191707662627586e-03 -1.5239556054232870e-02 -3.5718484519533362e-03
184 7.9881025196858603e-04 1.0408083889905132e-03 -1.3975218847328214e-02 -3.5450529311975474e-03
185 3.1103821017830041e-04 8.8693977239058758e-04 -1.7428521746329726e-02 -7.2238459386619871e-03
186 -1.6529220641344633e-04 9.1759846548153303e-04 -1.8595602161025560e-02 -7.2854822560773774e-03
187 3.1114727168651043e-04 9.8578976654105344e-04 -1.9290794697760499e-02 -7.3194424152283801e-03
188 -1.0764906619508087e-04 1.1493499483440795e-03 1.4358987887014804e-02 4.6058264341375102e-03
189 -2.8518864177953671e-04 9.4663299777233371e-04 1.2891237734215660e-02 4.5496667401055957e-03
190 8.2342209420365739e-05 1.2547131047577257e-03 1.3613325586774448e-02 4.5785084404533060e-03
191 -2.1608143733444973e-04 1.3701133702496229e-03 -1.4898265584901043e-02 -7.0660951899691711e-03
192 9.2278838128238220e-04 1.3945084873741560e-03 -1.4667969001351215e-02 -7.0497856097025031e-03
193 9.7828587511510729e-04 1.6233202290333558e-03 -1.3341805383227046e-02 -6.9481970026837869e-03
194 8.6662639760190909e-04 1.2796601113586174e-03 -1.7361271600281589e-02 -7.2201029477199684e-03
195 1.0337585469174875e-03 1.4083739605454714e-03 -1.5977439847652354e-02 -7.1378978638899152e-03
196 1.3205050428984639e-03 1.3130558918885349e-03 -1.6443901348171065e-02 -7.1667609560237986e-03
197 -3.9430556369091698e-04 6.9627738308953083e-04 -3.0948991043910089e-02 -3.7378904635727069e-03
198 -2.9515741720717993e-04 7.0699283884700936e-04 -2.7958411957628018e-02 -3.7191264171833041e-03
199 5.7988125050544485e-05 8.4419440357451120e-04 -2.6993565359349551e-02 -3.7122972586801691e-03
200 8.3548435668183272e-05 8.5007536606703687e-04 -3.4738484756491439e-02 -7.7714360823000206e-03
201 6.9299078604257791e-04 9.7875320476568202e-04 -3.2890885755994512e-02 -7.7364725261538760e-03
202 3.0827239360300322e-04 9.2205594070955937e-04 -3.6244723684298187e-02 -7.7976712562541142e-03
203 2.0214250847609611e-03 1.2781475567239437e-03 -5.5197266204295485e-02 -8.0180510180330889e-03
204 2.1662760854868138e-03 1.3057491896439326e-03 -5.9653809507043777e-02 -8.0516885052431403e-03
205 1.4921871141819761e-06 8.8280177352992252e-04 -6.4767337149233259e-02 -8.0852211927896784e-03
206 -5.9653603060611188e-04 8.0704685391412730e-04 1.7102074767738527e-02 4.6892072732888021e-03
207 2.0433041478359399e-04 9.1697049179149243e-04 1.7731049589001464e-02 4.7052766134164552e-03
208 -6.1849969833412122e-04 9.6565718334929720e-04 1.9107689129719014e-02 4.7373222134735561e-03
209 -4.2750048543370542e-04 1.1349580393484036e-03 2.2319292540498969e-02 4.7988161600957492e-03
210 -2.4384243647813125e-04 9.8384523720574974e-04 2.2806362937392986e-02 4.8068375828634602e-03
211 -9.9195092176911038e-04 7.4756450676797224e-04 2.4682316776606754e-02 4.8351649598597337e-03
212 -3.2515832457572050e-04 9.5051107879034374e-04 7.1022199801395640e-03 4.1756208507780033e-03
213 -5.9496254105981488e-04 8.7702721133623481e-04 7.5809908435797487e-03 4.2213455930029883e-03
214 -9.0064342340852820e-05 8.6630864168228954e-04 6.9700772391479253e-03 4.1622737843511719e-03
215 -6.3132382162139748e-04 8.3973219227300756e-04 3.3224781674827196e-02 4.9280649822733731e-03
216 -1.4908142865481568e-04 8.6983400951814896e-04 3.4118518129857257e-02 4.9354005675710383e-03
217 -3.2156690768751664e-04 1.0459168698768752e-03 4.9049385879661282e-03 3.9005916337669999e-03
218 -8.2744083785722737e-05 9.9744316510661218e-04 4.9254583520209816e-03 3.9038011291924160e-03
219 1.4729793552991404e-04 9.9875409198147509e-04 5.2296086086365207e-03 3.9496724270186708e-03
220 -6.2647270620422128e-04 6.4857679273551893e-04 2.2447727597491758e-02 4.8009603247784584e-03
221 -6.6216210315647999e-04 7.2368514152778912e-04 2.4718090252575094e-02 4.8356689535600786e-03
222 -8.4490921682623223e-04 5.8566852654783703e-04 2.4745380571280281e-02 4.8360525849898452e-03
223 -3.4979929589199252e-04 8.3194800643777555e-04 1.4672424264665050e-02 4.6166355525144535e-03
224 -5.7507366753540158e-04 7.7775822285718272e-04 1.5167891080671165e-02 4.6329769173908616e-03
225 -2.4450055441555408e-04 8.5678858745195214e-04 1.8017419038242641e-02 4.7122809332621916e-03
226 -3.2921169834328374e-04 8.0332785063885455e-04 1.6051422171558152e-02 4.6600500109333061e-03
227 -7.6670567852511892e-04 7.2932458086944916e-04 4.2445654107854530e-02 4.9904605921440833e-03
228 -9.4049910241547879e-04 6.1200984719853241e-04 4.2927589537854444e-02 4.9930658611867258e-03
229 -1.0412225063592181e-03 6.2733339756145228e-04 -1.0413723254532636e-02 -6.6651683494865230e-03
230 -6.3368646033336101e-04 1.2745746504978243e-03 -1.0113283765515105e-02 -6.6302940102261065e-03
231 2.5216215989960818e-05 1.6320033026080440e-03 -1.0930139310027356e-02 -6.7222246012323935e-03
232 4.3336283657061401e-05 1.8807301462476012e-03 -4.0370549580682855e-02 -3.2944123308839862e-02
233 2.8551023569264595e-04 1.6872153198030041e-03 -4.0827877692865208e-02 -3.3017970175399973e-02
234 3.3992618852853832e-04 1.6863863458235475e-03 -4.0426304516613686e-02 -3.2953175584291027e-02
235 -6.9336420555143516e-04 1.1324242874124954e-03 -1.9830912023178861e-02 -3.6439036208091185e-03
236 -2.3503887955761172e-04 7.7674919790493091e-04 -2.1989121687654128e-02 -3.6685954890221641e-03
237 -6.7957331361856031e-04 6.1346428009403031e-04 -1.9518360093717255e-02 -3.6399362891514774e-03
238 9.3537420516484257e-04 1.7980937139827331e-03 -3.7801747755771269e-02 -3.2511608571270577e-02
239 1.0864488564463813e-03 1.7304266114457280e-03 -3.8477312914834916e-02 -3.2628362805173602e-02
240 -4.8454466160754842e-04 7.8077287561026593e-04 -9.7335248644618549e-03 -6.5843142359187055e-03
241 -4.4181457024859651e-04 8.8337688937949654e-04 -1.0607444941955344e-02 -6.6869873855712886e-03
242 -6.6007174183711943e-04 1.0142007380616821e-03 2.7778669301251616e-02 4.8745786094461013e-03
243 -5.9298237700121370e-04 1.2815290983040025e-03 3.0664848364396566e-02 4.9049950649582338e-03
244 -8.6043381994165978e-04 7.1439112427537795e-04 3.1057455936684575e-02 4.9087489739692049e-03
245 -2.0820235317657050e-04 8.9185093590505367e-04 -2.5317748542724824e-02 -3.6993557702648980e-03
246 1.4528254168053045e-04 9.2639395786122476e-04 -2.9067678761293469e-02 -3.7264826669295859e-03
247 -1.2095170140222317e-03 5.8157696695534749e-04 6.4673238764318616e-03 4.1083129620507388e-03
248 -1.0619255711215570e-03 5.3472827836490962e-04 6.0502325270204663e-03 4.0593245613092400e-03
249 -4.3241541987200930e-05 6.9567653818818466e-04 6.5873515622875715e-03 4.1216755404421485e-03
250 5.2604018287182532e-05 7.2198017589436884e-04 -2.4169353729152351e-02 -3.6895835127175257e-03
251 1.5407883203818961e-04 8.3103994010250268e-04 -2.1472201244292121e-02 -7.9147512976866178e-03
252 2.3507839700303960e-04 8.3296664759230745e-04 -1.8465005472135310e-02 -7.2788829639817108e-03
253 -5.6643202349275490e-04 6.8015337376025871e-04 -1.9896305631039050e-02 -7.3475072787914800e-03
254 -4.0178715797653400e-04 6.2496170236345380e-04 -1.9390488878711892e-02 -7.3241570320064456e-03
255 3.0178383816819953e-04 9.1874035591152901e-04 -2.6831188859598138e-02 -7.5939440464285910e-03
256 5.7156229838698121e-04 9.6311441815651706e-04 -1.6161784737771023e-02 -7.1494523088351880e-03
257 6.4732435403708070e-04 1.1162722171095768e-03 -1.7285654331086309e-02 -7.2158679463654998e-03
258 5.4278646245334034e-04 9.2382796750788360e-04 -1.5788555593889451e-02 -7.1258525231275580e-03
259 3.3270029393688363e-04 8.5025151697948190e-04 6.8791193458570127e-03 4.1528920593588122e-03
260 -1.5943536128223317e-04 7.7555149759040332e-04 7.0113243641725526e-03 4.1664754550708068e-03
261 -1.3250403473177535e-03 7.8089261976962054e-04 1.2946996958057203e-01 1.7348995634337502e-02
262 -3.1094966389523361e-03 6.7390644784355233e-04 1.3162658759238652e-01 1.7363781827986761e-02
263 -5.3813609210589131e-04 8.3173990367362027e-04 1.8214866340334195e-02 4.7170025166627556e-03
264 -2.8495233837702225e-04 8.9210031835649346e-04 1.6260566745130989e-02 4.6661023725136043e-03
265 -6.0264894456837470e-04 7.4883994318151797e-04 1.8248896648244962e-02 4.7178076145551378e-03
266 -1.0769072765900792e-03 9.3724404222692926e-04 1.1609549974744013e-02 4.4916293276180269e-03
267 -3.3257177516335724e-03 6.1174812757265867e-04 1.3474207492614484e-01 1.7384404886078481e-02
268 -3.5639602029115280e-03 6.4457614175082777e-04 1.2987710758772625e-01 1.7351820119404882e-02
269 -2.6659588552013663e-03 8.2846799221962335e-04 1.3728158567306620e-01 1.7400604201452112e-02
270 -1.0791701817709522e-03 1.1045739142930228e-03 3.9450346966162890e-02 4.9730186177072543e-03
271 -1.1188815833305377e-03 1.1055587826922818e-03 3.4976467136825007e-02 4.9421318421760995e-03
272 1.0664212417693252e-04 9.4731294480922181e-04 8.5895781106102801e-03 4.3059114439878464e-03
273 -3.3693234138508184e-04 7.6241607378278882e-04 9.5629688474349415e-03 4.3751771243294218e-03
274 -1.2516950359539880e-03 7.1691575414052709e-04 8.6064142365334766e-03 4.3072040624748684e-03
275 -9.2261903983991344e-04 9.0651455864549529e-04 -4.0489919328709219e-02 -3.2963487190860105e-02
276 3.6267384319042784e-04 1.4735726609627802e-03 -4.0904556651177829e-02 -3.3030262334762403e-02
277 4.9896680504919700e-04 1.5178199650897641e-03 -4.0982832026019947e-02 -3.3042784098872610e-02
278 7.0522904126549587e-06 9.1712593950995971e-04 -5.8380437828492518e-03 -3.1796844884430086e-03
279 -6.1220767409574475e-04 8.9520887947653076e-04 -5.8580914621910009e-03 -3.1814483291885192e-03
280 -1.2325633671656155e-03 7.6602658898511768e-04 -6.2928253715308522e-03 -3.2177587096419219e-03
281 -2.4045177617884428e-03 6.3942194917339303e-04 1.4476005685830315e-01 1.7445386818715717e-02
282 -1.7347197433340014e-03 6.9530100786256038e-04 1.5509903269176842e-01 1.7500984308807952e-02
283 -2.0970032650182513e-03 5.7927654538332941e-04 1.4871736903219396e-01 1.7467471642512930e-02
284 -1.5105114602405240e-03 7.8503959080822891e-04 -8.8514292608826879e-03 -6.8672973568757656e-03
285 4.4726473290030404e-04 1.1912183322836281e-03 -9.2688374887268492e-03 -6.9288589619472029e-03
286 7.7969446587172005e-04 1.1529905154750411e-03 -4.9138477646302636e-02 -7.9638450215568698e-03
287 6.4354879825126920e-04 1.2484491083806161e-03 -5.0923715214708669e-02 -7.9809889796741123e-03
288 -7.7449028554315281e-05 1.4231423122662284e-03 -8.5557143853095697e-03 -6.8216489118958718e-03
289 1.5354987713075787e-04 9.4253409921462889e-04 -8.3249018857483106e-03 -6.7847756709222967e-03
290 1.2438250041290179e-04 9.9341298136607385e-04 -8.8667483615432231e-03 -6.8696149907704705e-03
291 9.1361922832385381e-04 1.0261724241339325e-03 -4.4143175110052731e-02 -7.9095082131801272e-03
292 8.4658469071141184e-04 1.4151125456098234e-03 -5.1244747586555610e-02 -7.9839607856690437e-03
293 1.8765015287423882e-03 1.1933750706439345e-03 -4.5554633160022603e-02 -7.9259126577467844e-03
294 1.0440654464165073e-03 1.0314378638763609e-03 -1.7278431708699086e-02 -3.6079113253361622e-03
295 1.0906998402975051e-03 9.8851075845164779e-04 -1.8155490749888981e-02 -3.6212633763189365e-03
296 6.6560633953271651e-04 1.2772086462761059e-03 -1.2725125916235988e-02 -6.8959940273027121e-03
297 -4.8031985091252251e-04 1.0990608893245751e-03 -1.1371847103666212e-02 -6.7683326654513088e-03
298 -1.5999473090869275e-05 1.0703794737195816e-03 -1.1994177817920513e-02 -6.8294402333425484e-03
299 -6.0260292015233479e-04 8.6767748868296786e-04 -3.8779162247345035e-03 -2.9557562118681891e-03
300 -1.7347197433340007e-03 6.9530100786256027e-04 -4.0140792711527542e-03 -2.9754669933873303e-03
301 -8.3036554583735837e-05 1.0139393797854957e-03 -4.2066653174571179e-03 -3.0020487511141845e-03
302 3.2341512942796533e-04 8.3029039942716389e-04 8.4946229905686690e-03 4.2985533636023150e-03
303 1.8977979509543139e-03 1.0920291955805400e-03 -7.0211548913177324e-02 -8.1161492621459816e-03
304 2.2543149785554362e-03 1.2921259913642325e-03 -6.2362733472464321e-02 -8.0700557592418842e-03
305 2.2471318838680893e-03 1.3842272024212089e-03 -6.9058251988602382e-02 -8.1099569534767105e-03
306 1.1690620583319411e-03 1.1524100139422937e-03 1.6051422171558152e-02 4.6600500109333061e-03
307 -4.5117193172451202e-05 1.0483845808585068e-03 1.3657071239863735e-02 4.5801771576707978e-03
308 5.7662414908413086e-04 1.4244469840325527e-03 -4.0496132286370626e-02 -3.2964493319321733e-02
309 1.2313006484528277e-03 1.7660110255916211e-03 -3.9953611577440602e-02 -3.2875991248603804e-02
310 6.6437715424057329e-04 1.9429479910134453e-03 -3.9886722909745070e-02 -3.2864988378952159e-02
311 3.6910993218732370e-04 1.9500235596740683e-03 -4.0831383558699731e-02 -3.3018532747181785e-02
312 3.0498840825443185e-04 2.0282984116878166e-03 -4.1365412515241312e-02 -3.3103605951850953e-02
313 3.7282352756040789e-04 1.8604399295048418e-03 -4.1305334286256122e-02 -3.3094096358740117e-02
314 -5.7843254707154825e-04 1.0553846133636367e-03 1.6733643407429166e-02 4.6793288926100561e-03
315 -4.6940773425705118e-04 1.1615013825961248e-03 1.8238903930232111e-02 4.7175714659702193e-03
316 -3.9694523559682922e-05 8.7619230427717337e-04 1.7666723666977354e-02 4.7036771410031630e-03
317 -1.3126103732211351e-03 6.7774402982950603e-04 2.7072385076011080e-02 4.8662796913634598e-03
318 -3.2247116480914616e-04 8.3153218884828874e-04 2.4850317028935663e-02 4.8375209286992708e-03
319 -6.8318904891886858e-04 8.3796683336898633e-04 2.3889962539293749e-02 4.8236685408987153e-03
320 -3.9971511477754590e-04 9.3609026360030282e-04 -1.4543705889700416e-02 -7.0408311071925821e-03
321 -5.0821705120879539e-04 8.7729895092215134e-04 -1.6112177605768930e-02 -7.1463622927037248e-03
322 -1.3244962812971930e-04 9.9299902408703320e-04 -1.5049943339176836e-02 -7.0766390721961068e-03
323 -2.5419101392269976e-03 5.6295818610620685e-04 1.3322073807972284e-01 1.7374440419940611e-02
324 -3.3273779635401464e-03 4.5355561981297066e-04 1.4586420916635837e-01 1.7451655012369151e-02
325 -8.9739291072433319e-04 5.8198501391837603e-04 1.3132560159166508e-02 4.5595864135095036e-03
326 -6.9240660142147524e-04 7.6411928177904341e-04 -7.1109637529078052e-03 -3.2773230310504668e-03
327 5.1161801770667134e-04 9.5573714692155556e-04 -6.7099093710637917e-03 -3.2494279530579993e-03
328 3.0178383816819974e-04 9.1874035591152879e-04 -7.2613993525461364e-03 -3.2872020977534428e-03
329 -2.9207159762319987e-04 6.3046661831647039e-04 8.0349167022749062e-03 4.2612246097517865e-03
330 -1.4439406533473464e-03 6.3882592292270699e-04 8.8303462923346784e-03 4.3240617592703876e-03
331 -8.8835703028570167e-04 6.9158437209243799e-04 8.2794459767229784e-03 4.2814417810571014e-03
332 -2.0871134468247699e-04 8.5032487485085415e-04 -2.6190875495531837e-02 -3.7062800543379479e-03
333 5.7156229838698121e-04 9.6311441815651706e-04 -2.8213757649377627e-02 -7.6309574136790969e-03
334 2.3255936564148277e-04 8.8368163418186142e-04 5.5940946190046401e-03 4.0007425260110583e-03
335 5.6397557768214375e-04 9.5519244606537626e-04 -5.4822466585087215e-02 -8.0150038950248855e-03
336 1.3513853990754941e-03 1.1634271666754381e-03 -5.9061081585058607e-02 -8.0474725133017865e-03
337 -2.8218934545700964e-05 7.9536499477379818e-04 -4.9147163432566018e-02 -7.9639310662984915e-03
338 7.6901868406100240e-04 1.2218631601867561e-03 -3.6538143925104891e-02 -7.8025655914184784e-03
339 1.4839954397576117e-03 1.4278344517361470e-03 -6.7860006754099323e-03 -3.2549032445780713e-03
340 -1.1179360940898372e-03 1.2940436680473567e-03 -6.5833480534324565e-03 -3.2401207354983779e-03
341 -1.2685365755605506e-03 1.0761980248703313e-03 5.0579595776472520e-03 3.9241699182147238e-03
342 -1.3055786231708519e-03 1.0764564327555468e-03 5.1786615736388788e-03 3.9422043793770510e-03
343 -9.9061097800811509e-04 7.1252847700541589e-04 4.8913145599322879e-03 3.8984523887486433e-03
344 -5.9084257993092713e-04 7.6820950996097726e-04 8.9942351197653016e-03 4.3360169365549974e-03
345 -8.8703636285272780e-04 6.8569432957222664e-04 8.5065598361137168e-03 4.2994847278389585e-03
346 -5.6461580777103310e-05 8.0197394936328220e-04 9.4037706537479226e-03 4.3645637806440001e-03
347 -2.0654099787020165e-05 9.2169159755199441e-04 -7.7178991845423114e-03 -6.2981412208076206e-03
348 -5.4841450130714326e-04 8.6007495336174974e-04 -8.5427432471621989e-03 -6.4247032065243076e-03
349 -6.9936452038565358e-04 7.7921513803083176e-04 -7.6860309734220564e-03 -6.2929514241788706e-03
350 -3.4082766599990441e-03 6.1815418776393286e-04 1.6597855320740557e-01 1.7552841477956261e-02
351 1.3865689784076820e-04 9.9823615700144093e-04 -5.3253097120147105e-03 -3.1315804083399883e-03
352 6.7980817585479349e-05 9.1878949085494831e-04 -5.4873964174701464e-03 -3.1474371652697487e-03
353 3.6316017910948176e-04 1.0297675602671417e-03 -2.4811827373220737e-02 -7.5338236800723676e-03
354 8.4929343016170464e-04 1.0682110689725626e-03 -2.4915948973818280e-02 -7.5371186814324224e-03
355 1.4190145297719727e-03 1.5349533304323010e-03 -1.1019865942928796e-02 -6.7317848920897295e-03
356 1.9673621925793841e-03 1.6892404941736988e-03 -5.4885135511054887e-02 -8.0155159365468062e-03
357 -4.5363243141189869e-06 7.3685792446380439e-04 8.8689223241802482e-03 4.3269042433995361e-03
358 9.8725872193253933e-04 1.0673421587717175e-03 -2.3030664766151510e-02 -7.4737321642312261e-03
359 5.5427852730668655e-04 9.1501636889129798e-04 -2.1217441045868313e-02 -7.4043241721103610e-03
360 -2.0251724038805881e-04 1.2861865389637295e-03 -2.1347008953142461e-02 -7.4095951332361631e-03
361 1.5028995418428680e-04 1.4176277270104968e-03 -3.3139510406375937e-02 -7.7413704655942394e-03
362 1.0765847338098279e-04 1.0682416446410430e-03 -3.7026930957917127e-02 -8.3622460637633629e-03
363 -4.4125816444740896e-04 9.1850953418412421e-04 -5.1305766987591386e-02 -8.5600333045504368e-03
364 -5.3230436593310885e-05 9.0044413240439986e-04 5.7924679210765275e-03 4.0269064550680295e-03
365 2.9563507217002878e-04 1.1602068380465653e-03 -8.6817002014082465e-03 -6.4446475438221873e-03
366 -6.8310286389190047e-05 1.0413594118313003e-03 -9.3739962056570390e-03 -6.5387037389352124e-03
367 -2.4601447666339394e-04 8.7016841538141334e-04 -9.5087808534015123e-03 -6.5560487147050704e-03
368 -1.9882234808413527e-04 8.5756287685348845e-04 8.8501055894298405e-03 4.3255199435599384e-03
369 2.0064962265388050e-04 8.2015752140562794e-04 9.1950925436968187e-03 4.3502480465363270e-03
370 3.1103821017830046e-04 8.8693977239058758e-04 9.4789051842267148e-03 4.3696053104800058e-03
371 8.8038413797490646e-04 1.0521651020404287e-03 -8.4237235213655160e-03 -6.8006999294714411e-03
372 -6.2735766988105247e-04 8.6875517956926682e-04 -7.8909326142417215e-03 -6.7123087257917611e-03
373 -2.8709815277721293e-04 9.1967765020781536e-04 -9.6482736720542445e-03 -6.5736873204716500e-03
374 -1.0810951533636410e-03 8.2534727000077416e-04 -8.9143566816720227e-03 -6.4772195129518088e-03
375 -1.6826198204797870e-03 7.3342198691708630e-04 -9.4342217546118708e-03 -6.5464910933613202e-03
376 -6.6039728153728260e-04 7.3579092749905309e-04 7.0572515151231799e-03 4.1711157872772959e-03
377 -3.7055052349461054e-04 8.3334979365524086e-04 7.4996291198834138e-03 4.2138528495838240e-03
378 -5.9001118935482011e-04 7.5298073519963640e-04 6.9043722604797183e-03 4.1555129307659072e-03
379 4.8455953474607562e-04 1.0873549445176826e-03 -7.9857941776982268e-03 -6.7285123105352571e-03
380 7.2629154741799473e-04 1.0863271820403125e-03 -8.0666740954966759e-03 -6.7421645617144746e-03
381 -8.8631870570693136e-06 8.2155356140001636e-04 1.0483142624295512e-02 4.4317743774664698e-03
382 -6.4712968542286525e-04 6.5046808781740230e-04 1.0585615735109735e-02 4.4376177567074186e-03
383 -6.1260934924576649e-04 6.6962733296608862e-04 9.6000898419041532e-03 4.3776147310333954e-03
384 -1.1524166111838211e-03 7.8239701233727779e-04 4.0987214586462643e-02 4.9822485796237213e-03
385 -5.8311491609768157e-04 1.0527058746366720e-03 3.6235084440858434e-02 4.9514979358158519e-03
386 -8.5565211096677531e-04 9.9541790132696116e-04 3.7490583510103592e-02 4.9602876608031699e-03
387 8.3477747393612616e-05 1.2367606179985264e-03 -1.4576760257028731e-02 -7.4995966346328418e-03
388 4.1284919356282475e-04 1.3634903914238646e-03 -1.3320330035260453e-02 -7.3922412743480008e-03
389 1.3768601137374031e-04 1.4348912720358765e-03 -1.3167519902145604e-02 -7.3782382329111787e-03
390 -1.7523557710790718e-04 1.2579777414032686e-03 -6.1674761243667277e-03 -3.2076555639429629e-03
391 -4.0055367640990638e-04 8.0399167644971004e-04 8.2631366665497415e-03 4.2801193918413404e-03
392 -5.8149031789326905e-04 6.5571219607488227e-04 7.8766679154976104e-03 4.2476804911738752e-03
393 -5.6643202349275501e-04 6.8015337376025882e-04 2.9317581135766511e-02 4.8914476026002502e-03
394 -1.0719214772080756e-03 6.9778348298009873e-04 3.3500753349784140e-02 4.9303667360724932e-03
395 -2.2863556989062453e-03 4.9562487432014901e-04 5.0772884979870689e-02 5.0292613307719187e-03
396 -2.9040068665224386e-03 4.5872277365882603e-04 5.0453939278528565e-02 5.0279846308520807e-03
397 -6.3267326159124188e-04 8.1007049417472412e-04 4.3257798888033737e-02 4.9948213469718063e-03
398 -7.9711487126469122e-05 8.8730323085976423e-04 7.8107886162546688e-03 4.2419311055846929e-03
399 -7.2968984373651083e-04 6.3513340835830981e-04 7.1004129493529473e-03 4.1754405444533174e-03
400 -4.5545330478667537e-04 6.7349448376173701e-04 2.3339991542680585e-02 4.8152943401200653e-03
401 -3.4265599137879799e-04 6.5513962246333479e-04 7.1768079212475707e-03 4.1830107278596554e-03
402 -1.5820830149518466e-03 1.1629488768052532e-03 7.9100656294264025e-03 4.2505699840027665e-03
403 -4.8415806796647887e-03 9.1216713563780467e-04 1.6121370958186967e-01 1.7530889931638430e-02
404 -2.1819291557059849e-05 1.8692497935180585e-03 -4.0202376204807620e-02 -3.2916735412979729e-02
405 1.6719671887867175e-03 1.9243997623199136e-03 -3.9717593286841206e-02 -3.2837077083122029e-02
406 1.7288006860844310e-03 2.0566667541742733e-03 -3.9399283939143076e-02 -3.2784193327634922e-02
407 -1.2041452777658648e-03 9.1756374623244393e-04 4.9518321290353794e-02 5.0241559104570567e-03
408 -2.2384394551670755e-03 6.1059302922801084e-04 4.4809788210374249e-02 5.0027656564512494e-03
409 -2.5828268323189740e-03 5.8822981781469423e-04 4.5928311610670666e-02 5.0081966018525178e-03
410 2.5295624258325674e-04 9.7945910071337884e-04 4.6925556364405966e-03 3.8664692210531957e-03
411 -5.2482655568992262e-04 8.7304783629215386e-04 4.6095280545695293e-03 3.8526654638368430e-03
412 1.5764983802558814e-03 1.1582808645889482e-03 -3.0568136446840862e-02 -3.7356810703807085e-03
413 1.6533705268777304e-03 1.2820297089814884e-03 -3.6019795499061424e-02 -3.7633344793158471e-03
414 -2.3516450755780752e-04 9.6700848321694811e-04 -1.5453106011585683e-02 -7.5671080787231759e-03
415 3.5376413129719659e-04 9.8701290910605953e-04 -5.2318394070167487e-02 -8.5704445324491455e-03
416 -1.3004014557725562e-05 8.9308719758779116e-04 3.4719049862279562e-02 4.9401428986852163e-03
417 -1.9188110826237649e-03 4.9840902461688189e-04 -2.0373773127716644e-02 -3.6505422522369818e-03
418 -1.3727512643018807e-03 5.4994861569851200e-04 -1.7927210768080400e-02 -3.6178966809759061e-03
419 -1.8607375062281301e-03 5.4463636343001789e-04 6.5522951966675742e-03 4.1178050960081029e-03
420 3.0529275595641132e-04 1.2516785491120622e-03 6.0119579724024650e-03 4.0546190756457949e-03
421 9.9691918076161507e-04 1.2753681255619710e-03 -6.9058251988581565e-02 -8.1099569534765978e-03
422 1.7958977169538566e-03 1.4911544098491398e-03 -7.0211548913177324e-02 -8.1161492621459816e-03
423 9.2264645310008919e-04 1.0927562757612607e-03 -6.1876045999338675e-03 -3.2092972036679313e-03
424 9.4842688723251504e-04 1.0914250616662171e-03 1.0097109554458169e-02 4.4089667535057962e-03
425 3.3629644539138738e-04 9.0184848914519951e-04 1.0629168965355549e-02 4.4400755167836609e-03
426 -1.8172419582302042e-03 5.7669613232081275e-04 2.8264679478569921e-02 4.8800789762760872e-03
427 -1.2180907459157062e-03 6.5369597768965540e-04 1.9267135783709838e-02 4.7407833232475183e-03
428 -9.7965648575174392e-04 6.3722093319293891e-04 2.0667187836354992e-02 4.7692162290262977e-03
429 -5.6441941339849494e-04 6.7991796927315386e-04 2.1041929945772538e-02 4.7762779063476044e-03
430 -3.1184968945510277e-04 6.7588527961035298e-04 1.9531873333631058e-02 4.7464242362727617e-03
431 -5.1303080345303873e-04 6.0106868839033081e-04 1.9950848592251890e-02 4.7550916726796875e-03
432 8.5475701312339965e-06 1.3505859083828415e-03 2.1353731193654739e-02 4.7819919407879512e-03
433 2.6572109731548863e-04 1.4109494091322906e-03 -1.5277431784374103e-02 -7.0921666834063120e-03
434 5.6397557768214342e-04 9.5519244606537593e-04 -1.6518019760848487e-02 -7.1712351003388897e-03
435 3.0611541389865518e-04 1.0166752651860841e-03 -1.5959654584712345e-02 -7.1367726699919087e-03
436 -2.4895919408268481e-04 9.1034028728133028e-04 3.7455824453746962e-02 4.9600512992783253e-03
437 -4.1791157804013142e-04 8.9386258683754171e-04 3.2220564969948122e-02 4.9193982330249927e-03
438 -3.6344619887413734e-04 1.1887385822787503e-03 3.2789278580463294e-02 4.9243636084559637e-03
439 9.0314528219216281e-04 1.9368805572742907e-03 -4.0335158012184520e-02 -3.2938370049883030e-02
440 6.7330413436717841e-04 1.8174891459492195e-03 -4.1691977997712085e-02 -3.3155028887019496e-02
441 1.5580632964158243e-03 1.5733070527464564e-03 -4.1440760521588842e-02 -3.3115510813775069e-02
442 -5.2482655568992273e-04 8.7304783629215386e-04 -8.3796018524197290e-03 -6.4008031695553984e-03
443 -4.3828200105626165e-04 9.2056676331471986e-04 1.7556066283756066e-02 4.7009027101423606e-03
444 -1.9840019667974654e-04 7.9645663943231663e-04 1.5766292577643625e-02 4.6515859678344729e-03
445 -3.4258814723140573e-04 8.0481194969666625e-04 1.5755691028657988e-02 4.6512664027173025e-03
446 3.6194918761227215e-04 9.9261209942631714e-04 -8.9409483188319459e-03 -6.4808785531403571e-03
447 1.3112525052679462e-04 1.4722734861122536e-03 -9.1393207334766868e-03 -6.5077737692508970e-03
448 -7.2054483787723124e-05 9.6033233878753193e-04 -1.7086937810643348e-02 -7.2046039119893638e-03
449 7.9957627210994100e-05 1.0996687526524239e-03 -1.8186921165528891e-02 -7.2645887081599228e-03
450 3.5376413129719665e-04 9.8701290910605975e-04 -2.6509808305646844e-02 -7.5848830341670890e-03
451 6.4561195899822914e-05 1.1936529063249651e-03 -2.3635795612058946e-02 -7.4949719613119107e-03
452 3.6316017910948144e-04 1.0297675602671419e-03 -2.4091476948975739e-02 -7.5103925263754210e-03
453 -1.0955916822278169e-03 5.9564090951064826e-04 1.0342325602608008e-02 4.4236026621141539e-03
454 -1.1049684539415178e-03 5.8475738854315944e-04 1.0025380776865546e-02 4.4045848334037354e-03
455 -5.0051672811754814e-04 6.6937540420776930e-04 1.0458334064067026e-02 4.4303467408778980e-03
456 3.6048650566918467e-04 8.7876325814411997e-04 1.0668756797163080e-02 4.4422963268374530e-03
457 1.0543019527265571e-04 8.6098889277020805e-04 1.1330241767975863e-02 4.4776404506186637e-03
458 -2.0769164904104456e-03 1.1308122645912635e-03 1.5524217983171273e-01 1.7501708126271678e-02
459 -8.3740227763816306e-05 1.0305245329014533e-03 -1.0240225534432396e-02 -7.0603601542977672e-03
460 9.6174088475441729e-04 1.6266629800227559e-03 -1.0939026179799201e-02 -7.1459525161866695e-03
461 3.9588135236182619e-04 1.5885642301988571e-03 -1.0162595857364197e-02 -7.0504105023675434e-03
462 -1.3096961951577731e-03 1.2752954904203602e-03 1.0483142624295512e-02 4.4317743774664698e-03
463 5.5427852730668655e-04 9.1501636889129755e-04 1.0234243928118589e-02 4.4172164096146719e-03
464 3.3662325780110434e-04 9.0641891234595799e-04 1.1107586860659791e-02 4.4661032284146109e-03
465 4.9204343411414530e-04 8.4409960522770526e-04 -3.9945137550766605e-02 -8.4125150591564009e-03
466 8.1844902704354954e-04 1.0824645046007284e-03 -3.9911135140437717e-02 -8.4119657700110536e-03
467 4.8390360722175236e-05 9.0445415466240990e-04 5.9856031486527021e-03 4.0513574952065088e-03
468 6.6409234314711296e-04 1.4487832662879547e-03 -3.8327386983459791e-02 -3.2602642382417127e-02
469 2.0202726216857040e-04 8.4624745909029579e-04 -1.6207631288344283e-02 -7.6209959239034990e-03
470 1.0687638548119581e-03 1.0592365162295401e-03 -1.5646599214422206e-02 -7.5812832499180050e-03
471 1.0423160007436891e-03 1.1003901451002984e-03 -1.4763871350774596e-02 -7.5144854061889059e-03
472 6.5144905171984424e-04 9.1142593825355416e-04 -3.2513165113079008e-02 -7.7289097144198618e-03
473 1.5396667572505085e-03 1.1245472689162663e-03 -2.9961695338383589e-02 -7.6736320929313810e-03
474 -4.0315874908850129e-03 3.2884617082776680e-04 1.7658878747484993e-01 1.7597946207982280e-02
475 -1.4439406533473457e-03 6.3882592292270699e-04 1.7331412451617914e-01 1.7584545686599472e-02
476 -3.1510067812546404e-03 4.6447155125079587e-04 1.7043213967922180e-01 1.7572377031087948e-02
477 -6.7924263098570513e-04 1.1204204720309777e-03 3.4804158675641537e-02 4.9408033544941594e-03
478 -9.4330169670514053e-04 9.9317584555527034e-04 3.8726587922978367e-02 4.9684491342111272e-03
479 7.0522904126549510e-06 9.1712593950995949e-04 -8.6621891206930656e-03 -6.4418696318039263e-03
480 -1.1999395752832261e-03 7.1326603706072227e-04 -8.0098474466240854e-03 -6.3446092212336496e-03
481 -5.3768926028413631e-04 7.7436862749981480e-04 -8.2634582787414514e-03 -6.3834604776632012e-03
482 -3.7604776698632906e-03 9.0027819678799683e-04 1.4417941437448634e-01 1.7442056629910288e-02
483 -2.7363931787809698e-03 1.1434011021549794e-03 -1.0783416313122381e-02 -6.7063709333426494e-03
484 9.7392790998722216e-04 1.1930082420181852e-03 -1.7729372602324739e-02 -7.2403259392155436e-03
485 -1.3996304593756948e-04 9.4447640629499036e-04 -1.4863691418695191e-02 -7.0636699733566477e-03
486 3.7881232638878809e-04 1.0404276580746371e-03 -1.4926377218940252e-02 -7.0680610913128813e-03
487 -7.4045394269669519e-04 7.2505915943915232e-04 6.1048844726621469e-03 4.0659801037064743e-03
488 -1.1886465464003260e-03 7.9533610396652409e-04 1.6332703104015511e-01 1.7540765362133438e-02
489 -3.4713886489172912e-03 4.7171317370232137e-04 1.7052004167640983e-01 1.7572753542686000e-02
490 -2.9072942568525320e-04 1.0014666502671005e-03 -1.2284396937237575e-02 -7.2928102810636761e-03
491 -4.8645906599320180e-04 8.3970491368669156e-04 -1.1952164934517949e-02 -7.2585414816320158e-03
492 7.4235528576352430e-05 9.9614794137925467e-04 -1.1214778889496685e-02 -7.1778736071393323e-03
493 7.5042586598754506e-05 1.1078341510418314e-03 -4.0443014682698064e-02 -3.2955885939902230e-02
494 9.4548894660817387e-04 1.4917304312620245e-03 -3.9927912613152532e-02 -3.2871766277617814e-02
495 2.5295624258325679e-04 9.7945910071337884e-04 -1.8904205430744298e-02 -7.3007961713234615e-03
496 5.8228175702835800e-04 1.0631417539903390e-03 -1.8344693501138421e-02 -7.2727394806753843e-03
497 -1.1753761699607268e-03 6.9397205589203997e-04 4.9518321290336897e-02 5.0241559104569926e-03
498 -2.1930585578686479e-03 6.2098226492018243e-04 5.0453939278528565e-02 5.0279846308520807e-03
499 -1.2756277231743059e-03 7.8620757318720574e-04 4.3969008295360296e-02 4.9985232560380453e-03
500 -4.4125816444740891e-04 9.1850953418412410e-04 -9.0066694107939979e-03 -6.4898668685524422e-03
501 -9.3115818248053759e-04 8.3711699360215709e-04 -9.7122661785691636e-03 -6.5816749764156749e-03
502 -9.1836635997073421e-04 8.3713135704316887e-04 -1.7331831391687830e-02 -7.6948487404255965e-03
503 -8.7098650771477923e-05 1.1529192792694531e-03 1.3809993931024117e-02 4.5859437623615631e-03
504 6.0237096504167870e-04 8.6960240587271047e-04 -4.2983067316862647e-02 -7.8953259013140684e-03
505 3.0743078688506246e-04 8.5331484507508921e-04 -4.4816263178062886e-02 -7.9174432718699603e-03
506 6.4974694367986112e-04 8.6152106523128909e-04 -4.8581365922298378e-02 -7.9582699229884934e-03
507 -4.8180498682839790e-03 8.6722194560919039e-04 1.7770509742954738e-01 1.7602414657701713e-02
508 -1.4041799928952874e-03 1.1137203218920372e-03 5.2523448495520502e-03 3.9529781721897306e-03
509 -1.6252269305251112e-03 1.1292104810372283e-03 2.0739284125512316e-02 4.7705917121450038e-03
510 -6.0638304254738429e-04 7.2805103472793988e-04 2.2462357516575597e-02 4.8012032289243807e-03
511 -6.4415730374531278e-04 7.2185734238768484e-04 2.3210956922200709e-02 4.8132801363845396e-03
512 -9.9902099994748591e-04 1.0224581168186682e-03 -7.6860309734214744e-03 -6.2929514241787752e-03
513 -7.4741007290293749e-04 1.0065678296904508e-03 -8.0306778615833671e-03 -6.3478522472653820e-03
514 -5.8454818301204600e-04 7.8449343923848937e-04 -8.4406745326491318e-03 -6.4098125080633769e-03
515 -7.0815547752067190e-04 1.0509627880467890e-03 -4.1388077409653626e-02 -3.3107189508900042e-02
516 1.3971348879171820e-04 8.6159428058443799e-04 -6.7210026398497894e-02 -8.0996438801180116e-03
517 -3.1814659826570081e-04 8.4938103001760360e-04 -5.8303060056801775e-02 -8.0419711301435489e-03
518 9.6654448594066602e-04 1.2807954171536323e-03 -1.8994365205233534e-02 -7.3051974182759809e-03
519 1.1117410990654696e-04 9.4631853317594678e-04 -1.7885685426089332e-02 -7.2487214259714088e-03
520 -2.5446813649038061e-05 8.6443302563966602e-04 1.9013693132743297e-02 4.7352588844195896e-03
521 9.0333792809566818e-04 1.3069613703940808e-03 -1.9150627496394863e-02 -7.3127493216420085e-03
522 1.4505179763446500e-03 1.2259440064080734e-03 -3.5450100359638879e-02 -8.3321632723328473e-03
523 1.0384549296919502e-03 1.0855798546761531e-03 7.9254464819742427e-03 4.2518950582515081e-03
524 2.1319255868969749e-04 1.2102825849769651e-03 -2.5639409645025223e-02 -7.5594047962095406e-03
525 2.2538479687248889e-04 9.4463173923902105e-04 -2.3018314248884085e-02 -7.4732892756349013e-03
526 3.6073372605334463e-04 9.6440528346060893e-04 -2.3362251561961225e-02 -7.4854810628209919e-03
527 -1.6284393677926679e-04 7.9258433039082097e-04 5.3475091261498712e-03 3.9666367700365874e-03
528 1.5783175621281916e-04 1.0408487850201054e-03 -1.4352982970487241e-02 -7.4814344926736037e-03
529 7.3001334256353359e-04 1.0593556231303239e-03 -3.6441924754632711e-02 -7.8009680832586718e-03
530 -5.6758469966857556e-04 8.1680759866812854e-04 -3.4034030196139625e-02 -7.7584872009054968e-03
531 -1.2976856533486528e-03 8.3604469658168348e-04 -1.6237941226369713e-02 -7.1541687748089191e-03
532 -1.7715513970053846e-03 5.6467183426605878e-04 -1.3928138809914998e-02 -6.9948018203099486e-03
533 3.0766022664800540e-04 9.6470824848069847e-04 -1.2185533600220455e-02 -3.4992933881246961e-03
534 8.4412814784254060e-04 1.6675275243374123e-03 -1.1062775535931269e-02 -3.4644490899473565e-03
535 -2.7397478178576033e-04 7.4756168846345594e-04 -1.3873074837749078e-02 -6.9905435158617545e-03
536 7.5042586598754587e-05 1.1078341510418316e-03 -9.1328566565007010e-03 -3.3888828643330727e-03
537 -9.3871633447552370e-04 7.8578600145252052e-04 -8.2549317351181522e-03 -3.3455637350637266e-03
538 -6.2730947552707610e-04 8.5479948837159647e-04 -8.9030461908955975e-03 -3.3781853165797573e-03
539 -2.3072226285430464e-03 4.8468182382276699e-04 -9.2832949255295914e-03 -6.5268609690665655e-03
540 -1.2116233012754484e-03 6.7355405356988413e-04 -8.7329976848265333e-03 -6.4519164565970200e-03
541 -3.1231461378417365e-03 5.1892226141737039e-04 1.5488817344468367e-01 1.7499915959432188e-02
542 -1.8470310631581686e-03 6.2565234233415970e-04 1.5959774164606741e-01 1.7523183181598609e-02
543 7.9194971253713315e-04 1.0246319473853685e-03 -4.0650890253508140e-02 -7.8647020293695635e-03
544 8.9071550784952408e-04 1.0668273938132732e-03 -4.4355226575167266e-02 -7.9120307007942391e-03
545 1.1855962468706768e-03 1.0508057027571805e-03 -1.7867398746959980e-02 -3.6170023044690262e-03
546 1.1890582355359279e-04 8.9030102593347284e-04 5.1922745443041636e-03 3.9442080850707693e-03
547 2.7461154183361082e-04 8.6148696571892677e-04 4.7642508572200747e-03 3.8781756846260874e-03
548 -2.5446813649038105e-05 8.6443302563966613e-04 4.9567989159961115e-03 3.9086742737749229e-03
549 -3.9430556369091687e-04 6.9627738308953159e-04 2.6551043940926264e-02 4.8599082125966118e-03
550 -7.5000027236381208e-04 6.8267363008418271e-04 2.7860746366288706e-02 4.8755192347115141e-03
551 -6.8387151128151773e-04 6.8099858938499940e-04 3.7533073860506153e-02 4.9605760717878929e-03
552 -9.2992240481728898e-04 5.7664034605229739e-04 3.9204671088218658e-02 4.9714841923090333e-03
553 1.3675186879374202e-03 1.1074983168756288e-03 -6.2893756282953253e-02 -8.0734926048313446e-03
554 6.1112945099227409e-04 1.0326526989177559e-03 -5.0553136799860919e-02 -7.9775174699290331e-03
555 3.9026327257320813e-05 7.7251867369245906e-04 8.7905414055001393e-03 4.3211100453964943e-03
556 -8.6043381994166032e-04 7.1439112427537795e-04 8.3077657172811077e-03 4.2837293577491315e-03
557 -8.9968343280320384e-04 7.4676956730584563e-04 1.4252224310750142e-02 4.6020568371397778e-03
558 -1.0742410174017785e-03 6.0526136290816885e-04 1.4545347568857359e-02 4.6122987750193802e-03
559 -1.0854370429237228e-03 7.1453580999529076e-04 -2.5509830122561902e-02 -7.5554895318329773e-03
560 1.3117720436072253e-04 9.7661502825381109e-04 5.5752971524680927e-03 3.9982057688535142e-03
561 1.8507637509261279e-04 1.0644881035044471e-03 -1.6201644386566141e-02 -7.1519249740817402e-03
562 -9.3503794949929310e-04 5.3189238038391410e-04 2.0914210158315787e-02 4.7738953912605823e-03
563 -3.5636725126602959e-04 6.5507721930993621e-04 -1.4725284294344427e-02 -3.5614198769458229e-03
564 2.9725636563228571e-04 1.1254367546792406e-03 -1.4092939307717387e-02 -3.5477188063287183e-03
565 -7.4745761603337078e-04 9.8416612346469926e-04 -1.3416033660801848e-02 -3.5318548795023790e-03
566 2.3409130997687191e-04 1.5168030943027745e-03 -4.0537907482201416e-02 -3.2971253991294303e-02
567 -1.5999473090869401e-05 1.0703794737195811e-03 -4.1003334243421126e-02 -3.3046059469208827e-02
568 -1.8179993459305227e-04 1.1080591982760308e-03 -4.4096484622043733e-03 -3.0285374892413883e-03
569 -2.9995328393742684e-04 9.1161328734884819e-04 -4.8447989546543876e-03 -3.0805928573908363e-03
570 5.5875305447851214e-04 9.7788029057583313e-04 -2.5657789779397946e-02 -8.0784695821303903e-03
571 -1.5368045890832814e-03 1.3202604297837348e-03 -2.8093383071416646e-02 -8.1551867908170299e-03
572 -5.1312242293791459e-04 1.4924545748828629e-03 -1.0089371250682551e-02 -6.6274625179670917e-03
573 -2.4384243647813093e-04 9.8384523720574952e-04 -1.0630931013668285e-02 -6.6895981287927071e-03
574 5.7755044709386564e-04 1.1653707526676823e-03 -1.6288351411233717e-02 -3.5913644821942477e-03
575 8.3548435668183367e-05 8.5007536606703741e-04 -1.5857291166523277e-02 -3.5836101573732070e-03
576 8.3013696738300734e-04 1.0181358249124236e-03 -4.5139162213566779e-02 -8.4879492020513460e-03
577 -2.8421509387817974e-04 9.2822991741082345e-04 -4.1984139476476763e-03 -3.0009396381547441e-03
578 -6.8894392637465864e-04 8.8514744686613706e-04 -4.0211392148994151e-03 -2.9764677324477166e-03
579 -3.8854444635838000e-04 9.3678762419223296e-04 -1.4433540007881699e-02 -7.0328000292363786e-03
580 -1.2041452777658652e-03 9.1756374623244361e-04 -1.3015735484301740e-02 -6.9210208422788152e-03
581 -1.1898746735421457e-03 1.1667800819468914e-03 -1.1774603085196204e-02 -6.8083708577749901e-03
582 5.8690301904932435e-04 1.0411634252443351e-03 -1.0729028801426239e-02 -6.7004235905642967e-03
583 8.7314582359877347e-05 9.2756282357354979e-04 -9.7673323248563936e-03 -6.5884968530669791e-03
584 3.6097232160297682e-04 9.8553401628816801e-04 -1.5289771055484040e-02 -7.0929992805793783e-03
585 -2.9207159762319993e-04 6.3046661831646920e-04 -1.4096798188396480e-02 -7.0076977660566090e-03
586 2.6183230770209589e-05 1.0444478957919493e-03 -1.4703001463388187e-02 -7.0522903632524881e-03
587 -6.0999313315091344e-04 7.4079765301260283e-04 -1.2335779967240211e-02 -7.2980017971155898e-03
588 -8.9296096690240107e-04 8.3981062599488849e-04 -1.1208599414076219e-02 -7.1771691593726233e-03
589 -3.6665137549541245e-03 8.4195000345465253e-04 1.5304180007562762e-01 1.7490450265229180e-02
590 -7.3612469643856481e-04 1.0784652296991781e-03 7.0989704555809805e-03 4.1752965682670656e-03
591 -3.2247116480914632e-04 8.3153218884828885e-04 7.3185159525885031e-03 4.1967734401549099e-03
592 -6.6159519834245895e-05 7.1184056556784509e-04 7.6948737009380893e-03 4.2316520576551053e-03
593 -8.3271250003013253e-04 7.7798120179478245e-04 1.1828790757090936e-02 4.5022502327034530e-03
594 -2.9474777340922635e-03 5.7951472931920274e-04 1.5122487458222808e-01 1.7480936872314421e-02
595 -7.8495193697318696e-04 7.8983263317303817e-04 1.5579934842889293e-01 1.7504514255254202e-02
596 3.0417840589378083e-04 1.3133953405464081e-03 -1.7663461265165020e-02 -7.2367519831882743e-03
597 -7.4120357976591975e-05 8.3887497512318769e-04 -1.9002770767643264e-02 -7.3056060953807424e-03
598 6.1112705579564753e-05 8.8097632335408114e-04 -4.6566328849304076e-03 -3.0588288544463492e-03
599 1.6662268978132514e-04 1.0038043675508867e-03 -4.2439453725763030e-03 -3.0070275740892668e-03
600 -9.1617609819395570e-05 9.9843203591583611e-04 -2.6895619360194904e-02 -7.5957389973469258e-03
601 -1.2744521976726640e-03 8.8719663118532800e-04 -9.8471812871377112e-03 -3.4195991108814578e-03
602 -1.1381812476420246e-03 8.7802066730789620e-04 4.9323222140327371e-03 3.9048713624228260e-03
603 2.1241528392900396e-04 1.3266983782476772e-03 -4.4678503625184759e-03 -3.0358607528969310e-03
604 2.5685132984542663e-04 9.4747143826615294e-04 2.2749729375534839e-02 4.8059200720279235e-03
605 4.5496022811518052e-04 1.0312505269840862e-03 2.4421950363028157e-02 4.8314583783535424e-03
606 -4.0178715797653400e-04 6.2496170236345434e-04 -3.9540934652619014e-02 -8.4059329060655504e-03
607 -1.0046702138411334e-03 6.5765059840989463e-04 -4.1113717157543202e-02 -8.4309164523903597e-03
608 2.6101461129229706e-04 7.9252385211983764e-04 4.8709764775937579e-03 3.8952464872195804e-03
609 -4.2484660761897466e-04 7.0942212570307948e-04 2.0891853018696515e-02 4.7734757811122705e-03
610 -8.5814003573172343e-04 8.6168112389889255e-04 9.4872819353869018e-03 4.3701637706081405e-03
611 -1.3377931578621074e-03 6.4974131892550060e-04 8.6019414055353988e-03 4.3068610041962054e-03
612 -1.2601026603301839e-03 8.7100541456604881e-04 9.0644710274749279e-03 4.3410450115958293e-03
613 -8.4413691974076380e-04 6.3038713910672077e-04 2.6813327684026063e-02 4.8631405870310741e-03
614 -6.7171819760641839e-04 6.6210877987708100e-04 1.7930245417587119e-02 4.7101686077341198e-03
615 -9.1530654407659265e-04 5.4949753094536615e-04 -1.7451622613670552e-02 -7.2251266327738647e-03
616 -3.4828655437663672e-04 8.9430808099330670e-04 -1.7264524279480192e-02 -7.2146795272022184e-03
617 -1.8303204003754508e-04 8.4848403431847877e-04 2.0397088878365541e-02 4.7639896480970844e-03
618 -6.9527374951133933e-04 1.0056004327600317e-03 -4.0145666722407693e-02 -7.8576631898564214e-03
619 -3.5958625045571347e-04 9.5912416738982954e-04 -6.4514560541515491e-03 -3.2301457531471538e-03
620 -1.0438012354222742e-04 1.4957972365187446e-03 -4.0900557462764990e-02 -3.3029621868825507e-02
621 1.3354127972943787e-05 1.0602093717364677e-03 -1.5269142366604588e-02 -7.0916068003256680e-03
622 -9.1530654407659265e-04 5.4949753094536615e-04 -1.5448490957754480e-02 -7.1036221575906076e-03
623 -1.4143281792003434e-03 5.0268686240211426e-04 -1.0129953039574547e-02 -3.4308008706266705e-03
624 6.1537220868575768e-04 1.0798416314921171e-03 -1.0847926689262419e-02 -3.4571150879463240e-03
625 6.8180691878395600e-04 1.1974539869711674e-03 5.6254800870533172e-03 4.0049554897259977e-03
626 1.3971973206475068e-04 1.1442581916701197e-03 -1.3243678132513519e-02 -6.9401165622176471e-03
627 5.7539195380756328e-04 9.8834388379709262e-04 -1.3343337999157328e-02 -6.9483225507232750e-03
628 6.6262014147617455e-05 9.4874868805512927e-04 -1.4060191609327933e-02 -7.0049174461802597e-03
629 -1.3690130455559882e-04 9.1761295898504106e-04 -8.2627641006063294e-03 -6.3833559873104880e-03
630 -5.6758469966857556e-04 8.1680759866812908e-04 1.5530992618625976e-02 4.6444090488701019e-03
631 -6.0999313315091323e-04 7.4079765301260229e-04 -2.4739775452691785e-02 -7.5315302635975776e-03
632 -9.3375088112682413e-05 8.7617007354933059e-04 -2.6731276032742984e-02 -7.5911464314800774e-03
633 4.0889907525455910e-04 1.1353730916428687e-03 -2.7541173084554827e-02 -7.6133374801056006e-03
634 -1.8457154209043070e-03 9.0217470607400682e-04 3.0155426036699996e-02 4.8999970269560499e-03
635 -1.6619086941583336e-04 1.1858340967813926e-03 -5.1123442074545111e-02 -7.9828416987764612e-03
636 -3.1793281353041062e-04 8.0698168543710846e-04 -5.5107875063980710e-02 -8.0173275719136444e-03
637 9.0111464575925776e-04 1.3511678998993719e-03 -5.8596241518634455e-02 -8.0441137497084085e-03
638 -1.0058137020243828e-03 9.6349534579127591e-04 2.5069058363173878e-02 4.8405474829153290e-03
639 -2.5995699031804600e-03 5.4766346365404646e-04 1.1873264927280584e-01 1.7268404234365497e-02
640 -2.6450094336517016e-03 3.5768297148086776e-04 1.2620728942475110e-01 1.7325783460910415e-02
641 -1.0083125489391250e-03 6.3835759909468346e-04 -1.9569496877134072e-02 -7.3325283737914219e-03
642 1.1038288883115130e-04 1.2885673217492525e-03 -2.0086686873704136e-02 -7.3560567957780204e-03
643 6.6284676336213124e-04 1.1016437499016794e-03 -1.1673753192891956e-02 -7.2288550911133150e-03
644 3.1898712910108314e-04 9.7442665921269390e-04 -1.2807402917029878e-02 -7.3443535202710915e-03
645 -1.3973133372983716e-03 8.8827746821530022e-04 4.8026393998748564e-02 5.0177793057544625e-03
646 -2.2887001879239575e-04 7.5071359531177217e-04 -9.2509738997480807e-03 -6.9262903159300867e-03
647 -7.9470542729815870e-04 1.4883263979150563e-03 -3.0639555885534256e-02 -8.2244688649951419e-03
648 3.1314673336000995e-06 7.4084046980329261e-04 -2.9427523920219245e-02 -8.1927315403129038e-03
649 3.0725606968981148e-04 8.5474166240869767e-04 -7.3559568807772631e-03 -6.2377752421655429e-03
650 2.6549813456223594e-05 8.1862515283774822e-04 3.0032159217540665e-02 4.8987653785964634e-03
651 6.5144905171984424e-04 9.1142593825355384e-04 1.4531698414298645e-02 4.6118293066818861e-03
652 -6.6341931703689560e-04 5.7421088057741038e-04 1.4078114265267354e-02 4.5958104422002101e-03
653 1.6127585449459457e-03 1.2677301361816444e-03 -4.5278094340559120e-02 -7.9227688364422681e-03
654 8.8908902776232372e-04 1.5051010243269534e-03 -4.0885059661390846e-02 -7.8679133940608801e-03
655 5.0883834095265001e-06 9.6019938246841015e-04 -1.9239875712956565e-02 -7.8051603152011180e-03
656 7.5249904611900454e-05 8.6996013641250068e-04 -1.9515317141350901e-02 -7.8197215893750470e-03
657 -8.0499351775369316e-04 9.4816408547088074e-04 2.4896906702336453e-02 4.8381694101223499e-03
658 -4.1363260091474780e-04 1.4111028231037453e-03 -3.9060398573122754e-02 -3.2727378078461634e-02
659 -1.2990665777888736e-03 8.9789439857839316e-04 2.0257200205507933e-02 4.7612361556187699e-03
660 -7.4120357976592015e-05 8.3887497512318845e-04 -3.0407586419863873e-02 -7.6838556561645878e-03
661 5.2902510605273899e-04 9.9651258419099914e-04 -3.3187310517543103e-02 -7.7423049760271916e-03
662 -1.3127209037201251e-03 5.3157142267277037e-04 6.4597319395391841e-03 4.1074571431877821e-03
663 -1.3928946932687016e-03 7.1224386531219808e-04 -3.6532323581953182e-03 -2.9214348654146853e-03
664 -5.6702144990704144e-04 8.4222866263906329e-04 9.7528228274631791e-03 4.3875001651885997e-03
665 8.2585239804855415e-04 1.1863973128778734e-03 -3.4357464194133769e-02 -7.7644886743086158e-03
666 -1.1438812910890782e-03 7.9678057197936825e-04 -9.3495232938242620e-03 -6.9403896625777383e-03
667 2.4443216452899159e-05 9.3976298389433701e-04 -2.7029515680689058e-02 -7.5994464687495732e-03
668 -9.1483659365028196e-04 8.6059206466165264e-04 -1.6513433818727479e-02 -7.1709591413055204e-03
669 -1.0587118863188123e-03 7.0098084571371502e-04 6.0827603338686528e-03 4.0632947337543917e-03
670 -9.3375088112682413e-05 8.7617007354933048e-04 6.6707161102239751e-03 4.1307743377790376e-03
671 -1.4491739723388642e-03 1.2045720732141024e-03 -1.5172353405202140e-02 -3.5705198430979390e-03
672 3.1287627736026688e-04 9.9932090058152422e-04 -1.3669639700822052e-02 -3.5379529550674349e-03
673 -6.4801186515419263e-04 7.7655592989032084e-04 8.0545990484714013e-03 4.2628833969618977e-03
674 3.9236774162357930e-04 9.4845437484852456e-04 7.8818850711038502e-03 4.2481329770027963e-03
675 -1.2172401862087772e-03 5.9281215063737883e-04 7.5608172447969441e-03 4.2194979482520654e-03
676 -9.2992240481728887e-04 5.7664034605229783e-04 -1.1210324828573820e-02 -6.7517471603911567e-03
677 -1.2978515544513321e-04 1.2267972783539150e-03 -4.0370549580682855e-02 -3.2944123308839862e-02
678 1.5911360192602142e-03 1.5922269734559668e-03 -4.1013412187633255e-02 -3.3047668824094108e-02
679 8.0720243274842762e-04 1.6981862347144356e-03 -4.0908742553854217e-02 -3.3030932628471871e-02
680 9.7694249304000483e-04 1.0646829693441570e-03 -2.1480237088346597e-02 -7.4149621702933807e-03
681 1.0574428028334048e-03 1.1383970295729406e-03 -2.1600874063912166e-02 -7.4197764231376459e-03
682 8.2264045368090472e-04 1.0852526043517027e-03 -2.0139098261333650e-02 -7.3583881600995452e-03
683 6.1990052224656256e-04 1.1154904436954660e-03 -2.1000993103879529e-02 -7.3954037964043548e-03
684 -3.2733247464653670e-04 1.1031569335640185e-03 -2.3287876529944376e-02 -3.6815124056079570e-03
685 2.8595082398052523e-04 1.0901773978148862e-03 -3.1491431312334783e-02 -8.2455482147191731e-03
686 8.8945352739363832e-04 1.7560284125276516e-03 -4.0203854322512327e-02 -3.2916976680319746e-02
687 4.9534166215443355e-04 1.3341043348617813e-03 -1.7815353225285897e-02 -7.7244741039300228e-03
688 6.8345581928642963e-04 1.0141895744636544e-03 -4.9040238115346330e-02 -7.9628699680660813e-03
689 -1.0384553544770313e-03 8.2705105994021824e-04 -8.5330909831376443e-03 -6.8180838942416755e-03
690 -6.0104710217006685e-04 7.1747115762572271e-04 -7.7827127732470244e-03 -6.6935664705557061e-03
691 -1.0701547736001391e-03 7.1504222197359959e-04 -2.7325557925917874e-02 -7.6075364302905547e-03
692 6.2659931804476168e-04 9.3311506141246061e-04 -2.0782336426106274e-02 -7.3862431213051775e-03
693 -1.8533859674407902e-04 8.0758868144835795e-04 2.5142030560228679e-02 4.8415469965354396e-03
694 -2.1999786804778634e-04 8.1879251979389786e-04 2.8497329931003582e-02 4.8826540189131854e-03
695 -7.2062005926843309e-04 7.5051056174643943e-04 2.8358001615024830e-02 4.8811163168893364e-03
696 -1.1760848594336780e-04 1.0217647849468411e-03 -1.0403162561910366e-02 -6.6639640984831839e-03
697 -5.3813609210589164e-04 8.3173990367362092e-04 -4.7172722476835946e-02 -7.9436617289411135e-03
698 -7.5048613845262846e-04 8.4599810488377412e-04 5.5472613581877793e-03 3.9944033122479971e-03
699 1.1094903017487575e-04 1.2142005002895447e-03 -2.3070721378199696e-02 -7.9828596314570014e-03
700 4.9913248327254438e-04 9.1365571271064211e-04 -2.3908991371641149e-02 -8.0156567912711175e-03
701 -1.6186842279736001e-03 6.6880960988444104e-04 1.5674638747985573e-01 1.7509243543555302e-02
702 -2.6055722275502608e-03 8.9535776635267061e-04 1.6809237899561999e-01 1.7562227570140618e-02
703 -3.8897092288360578e-04 7.9182389536057495e-04 -1.1269005321258218e-02 -3.4712741183334770e-03
704 6.8345581928642963e-04 1.0141895744636548e-03 -5.5125872876659862e-02 -8.0174733945268372e-03
705 1.2546430874628826e-03 1.2930067524107049e-03 -5.3097569360803017e-02 -8.0004952986941526e-03
706 1.3349626008714253e-04 9.7579179041164580e-04 -9.0809592231545465e-03 -3.3865040533857973e-03
707 -2.8303764360955517e-04 8.0617061120717714e-04 -8.3002144300522041e-03 -3.3479695489711447e-03
708 5.7287617289425235e-04 1.0443742596200531e-03 -8.4674593699550823e-03 -3.3566837714538228e-03
709 1.6253641349662517e-03 1.4106429188258077e-03 -2.8308610263872692e-02 -8.1614413403602488e-03
710 1.0326616786384614e-03 1.3138234639675438e-03 9.7091825246942900e-03 4.3846989923853634e-03
711 -1.1785271170130270e-03 8.7814203402888176e-04 4.3753501864207990e-02 4.9974127336272359e-03
712 -5.9000341126681983e-04 9.5751533242166402e-04 4.6068678849619502e-02 5.0088617039407007e-03
713 -2.9109587526305138e-03 7.9797183624860440e-04 1.3949888001373317e-01 1.7414322569085462e-02
714 -4.1313317490095254e-04 7.4675026246255854e-04 -3.8675085472706437e-03 -2.9542168474871069e-03
715 -5.4696967338068933e-04 7.6636170494964588e-04 -3.8172137902176087e-03 -2.9467104874655397e-03
716 -2.0518929140630679e-03 1.0712063064933807e-03 1.7243463884041382e-01 1.7580870270787842e-02
717 6.6556069808392979e-04 1.2196341394754471e-03 -2.6489492993964987e-02 -8.1059630829069442e-03
718 8.5711922806255760e-04 9.5872081876612124e-04 -4.7437362640088208e-02 -7.9464639034222007e-03
719 7.4990806745404558e-04 1.1523718339063397e-03 1.3152259971470058e-02 4.5603833939717045e-03
720 -1.9188110826237638e-03 4.9840902461688135e-04 1.4874085043698976e-01 1.7467599592103682e-02
721 -7.2968984373651051e-04 6.3513340835830926e-04 1.4476005685830315e-01 1.7445386818715717e-02
722 -7.9570447673029223e-04 8.2039881643697604e-04 7.3767193443799164e-03 4.2023235006598868e-03
723 2.5931118245832381e-04 1.1020935373767080e-03 -2.4416178196059474e-02 -7.5210939230558674e-03
724 1.4254405247477945e-03 1.0706803379601495e-03 7.6952567194222840e-03 4.2316863703842607e-03
725 1.0359997000251159e-03 1.0253136315746451e-03 5.3521056948703395e-03 3.9672893245164403e-03
726 -6.4252599279243926e-05 7.8714181273801750e-04 4.8709764775937579e-03 3.8952464872195804e-03
727 1.7412938567243721e-04 8.8002201975442374e-04 2.7093040945890767e-02 4.8665277388742828e-03
728 -6.0104710217006685e-04 7.1747115762572271e-04 2.2875372230608471e-02 4.8079503101292531e-03
729 -1.4982019154504192e-04 7.7910780280517923e-04 2.2477448341743304e-02 4.8014535011550990e-03
730 -2.0177739061767951e-03 6.3602189348350372e-04 -8.6184645437667948e-03 -6.4356177432356729e-03
731 6.0082007810571760e-04 9.7903683297962058e-04 -2.8697635305773760e-02 -7.6432061411972592e-03
732 3.9632681658932005e-04 1.2909217374193146e-03 -2.6189981383930243e-02 -7.5756835926821531e-03
733 -1.0793656246679696e-03 6.6499354340564948e-04 1.0647873419632430e-02 4.4411263619553104e-03
734 -9.2992240481728919e-04 5.7664034605229761e-04 1.7286355455003878e-02 4.6940163761957079e-03
735 4.6491782232538454e-05 1.0476148185413730e-03 -9.6684283006617452e-03 -3.4122500550791968e-03
736 2.8285115810473452e-04 1.1314171885817672e-03 -1.0769240915261101e-02 -3.4543698256031320e-03
737 6.5127730927118453e-04 1.2758994351935969e-03 -1.0071801014364329e-02 -3.4285382906612616e-03
738 1.0653100675869849e-03 1.4594876737226083e-03 -2.5430472225022625e-02 -8.0707012866932989e-03
739 1.0911570223022385e-03 1.7483388029582892e-03 -4.0616949333986158e-02 -3.2984024690270036e-02
740 -2.3396258601916968e-04 1.2081824039343035e-03 -3.1031985517819174e-02 -7.6977547199569875e-03
741 -7.7345786188246272e-04 7.5352428512698289e-04 -2.9540245349938765e-02 -7.6637307987390615e-03
742 -8.9968343280320373e-04 7.4676956730584465e-04 -1.6543522316569768e-02 -7.1727676309165170e-03
743 1.0269320060817383e-03 1.5005972624078613e-03 -1.1484309643036403e-02 -6.7796990397376170e-03
744 -3.5989570120767872e-04 9.5531178931188389e-04 4.3508189669802237e-02 4.9961368220574707e-03
745 3.3322846735099539e-04 1.4026614539533080e-03 -4.1070274272093477e-02 -3.3056740958291239e-02
746 2.4872008719187131e-04 1.0585754489629109e-03 -3.1336035096005105e-02 -7.7043531602984348e-03
747 1.4774117337513824e-03 1.3974287944139147e-03 -4.5779802607815466e-02 -7.9284480287329477e-03
748 1.0479920717282726e-03 1.0970391617477271e-03 -5.0123168420612894e-02 -7.9734333543762387e-03
749 -3.4265599137879777e-04 6.5513962246333414e-04 1.9871473380891107e-02 4.7534734350286514e-03
750 -4.5363243141189996e-06 7.3685792446380504e-04 2.1739328415108502e-02 4.7888641189981155e-03
751 4.5047272679548056e-04 1.0262925201137856e-03 -1.3074717003331068e-02 -6.9260062098076107e-03
752 1.7990890381501987e-04 9.5012072679516620e-04 -8.3296508215661251e-03 -6.3933783079987835e-03
753 -4.9344587276569686e-04 9.1742348668729377e-04 -7.7178991845423114e-03 -6.2981412208076206e-03
754 -9.2261903983991268e-04 9.0651455864549507e-04 -1.1478080720014236e-02 -6.7790733351994316e-03
755 -1.4156769468431609e-04 1.1268555621151489e-03 -9.1795743301670459e-03 -3.3910062302765580e-03
756 -4.8015682926291016e-04 8.1016514190264659e-04 -5.3001112897619843e-02 -7.9996595580049852e-03
757 -9.2822503502474057e-04 7.4077022962690795e-04 6.1674860675289172e-03 4.0735135372013068e-03
758 -8.9739291072433352e-04 5.8198501391837658e-04 -4.4988696023544765e-02 -7.9194428024984640e-03
759 -8.1650369769371595e-04 8.7488412917758934e-04 -5.3464178072979360e-03 -3.1336814350813764e-03
760 -2.1067859872485960e-04 1.0390853717978114e-03 5.6180564981137705e-03 4.0039615374666462e-03
761 1.0425857156385104e-03 1.8668385557819608e-03 -3.9545499037035046e-02 -3.2808543016859461e-02
762 -3.0979327786802139e-04 1.0589374569580845e-03 -4.9502758602671280e-03 -3.0923294297934643e-03
763 -6.9936452038565368e-04 7.7921513803083263e-04 5.6078383206079581e-03 4.0025908464573594e-03
764 -2.6534268724975424e-04 7.1701562882113545e-04 -3.9927912613152532e-02 -3.2871766277617814e-02
765 -2.5560330618569006e-04 7.5832513274137260e-04 -1.1255842344330141e-02 -3.4708445971416350e-03
766 -9.7200372232914418e-05 8.1149961350569788e-04 -1.2159014741746388e-02 -6.8449203212267206e-03
767 -7.2931429377959495e-04 8.2398711686661045e-04 -1.1072989871995599e-02 -6.7373977664332363e-03
768 -9.1530654407659200e-04 5.4949753094536572e-04 2.5793806979181017e-02 4.8502566868864833e-03
769 -1.4143281792003443e-03 5.0268686240211469e-04 1.2449086977183461e-01 1.7313143563275374e-02
770 1.5740585900104491e-03 1.1520803193187819e-03 -5.0704607164960787e-02 -7.9789417836423765e-03
771 1.2240305178346084e-03 1.3531085673799878e-03 -3.8788143148819960e-02 -3.2681345508314107e-02
772 5.2764016425051879e-04 1.0359471902297282e-03 -5.2669470430481410e-02 -8.5739723185727541e-03
773 3.9899180287127507e-04 9.6752434114827216e-04 -5.8626318362122246e-02 -8.6281417881268630e-03
774 1.8244939477263578e-04 1.4060573490187857e-03 -3.6591360437501289e-02 -7.8034460360457197e-03
775 -1.3375480424441483e-04 9.2535225379576321e-04 -7.4776820245689886e-03 -3.3008884495761871e-03
776 -2.6116906959813558e-04 8.8712713601187660e-04 2.0754238237553801e-02 4.7708759929376019e-03
777 -3.8691970427261035e-03 3.0113757684559146e-04 1.6809237899561999e-01 1.7562227570140618e-02
778 -1.3749813627280619e-03 5.1317181347439796e-04 1.4874085043694488e-01 1.7467599592103440e-02
779 5.4278646245334023e-04 9.2382796750788414e-04 -6.1852485537014182e-02 -8.0667044806867136e-03
780 1.3394014397561788e-03 1.1245999352215627e-03 -5.9366324636402922e-02 -8.6342021171827484e-03
781 6.0082007810571727e-04 9.7903683297962101e-04 -5.6148470607085561e-02 -8.6068332975655741e-03
782 -7.4045394269669563e-04 7.2505915943915178e-04 1.8068072722879441e-02 4.7135004782755344e-03
783 -1.1886465464003260e-03 7.9533610396652322e-04 9.6131090871751819e-03 4.3784663835966745e-03
784 2.0202726216857032e-04 8.4624745909029503e-04 1.1542705695704279e-02 4.4883291029671670e-03
785 -8.6997159530505849e-04 1.3592846940327294e-03 -4.0203854322515373e-02 -3.2916976680320245e-02
786 -2.0986548295936383e-03 7.4200621020548542e-04 3.4921167327375782e-02 4.9417067391172636e-03
787 -2.8303764360955512e-04 8.0617061120717725e-04 3.6327416401236941e-02 4.9521625327314835e-03
788 -8.2418747216622332e-04 8.8890895354272080e-04 -1.3709309111433556e-02 -6.9777364486039847e-03
789 -2.6534268724975424e-04 7.1701562882113534e-04 4.0757515262454483e-02 4.9809080938409446e-03
790 -3.9407408432732535e-04 7.1527722566365741e-04 4.1598176877620047e-02 4.9857504695813744e-03
791 4.8083446200094984e-04 1.0928434383581087e-03 -1.3556151482377354e-02 -6.9655624041758644e-03
792 -7.7345786188246239e-04 7.5352428512698267e-04 1.6124037597366825e-01 1.7531015963792449e-02
793 2.9560295726514086e-04 8.7268143085016635e-04 -4.0999637968016651e-02 -7.8694731261456635e-03
794 -6.3076705411884627e-06 9.2491820633629120e-04 -2.9392045480497488e-02 -7.6601924680336445e-03
795 2.0524674040533933e-04 1.2225293001818219e-03 -8.2750017685304638e-03 -6.3851965837283132e-03
796 3.4128418170690594e-04 1.0261781171864073e-03 -7.7285582164114408e-03 -6.2998718028791680e-03
797 2.0371515976504092e-04 1.4359893588823517e-03 8.2499416606288418e-03 4.2790468419567820e-03
798 4.9913248327254438e-04 9.1365571271064244e-04 -6.2245434885917307e-02 -8.6565717816376869e-03
799 -4.8454466160754805e-04 7.8077287561026626e-04 -5.9407340191336658e-02 -8.6345341384883242e-03
800 -1.2783187721363538e-03 6.8657238549298030e-04 5.6345698248092026e-03 4.0061703917576661e-03
801 3.3839113692413545e-04 9.0024907706600472e-04 6.4456432266989825e-03 4.1058655682577015e-03
802 -2.2887001879239572e-04 7.5071359531177152e-04 9.7172812737190348e-03 4.3852202344404094e-03
803 -2.2776004326957762e-03 1.5078773439511652e-03 -4.1281547746289872e-02 -3.3090327004354721e-02
804 -1.2095170140222307e-03 5.8157696695534749e-04 -3.5230511129252240e-03 -2.9004499656721605e-03
805 -2.3265289584293894e-04 8.5002772674194098e-04 4.8026393998748564e-02 5.0177793057544625e-03
806 -1.2218847253122296e-04 9.7051814189481899e-04 -1.4061104228981084e-02 -7.4571430670656250e-03
807 7.3035156631742035e-05 1.1756531656774486e-03 -3.6652032518919596e-02 -8.3552939086674570e-03
808 -1.7041380333720658e-04 7.9026179982404196e-04 -5.1106107101518148e-03 -3.1095681998922625e-03
809 -5.9356983515134222e-05 9.9488140983307739e-04 -6.7415774122680369e-03 -3.2517174887320048e-03
810 1.7095305214781881e-04 1.0408195062672344e-03 -2.1709021682801130e-02 -7.4240559492676174e-03
811 -1.6988405103386404e-05 7.4819278592515922e-04 3.0177508215698135e-02 4.9002167368339062e-03
812 -1.6988405103386404e-05 7.4819278592515922e-04 2.3037908944932118e-02 4.8105484337815502e-03
813 5.5320677383533488e-04 9.3287435169548565e-04 2.0319408072310492e-02 4.7624646026044482e-03
814 -5.8760308731505993e-04 6.4486822421574411e-04 2.2203097292880773e-02 4.7968580083436888e-03
815 -1.3375480424441470e-04 9.2535225379576321e-04 -7.6332774113379853e-03 -6.2843082589563483e-03
816 -2.8354346791499780e-04 1.2026091259839968e-03 -1.0502590366909859e-02 -6.6752410417989950e-03
817 -2.0970032650182505e-03 5.7927654538333007e-04 -1.0498527021306162e-02 -6.6747828434225486e-03
818 -1.1856356555418521e-03 7.8941858339139819e-04 -1.9787856089084854e-02 -7.3425795393883249e-03
819 -4.8015682926291005e-04 8.1016514190264659e-04 -1.3462251498896242e-02 -7.4050526191892741e-03
820 -1.0384553544770315e-03 8.2705105994021813e-04 -2.2634897743181035e-02 -7.4593464559193383e-03
821 -1.5766024557863202e-03 6.9184268128442581e-04 1.9433487036398737e-02 4.7443430534257289e-03
822 -3.4478962826876877e-03 6.6926423164878070e-04 1.6511817884940555e-01 1.7548960483375155e-02
823 3.0725606968981170e-04 8.5474166240869811e-04 -1.2995190547875580e-02 -7.3621806755207889e-03
824 -1.7041380333720650e-04 7.9026179982404163e-04 -8.7071624810580086e-03 -3.3687219957135198e-03
825 -6.4252599279243885e-05 7.8714181273801750e-04 7.5433867580353593e-03 4.2178961541453636e-03
826 -6.1260934924576703e-04 6.6962733296608873e-04 -7.1154614515401759e-03 -3.2776228279561052e-03
827 1.3102132614164527e-03 1.0350069935075585e-03 -6.0613966929005440e-02 -8.0583638200203422e-03
828 -1.0719214772080756e-03 6.9778348298009905e-04 5.2372376831208919e-03 3.9507835078628076e-03
829 -7.0660042178248596e-05 9.0407514787495312e-04 -1.1406940013149177e-02 -6.7718952609876993e-03
830 -1.3250403473177535e-03 7.8089261976962109e-04 -1.2500662106117940e-02 -6.8761202892471838e-03
831 -2.4083593600320881e-05 8.8626635056630182e-04 -3.2794671444777351e-02 -3.7479536282633958e-03
832 6.2939429051676020e-04 1.0719176900009218e-03 -3.1045108631110648e-02 -3.7384405013606873e-03
833 -7.9711487126469529e-05 8.8730323085976358e-04 -2.6786364121531497e-02 -3.7107743823066295e-03
834 1.7990890381501995e-04 9.5012072679516620e-04 -1.3362864936127912e-02 -6.9499203885430858e-03
835 1.5492532915060784e-03 1.3216271811099317e-03 -7.8160834624984507e-03 -3.3211608314391455e-03
836 -3.9407408432732524e-04 7.1527722566365731e-04 -7.8623569682216340e-03 -3.3238307830998522e-03
837 -6.3267326159124155e-04 8.1007049417472488e-04 1.4122971015725780e-02 4.5974316171838951e-03
838 1.1183520305180768e-03 1.3944464739226517e-03 7.4718303217952194e-03 4.2112675952343083e-03
839 8.3856655371432603e-04 1.5658302847968116e-03 -3.9381009532970246e-02 -3.2781143119510969e-02
840 -8.8835703028570135e-04 6.9158437209243832e-04 -1.4106690607749092e-02 -7.0084473476186553e-03
841 -2.6534268724975424e-04 7.1701562882113524e-04 -5.6118529577291023e-03 -3.1591939944123327e-03
842 -2.1296606349121418e-03 5.3175664789140641e-04 -3.8842289997507537e-02 -7.8387761421144630e-03
843 1.2065820275278179e-04 1.6648053188581065e-03 -4.1866395992178347e-02 -3.3182309598135541e-02
844 5.7539195380756328e-04 9.8834388379709240e-04 -1.7005242229008309e-02 -7.6741354102707153e-03
845 1.1696246796676015e-03 1.0928003225582847e-03 -1.8743762895855401e-02 -7.7781145775958349e-03
846 6.3425570318145308e-04 1.0586556776568010e-03 -1.2400423971347024e-02 -6.8670873655048235e-03
847 -7.8495193697318696e-04 7.8983263317303752e-04 -1.3144229381537436e-02 -6.9318418392864478e-03
848 -4.1313317490095254e-04 7.4675026246255865e-04 2.6277855348708853e-02 4.8564819269485615e-03
849 5.4913372557713264e-05 1.0318256504637971e-03 -8.0825084015273448e-03 -6.3558807401435076e-03
850 -3.0333922949791066e-04 1.0379035569357822e-03 -7.6332774113379853e-03 -6.2843082589563483e-03
851 -1.3563200733988191e-04 9.2232612651453507e-04 -7.4674291389793500e-03 -6.2567046326470772e-03
852 -2.4083593600320942e-05 8.8626635056630160e-04 -2.0700383824851950e-02 -7.8789379072283089e-03
853 -8.3036554583735877e-05 1.0139393797854949e-03 -3.9180988463841000e-02 -3.2747656442613168e-02
854 9.9838034630841304e-04 1.2383677609314808e-03 6.1391824174057644e-03 4.0701193231022365e-03
855 1.3151094053484294e-03 1.1730527914765598e-03 -3.8177023074861552e-02 -7.8287081343624779e-03
856 -2.8218934545700852e-05 7.9536499477379861e-04 1.6176348722212970e-02 4.6636807659201432e-03
857 -5.8760308731506026e-04 6.4486822421574378e-04 -5.9250206249788898e-02 -8.6332599499048673e-03
858 9.6777308520206134e-04 9.8814358245476034e-04 -5.4295769048374527e-02 -8.5897922776392126e-03
859 1.0465857249473526e-03 1.0604038016271660e-03 -6.7210026398497894e-02 -8.0996438801180116e-03
860 6.2659931804476200e-04 9.3311506141246061e-04 -5.8037122263318239e-02 -8.0400111616643621e-03
861 -7.5294817106808605e-04 1.3184852845776454e-03 -3.1619127265039015e-02 -8.2486258369821840e-03
862 -1.5766024557863200e-03 6.9184268128442581e-04 -7.5601689335508190e-03 -6.2722214591054860e-03
863 3.0725606968981170e-04 8.5474166240869811e-04 -4.1691977997715263e-02 -3.3155028887019988e-02
864 2.3507839700303985e-04 8.3296664759230853e-04 -2.1631816633219836e-02 -7.9219073185301751e-03
865 2.9560295726514108e-04 8.7268143085016678e-04 -3.0446564229844576e-02 -7.6847373563124748e-03
866 1.1890582355359273e-04 8.9030102593347284e-04 1.6090050903615416e-01 1.7529406908855415e-02
867 1.1273436640610306e-03 1.0964433719817331e-03 5.8215212857253449e-03 4.0306475872904828e-03
868 2.0344005422867384e-04 9.2031715225479452e-04 -2.8846878046391886e-02 -7.6469145940353004e-03
869 2.6101461129229695e-04 7.9252385211983775e-04 5.8795312829391638e-03 4.0380499856551852e-03
870 4.0371597348125174e-04 1.0636080363716268e-03 -2.2913618236772324e-02 -7.9765006826280887e-03
871 7.1448196929990260e-04 1.2458957717537472e-03 -6.7371037463072422e-02 -8.6922024430392403e-03
872 -9.1193039916229169e-04 6.6646592242864614e-04 1.0710721654774517e-02 4.4446369014833351e-03
873 -2.3503887955761196e-04 7.7674919790493156e-04 -6.4938553793863124e-02 -8.6759100597024411e-03
874 7.8551060916162794e-04 1.0705503230330426e-03 -7.0603695445160861e-02 -8.1182141094567530e-03
875 -3.9694523559682909e-05 8.7619230427717272e-04 -1.4017407086590635e-02 -7.0016548397934817e-03
876 -4.3241541987201065e-05 6.9567653818818455e-04 -3.4478680507747328e-02 -3.7563014804690184e-03
877 -2.3265289584293897e-04 8.5002772674194142e-04 -1.0644830584270140e-02 -7.1107657840701836e-03
878 -1.4129066999732918e-04 7.5993629052122547e-04 -1.2578256396885923e-02 -3.5102603624607297e-03
879 1.2099236867108683e-04 9.8827266874014562e-04 -3.1020012183922106e-02 -3.7382971754390828e-03
880 -2.3503887955761196e-04 7.7674919790493156e-04 -4.1403300059546934e-02 -3.3109595141366431e-02
881 -6.4712968542286504e-04 6.5046808781740306e-04 -5.0457065814879486e-02 -7.9766102121505752e-03
882 -8.1650369769371801e-04 8.7488412917758782e-04 1.6051422171558152e-02 4.6600500109333061e-03
883 -6.6007174183788510e-04 1.0142007380614675e-03 1.6260566745130989e-02 4.6661023725136043e-03
884 -1.0635704486755754e-03 6.7173472669787744e-04 1.4724439687428977e-02 4.6183931332967037e-03
885 -9.9195092176911038e-04 7.4756450676797224e-04 1.4357088470286257e-02 4.6057597663443396e-03
886 -9.2822503502473937e-04 7.4077022962690893e-04 1.4672424264665050e-02 4.6166355525144535e-03
887 -1.0686478125820982e-03 6.5720570592501246e-04 1.3129405055181185e-02 4.5594585930724824e-03
888 -9.9489363563235074e-04 6.3730388017495569e-04 1.3035169993920645e-02 4.5556182579575746e-03
889 -8.9277522649197400e-04 6.9175859107305910e-04 1.4132211315888574e-02 4.5977645403421528e-03
890 -1.0638120171455752e-03 6.1692939302515376e-04 1.4122971015725780e-02 4.5974316171838951e-03
891 -2.1067859872557745e-04 1.0390853717976000e-03 1.5766292577643625e-02 4.6515859678344729e-03
892 -6.9697390817845750e-04 7.8401075082855647e-04 1.4848572442449037e-02 4.6225469960529684e-03
893 -1.0883535156319135e-03 6.2038337873537527e-04 1.1443587514398050e-02 4.4833807336809011e-03
894 -1.1753761699612507e-03 6.9397205589183495e-04 1.1835665280896045e-02 4.5025783172810965e-03
895 -6.6085200626205605e-04 7.7000646178723589e-04 1.1143558496734268e-02 4.4679910708050313e-03
896 1.2099236867108701e-04 9.8827266874014562e-04 1.6388319336010770e-02 4.6697364379282786e-03
897 3.9899180287126412e-04 9.6752434114827021e-04 1.2870489326789029e-02 4.5488001082662419e-03
898 -7.2781822142315865e-04 7.2177273002358789e-04 1.6431288795436077e-02 4.6709482346639136e-03
899 -6.3798558765697786e-04 7.6079456263308289e-04 1.5249754339150060e-02 4.6355932501679509e-03
900 5.2764016425007774e-04 1.0359471902295267e-03 1.0483142624295512e-02 4.4317743774664698e-03
901 -8.3553217273823707e-04 7.1764337878306027e-04 1.1586400717141596e-02 4.4904897394272272e-03
902 3.7674536364742440e-04 1.1610678700702088e-03 1.3152259971470058e-02 4.5603833939717045e-03
903 2.0347985401889456e-04 1.1629953192099801e-03 1.2002644915454438e-02 4.5104573606421011e-03
904 6.5127730927118442e-04 1.2758994351935969e-03 1.1828790757090936e-02 4.5022502327034530e-03
905 -1.6685450993650708e-04 9.1170392803203580e-04 1.0647873419632430e-02 4.4411263619553104e-03
906 3.9632681658931376e-04 1.2909217374193127e-03 1.0585615735109735e-02 4.4376177567074186e-03
907 -5.4188292875174482e-04 8.6561855411922811e-04 1.0668756797163080e-02 4.4422963268374530e-03
908 -6.6039728153728075e-04 7.3579092749905298e-04 1.1391043396007100e-02 4.4807306265286844e-03
909 -9.1193039916229169e-04 6.6646592242864604e-04 1.2694136621035031e-02 4.5413437589336414e-03
910 2.6018210350199343e-05 1.0610742509846594e-03 1.0342325602608008e-02 4.4236026621141539e-03
