911 4 BEM3DMeshData
1 -3.2126778733640544e-03 4.9103311904546421e-02 0.0000000000000000e+00 0.0000000000000000e+00
0 -2.3985723278624463e-03 4.9893052526642938e-02 0.0000000000000000e+00 0.0000000000000000e+00
3 2.7572195384927365e-02 6.3752114654417158e-02 0.0000000000000000e+00 0.0000000000000000e+00
4 3.0228950373897584e-02 6.4503403101360657e-02 0.0000000000000000e+00 0.0000000000000000e+00
5 3.1094544363439669e-02 6.4776797497033189e-02 0.0000000000000000e+00 0.0000000000000000e+00
6 3.1217001226614124e-02 6.4975324245589300e-02 0.0000000000000000e+00 0.0000000000000000e+00
7 3.1573262912702960e-02 6.5118662835193533e-02 0.0000000000000000e+00 0.0000000000000000e+00
8 2.7392528478371054e-02 6.3907448070872633e-02 0.0000000000000000e+00 0.0000000000000000e+00
9 -6.1245615876620559e-03 4.7699298042481783e-02 0.0000000000000000e+00 0.0000000000000000e+00
10 -6.2556974280546648e-03 4.7574900743821598e-02 0.0000000000000000e+00 0.0000000000000000e+00
11 -6.7321359704735203e-03 4.7512707530503358e-02 0.0000000000000000e+00 0.0000000000000000e+00
12 -9.9038394272239726e-03 4.5109109537486716e-02 0.0000000000000000e+00 0.0000000000000000e+00
13 -7.8030564492606314e-03 4.6719519671674009e-02 0.0000000000000000e+00 0.0000000000000000e+00
14 -7.4003726280520380e-03 4.6740114361320376e-02 0.0000000000000000e+00 0.0000000000000000e+00
15 1.1730066105188227e-04 5.2259624344188398e-02 0.0000000000000000e+00 0.0000000000000000e+00
16 -7.3456293343553657e-04 5.1476270891746959e-02 0.0000000000000000e+00 0.0000000000000000e+00
17 -1.6122905015705496e-03 5.0829188321670063e-02 0.0000000000000000e+00 0.0000000000000000e+00
18 3.0365698071283333e-02 6.4855548598799204e-02 0.0000000000000000e+00 0.0000000000000000e+00
19 3.0471320064030055e-02 6.4747967721560981e-02 0.0000000000000000e+00 0.0000000000000000e+00
20 3.3814048646887279e-02 6.5694507369225136e-02 0.0000000000000000e+00 0.0000000000000000e+00
21 1.8812275491275198e-04 5.1889322243304267e-02 0.0000000000000000e+00 0.0000000000000000e+00
22 -1.9701548949104309e-03 5.0272751428035369e-02 0.0000000000000000e+00 0.0000000000000000e+00
23 -2.3116829786883419e-04 5.1597604276856848e-02 0.0000000000000000e+00 0.0000000000000000e+00
24 2.0788550215948401e-02 6.1389805950961350e-02 0.0000000000000000e+00 0.0000000000000000e+00
25 1.6812106630830534e-02 5.9878241582900185e-02 0.0000000000000000e+00 0.0000000000000000e+00
26 1.8428815933493589e-02 6.0503026460438203e-02 0.0000000000000000e+00 0.0000000000000000e+00
27 5.6762032185162743e-02 7.0733568056327578e-02 0.0000000000000000e+00 0.0000000000000000e+00
28 5.7469752230796242e-02 7.0740592598828561e-02 0.0000000000000000e+00 0.0000000000000000e+00
29 6.2143879887894320e-02 7.1552455961436404e-02 0.0000000000000000e+00 0.0000000000000000e+00
30 -4.9547754859713897e-03 4.8464150265956733e-02 0.0000000000000000e+00 0.0000000000000000e+00
31 5.2260395504602139e-03 5.4824494360136027e-02 0.0000000000000000e+00 0.0000000000000000e+00
32 2.4564468866678669e-03 5.3199320760968991e-02 0.0000000000000000e+00 0.0000000000000000e+00
33 2.2936962304046958e-03 5.3627267451214836e-02 0.0000000000000000e+00 0.0000000000000000e+00
34 6.0621467308900640e-02 7.0980582581209734e-02 0.0000000000000000e+00 0.0000000000000000e+00
35 6.5977174822466372e-02 7.1761235754127684e-02 0.0000000000000000e+00 0.0000000000000000e+00
36 6.8619178301785516e-02 7.2386169701156231e-02 0.0000000000000000e+00 0.0000000000000000e+00
37 6.3538968006371085e-02 7.1784518488597238e-02 0.0000000000000000e+00 0.0000000000000000e+00
38 6.9542948458796605e-02 7.2330601664667413e-02 0.0000000000000000e+00 0.0000000000000000e+00
39 6.5988704640111986e-02 7.1752655352450234e-02 0.0000000000000000e+00 0.0000000000000000e+00
40 7.0038788197373025e-02 7.2290899196377087e-02 0.0000000000000000e+00 0.0000000000000000e+00
41 7.1026913100686678e-02 7.2426147808396138e-02 0.0000000000000000e+00 0.0000000000000000e+00
42 7.1131961526702675e-02 7.2384403207254769e-02 0.0000000000000000e+00 0.0000000000000000e+00
43 7.0481607274238051e-02 7.2291707569037425e-02 0.0000000000000000e+00 0.0000000000000000e+00
44 7.0276316456663393e-02 7.2372921080057703e-02 0.0000000000000000e+00 0.0000000000000000e+00
45 6.7917551149315872e-02 7.2022889986575286e-02 0.0000000000000000e+00 0.0000000000000000e+00
46 1.8706873697978292e-02 6.1318311383074274e-02 0.0000000000000000e+00 0.0000000000000000e+00
47 1.5353981016061675e-02 6.0029986902762442e-02 0.0000000000000000e+00 0.0000000000000000e+00
48 1.7060563740199246e-02 6.0643072991668746e-02 0.0000000000000000e+00 0.0000000000000000e+00
49 7.2607712485693893e-02 7.2541036001315520e-02 0.0000000000000000e+00 0.0000000000000000e+00
50 7.4515882339995482e-02 7.2760624677122271e-02 0.0000000000000000e+00 0.0000000000000000e+00
51 7.5068397196766029e-02 7.2812281297615286e-02 0.0000000000000000e+00 0.0000000000000000e+00
52 1.8183095502719328e-02 6.0571450529345448e-02 0.0000000000000000e+00 0.0000000000000000e+00
53 2.2124469471831481e-02 6.1918740694643766e-02 0.0000000000000000e+00 0.0000000000000000e+00
54 2.2099597907912799e-02 6.2202886752747343e-02 0.0000000000000000e+00 0.0000000000000000e+00
55 5.3004757489047483e-02 7.0089497219228816e-02 0.0000000000000000e+00 0.0000000000000000e+00
56 5.0315100661785815e-02 6.9632459112689477e-02 0.0000000000000000e+00 0.0000000000000000e+00
57 4.9760277309143598e-02 6.9178577122638765e-02 0.0000000000000000e+00 0.0000000000000000e+00
58 3.7162630203327440e-02 6.6439302449944476e-02 0.0000000000000000e+00 0.0000000000000000e+00
59 4.1036190753938384e-02 6.7421428462794225e-02 0.0000000000000000e+00 0.0000000000000000e+00
60 3.8234199762565556e-02 6.6814828544651914e-02 0.0000000000000000e+00 0.0000000000000000e+00
61 5.5159185023792245e-02 7.0181200067434210e-02 0.0000000000000000e+00 0.0000000000000000e+00
62 5.2056919109260948e-02 6.9708463647260965e-02 0.0000000000000000e+00 0.0000000000000000e+00
63 2.3612614056326326e-02 6.2488160525407573e-02 0.0000000000000000e+00 0.0000000000000000e+00
64 2.5464265968611663e-02 6.3045058890727493e-02 0.0000000000000000e+00 0.0000000000000000e+00
65 2.2113451886270365e-02 6.1941965662079969e-02 0.0000000000000000e+00 0.0000000000000000e+00
66 1.9673321310234103e-02 6.1139585616943035e-02 0.0000000000000000e+00 0.0000000000000000e+00
67 1.6097934723396028e-02 5.9913661335522679e-02 0.0000000000000000e+00 0.0000000000000000e+00
68 2.0141114915106482e-02 6.1233073769748410e-02 0.0000000000000000e+00 0.0000000000000000e+00
69 4.1093532301937738e-05 5.1237832345817608e-02 0.0000000000000000e+00 0.0000000000000000e+00
70 1.1658887479362048e-03 5.1936301477616326e-02 0.0000000000000000e+00 0.0000000000000000e+00
71 4.9107164786952533e-02 6.9090614989856497e-02 0.0000000000000000e+00 0.0000000000000000e+00
72 5.0587191221093224e-02 6.9616330900536635e-02 0.0000000000000000e+00 0.0000000000000000e+00
73 4.6277536813616370e-02 6.8716983593046121e-02 0.0000000000000000e+00 0.0000000000000000e+00
74 5.6807780025356540e-03 5.4584771660832559e-02 0.0000000000000000e+00 0.0000000000000000e+00
75 1.5707937359196388e-03 5.3259360089372092e-02 0.0000000000000000e+00 0.0000000000000000e+00
76 5.0872138287465776e-03 5.4831323402309187e-02 0.0000000000000000e+00 0.0000000000000000e+00
77 6.7038233160007593e-02 7.2045613460029925e-02 0.0000000000000000e+00 0.0000000000000000e+00
78 6.9757441604456516e-02 7.2406235864718116e-02 0.0000000000000000e+00 0.0000000000000000e+00
79 6.3877326697688502e-02 7.1626459889288757e-02 0.0000000000000000e+00 0.0000000000000000e+00
80 1.4191088991423989e-02 5.9587927021599159e-02 0.0000000000000000e+00 0.0000000000000000e+00
81 1.8175499999709768e-02 6.0640344515492391e-02 0.0000000000000000e+00 0.0000000000000000e+00
82 1.3455527059061601e-02 5.8624730866688207e-02 0.0000000000000000e+00 0.0000000000000000e+00
83 1.6001673537717333e-02 5.9749431888141594e-02 0.0000000000000000e+00 0.0000000000000000e+00
84 1.7644413484173480e-02 6.0304643024865920e-02 0.0000000000000000e+00 0.0000000000000000e+00
85 -3.8254458906392922e-04 5.1797422931111906e-02 0.0000000000000000e+00 0.0000000000000000e+00
86 -6.6694336681268713e-04 5.1735227682180293e-02 0.0000000000000000e+00 0.0000000000000000e+00
87 4.2879110886819317e-02 6.7923374917201726e-02 0.0000000000000000e+00 0.0000000000000000e+00
88 4.2961603471605714e-02 6.8047415764408592e-02 0.0000000000000000e+00 0.0000000000000000e+00
89 3.8649566819732945e-02 6.7202725219946885e-02 0.0000000000000000e+00 0.0000000000000000e+00
90 7.7762047586655531e-02 7.3194634508392920e-02 0.0000000000000000e+00 0.0000000000000000e+00
91 7.9097966030742331e-02 7.3243282741358232e-02 0.0000000000000000e+00 0.0000000000000000e+00
92 3.5803076791947337e-02 6.6017444465955144e-02 0.0000000000000000e+00 0.0000000000000000e+00
93 3.9814954767029349e-02 6.6978426446891143e-02 0.0000000000000000e+00 0.0000000000000000e+00
94 4.0170733758427654e-02 6.7099666916431211e-02 0.0000000000000000e+00 0.0000000000000000e+00
95 4.5114683170382995e-02 6.8230479571459113e-02 0.0000000000000000e+00 0.0000000000000000e+00
96 4.1841293092917682e-02 6.7588915261911756e-02 0.0000000000000000e+00 0.0000000000000000e+00
97 4.5905791991822299e-02 6.8393272579168940e-02 0.0000000000000000e+00 0.0000000000000000e+00
98 3.0770982333388789e-03 5.3680859454423538e-02 0.0000000000000000e+00 0.0000000000000000e+00
99 4.0129662156778295e-03 5.4340548062588673e-02 0.0000000000000000e+00 0.0000000000000000e+00
100 6.0555792199637601e-03 5.5499533777231561e-02 0.0000000000000000e+00 0.0000000000000000e+00
101 3.7211945638838978e-02 6.6746562564381787e-02 0.0000000000000000e+00 0.0000000000000000e+00
102 3.5579819220988081e-02 6.6449694015205230e-02 0.0000000000000000e+00 0.0000000000000000e+00
103 3.3072586185003125e-02 6.5709759609354754e-02 0.0000000000000000e+00 0.0000000000000000e+00
104 1.0944862056001590e-02 5.7585127465587367e-02 0.0000000000000000e+00 0.0000000000000000e+00
105 8.3835678800621653e-03 5.6757333749674559e-02 0.0000000000000000e+00 0.0000000000000000e+00
106 1.2172932295876739e-02 5.8103415761336645e-02 0.0000000000000000e+00 0.0000000000000000e+00
107 -8.7449313130768362e-03 4.6546997720052205e-02 0.0000000000000000e+00 0.0000000000000000e+00
108 -8.0685783036593510e-03 4.6459440234104525e-02 0.0000000000000000e+00 0.0000000000000000e+00
109 -6.1710240085225410e-03 4.7834967232118740e-02 0.0000000000000000e+00 0.0000000000000000e+00
110 -7.3241035707485918e-03 4.6397179137156151e-02 0.0000000000000000e+00 0.0000000000000000e+00
111 -7.0077890134900298e-03 4.6599862974790192e-02 0.0000000000000000e+00 0.0000000000000000e+00
112 -5.8874380244781097e-03 4.7341074216754188e-02 0.0000000000000000e+00 0.0000000000000000e+00
113 3.0300363196764150e-02 6.4732007929029750e-02 0.0000000000000000e+00 0.0000000000000000e+00
114 3.4829011616456379e-02 6.5969873517901442e-02 0.0000000000000000e+00 0.0000000000000000e+00
115 3.2151688920316418e-02 6.5202338610275079e-02 0.0000000000000000e+00 0.0000000000000000e+00
116 5.0786229408343278e-02 6.9448995772718125e-02 0.0000000000000000e+00 0.0000000000000000e+00
117 5.7049068863150483e-02 7.0495872929165385e-02 0.0000000000000000e+00 0.0000000000000000e+00
118 5.6799292459173853e-02 7.0453987618193964e-02 0.0000000000000000e+00 0.0000000000000000e+00
119 1.3995541292523377e-02 5.8788075065321563e-02 0.0000000000000000e+00 0.0000000000000000e+00
120 1.0822829704712777e-02 5.7486968864857067e-02 0.0000000000000000e+00 0.0000000000000000e+00
121 1.0139843321399673e-02 5.7200931830366723e-02 0.0000000000000000e+00 0.0000000000000000e+00
122 2.3977551622505148e-02 6.2845822663654946e-02 0.0000000000000000e+00 0.0000000000000000e+00
123 2.4281959120306763e-02 6.2738108068183807e-02 0.0000000000000000e+00 0.0000000000000000e+00
124 -3.2445326393152202e-03 4.9563083013525099e-02 0.0000000000000000e+00 0.0000000000000000e+00
125 -2.6980687657806642e-03 5.0003189452921759e-02 0.0000000000000000e+00 0.0000000000000000e+00
126 -5.0033653273960955e-03 4.8454358870700376e-02 0.0000000000000000e+00 0.0000000000000000e+00
127 2.8481181078759191e-02 6.4403030595907920e-02 0.0000000000000000e+00 0.0000000000000000e+00
128 2.4943992796843551e-02 6.3163988161598406e-02 0.0000000000000000e+00 0.0000000000000000e+00
129 2.5948715668398972e-02 6.3703160606152165e-02 0.0000000000000000e+00 0.0000000000000000e+00
130 2.4840150564894362e-02 6.2832634949810520e-02 0.0000000000000000e+00 0.0000000000000000e+00
131 2.1101334828491095e-02 6.1752223601756147e-02 0.0000000000000000e+00 0.0000000000000000e+00
132 2.0977982925440199e-02 6.1650622245179081e-02 0.0000000000000000e+00 0.0000000000000000e+00
133 -6.4877968931128611e-03 4.7180011649291920e-02 0.0000000000000000e+00 0.0000000000000000e+00
134 -7.0364799417016437e-03 4.6931446088507238e-02 0.0000000000000000e+00 0.0000000000000000e+00
135 -6.5991657790530501e-03 4.7531921637303999e-02 0.0000000000000000e+00 0.0000000000000000e+00
136 6.6683741348511960e-02 7.1802036486870835e-02 0.0000000000000000e+00 0.0000000000000000e+00
137 6.6370254499269921e-02 7.1852229555884523e-02 0.0000000000000000e+00 0.0000000000000000e+00
138 5.1386695940786889e-02 6.9525837476447402e-02 0.0000000000000000e+00 0.0000000000000000e+00
139 4.7555943470040406e-02 6.8689082164537493e-02 0.0000000000000000e+00 0.0000000000000000e+00
140 5.2751337226735605e-02 6.9641290200490147e-02 0.0000000000000000e+00 0.0000000000000000e+00
141 5.0641084698490761e-02 6.9268765798044085e-02 0.0000000000000000e+00 0.0000000000000000e+00
142 5.6836733149659840e-02 7.0505220567035481e-02 0.0000000000000000e+00 0.0000000000000000e+00
143 5.5984334497188412e-02 7.0511977045342331e-02 0.0000000000000000e+00 0.0000000000000000e+00
144 2.4387068784771329e-02 6.3108229013641076e-02 0.0000000000000000e+00 0.0000000000000000e+00
145 2.8165126337048006e-02 6.4231326205128697e-02 0.0000000000000000e+00 0.0000000000000000e+00
146 2.8334470443627042e-02 6.4228198835258904e-02 0.0000000000000000e+00 0.0000000000000000e+00
147 3.8965537632159458e-03 5.3944689649070066e-02 0.0000000000000000e+00 0.0000000000000000e+00
148 5.4713014813624521e-03 5.4908925893186501e-02 0.0000000000000000e+00 0.0000000000000000e+00
149 4.2271002161269238e-03 5.4257343590616007e-02 0.0000000000000000e+00 0.0000000000000000e+00
150 4.9611597336411233e-02 6.9551037003130770e-02 0.0000000000000000e+00 0.0000000000000000e+00
151 4.5987710120724112e-02 6.8479233487493019e-02 0.0000000000000000e+00 0.0000000000000000e+00
152 5.1290769116257177e-02 6.9554071494648165e-02 0.0000000000000000e+00 0.0000000000000000e+00
153 7.5636696143281126e-02 7.3021197078885214e-02 0.0000000000000000e+00 0.0000000000000000e+00
154 -6.4858304599499147e-03 4.6594195728603502e-02 0.0000000000000000e+00 0.0000000000000000e+00
155 -3.8908090376374694e-03 4.8625800923767157e-02 0.0000000000000000e+00 0.0000000000000000e+00
156 -4.8769023515676801e-03 4.8287343654295670e-02 0.0000000000000000e+00 0.0000000000000000e+00
157 -8.0199878682443333e-03 4.5866298931417471e-02 0.0000000000000000e+00 0.0000000000000000e+00
158 -9.0395595220806296e-03 4.5588963228341953e-02 0.0000000000000000e+00 0.0000000000000000e+00
159 -7.8485814400385111e-03 4.5906229172796575e-02 0.0000000000000000e+00 0.0000000000000000e+00
160 3.3642769918935250e-02 6.5809271497713789e-02 0.0000000000000000e+00 0.0000000000000000e+00
161 2.9706206494303493e-02 6.4352493231786684e-02 0.0000000000000000e+00 0.0000000000000000e+00
162 3.3154576001207026e-02 6.5398041818289121e-02 0.0000000000000000e+00 0.0000000000000000e+00
163 -2.8964072363991612e-03 4.9517147846396110e-02 0.0000000000000000e+00 0.0000000000000000e+00
164 3.9789067668690441e-02 6.7053664564616880e-02 0.0000000000000000e+00 0.0000000000000000e+00
165 3.8461483664686942e-02 6.6684297577753682e-02 0.0000000000000000e+00 0.0000000000000000e+00
166 4.2770060810484165e-02 6.7698271412107783e-02 0.0000000000000000e+00 0.0000000000000000e+00
167 -3.3664162162954096e-03 4.9298464411765823e-02 0.0000000000000000e+00 0.0000000000000000e+00
168 -1.1830601800665338e-03 5.0803175385033886e-02 0.0000000000000000e+00 0.0000000000000000e+00
169 -3.2588616663455222e-03 4.9359937811139336e-02 0.0000000000000000e+00 0.0000000000000000e+00
170 8.0826532990475528e-03 5.6414016207972636e-02 0.0000000000000000e+00 0.0000000000000000e+00
171 4.2970350626444342e-03 5.4847685033572471e-02 0.0000000000000000e+00 0.0000000000000000e+00
172 5.6692335047989909e-03 5.5500211989540638e-02 0.0000000000000000e+00 0.0000000000000000e+00
173 -3.4710890230074147e-03 5.0195912402675749e-02 0.0000000000000000e+00 0.0000000000000000e+00
174 -4.0365823298157627e-03 4.9132917080375663e-02 0.0000000000000000e+00 0.0000000000000000e+00
175 -3.9225897873130435e-03 4.9343772914252376e-02 0.0000000000000000e+00 0.0000000000000000e+00
176 7.7177230910779101e-05 5.1252903334553131e-02 0.0000000000000000e+00 0.0000000000000000e+00
177 2.7533525758012250e-03 5.3073455991430971e-02 0.0000000000000000e+00 0.0000000000000000e+00
178 2.4410648377725004e-04 5.1550330740740585e-02 0.0000000000000000e+00 0.0000000000000000e+00
179 8.1642105202577107e-04 5.2585642220066016e-02 0.0000000000000000e+00 0.0000000000000000e+00
180 -6.1140390051817874e-04 5.0943233079468346e-02 0.0000000000000000e+00 0.0000000000000000e+00
181 6.2606699421565695e-04 5.1555880860298789e-02 0.0000000000000000e+00 0.0000000000000000e+00
182 4.9319585279263084e-02 6.9127031926477234e-02 0.0000000000000000e+00 0.0000000000000000e+00
183 4.0241541361282690e-02 6.7234765858076986e-02 0.0000000000000000e+00 0.0000000000000000e+00
184 3.6946749695291554e-02 6.6391767051566825e-02 0.0000000000000000e+00 0.0000000000000000e+00
185 1.5781454821786538e-02 5.9499174145724816e-02 0.0000000000000000e+00 0.0000000000000000e+00
186 1.7541842098943158e-02 6.0431216347641245e-02 0.0000000000000000e+00 0.0000000000000000e+00
187 1.9308930588521119e-02 6.0997034088095967e-02 0.0000000000000000e+00 0.0000000000000000e+00
188 2.5846071890173884e-02 6.3588600008276847e-02 0.0000000000000000e+00 0.0000000000000000e+00
189 2.1672671104555299e-02 6.2041181810533440e-02 0.0000000000000000e+00 0.0000000000000000e+00
190 2.4042788019115961e-02 6.3039237246891519e-02 0.0000000000000000e+00 0.0000000000000000e+00
191 1.0076164900992231e-02 5.7685995956198985e-02 0.0000000000000000e+00 0.0000000000000000e+00
192 1.0719620867774313e-02 5.7473857078110140e-02 0.0000000000000000e+00 0.0000000000000000e+00
193 7.8378945930663007e-03 5.6233123695182435e-02 0.0000000000000000e+00 0.0000000000000000e+00
194 1.6205379846038578e-02 5.9837230757273666e-02 0.0000000000000000e+00 0.0000000000000000e+00
195 1.3592453262083809e-02 5.8767567271460756e-02 0.0000000000000000e+00 0.0000000000000000e+00
196 1.4831677015343360e-02 5.9092538358075854e-02 0.0000000000000000e+00 0.0000000000000000e+00
197 7.1008236937714769e-02 7.2311973012083128e-02 0.0000000000000000e+00 0.0000000000000000e+00
198 6.6265761348470134e-02 7.1708846283560543e-02 0.0000000000000000e+00 0.0000000000000000e+00
199 6.4968872559153512e-02 7.1622864515451606e-02 0.0000000000000000e+00 0.0000000000000000e+00
200 4.1889749774597994e-02 6.7549500619524139e-02 0.0000000000000000e+00 0.0000000000000000e+00
201 4.0225572021277758e-02 6.7156592561246578e-02 0.0000000000000000e+00 0.0000000000000000e+00
202 4.3900452892651265e-02 6.8013312837950646e-02 0.0000000000000000e+00 0.0000000000000000e+00
203 6.4238841846485178e-02 7.1676089732881240e-02 0.0000000000000000e+00 0.0000000000000000e+00
204 6.8004547304095386e-02 7.2210770905140220e-02 0.0000000000000000e+00 0.0000000000000000e+00
205 6.9738147003772205e-02 7.2293939295857687e-02 0.0000000000000000e+00 0.0000000000000000e+00
206 3.2115907030051800e-02 6.5251829014514082e-02 0.0000000000000000e+00 0.0000000000000000e+00
207 3.4354169546410351e-02 6.5749490888489567e-02 0.0000000000000000e+00 0.0000000000000000e+00
208 3.6550099408348143e-02 6.6572581227697422e-02 0.0000000000000000e+00 0.0000000000000000e+00
209 4.3192818908678536e-02 6.8232266867377531e-02 0.0000000000000000e+00 0.0000000000000000e+00
210 4.4291678277504506e-02 6.8275981387626222e-02 0.0000000000000000e+00 0.0000000000000000e+00
211 4.6932870997546360e-02 6.8728492791536103e-02 0.0000000000000000e+00 0.0000000000000000e+00
212 2.3029066962723570e-03 5.3218856862855719e-02 0.0000000000000000e+00 0.0000000000000000e+00
213 3.8969794401851497e-03 5.4211820684495864e-02 0.0000000000000000e+00 0.0000000000000000e+00
214 2.0137738759995858e-03 5.2824034952592108e-02 0.0000000000000000e+00 0.0000000000000000e+00
215 6.0565522448046021e-02 7.1087867737798280e-02 0.0000000000000000e+00 0.0000000000000000e+00
216 6.2273596292841710e-02 7.1297530388123961e-02 0.0000000000000000e+00 0.0000000000000000e+00
217 -6.9745587607869608e-03 4.6977109174160751e-02 0.0000000000000000e+00 0.0000000000000000e+00
218 -6.6435761335303257e-03 4.7001801648721080e-02 0.0000000000000000e+00 0.0000000000000000e+00
219 -5.0591809379794440e-03 4.8050898872884988e-02 0.0000000000000000e+00 0.0000000000000000e+00
220 4.3236660371644677e-02 6.7797954496148088e-02 0.0000000000000000e+00 0.0000000000000000e+00
221 4.7325314768407171e-02 6.8716879030198061e-02 0.0000000000000000e+00 0.0000000000000000e+00
222 4.7190317334595999e-02 6.8588199036419883e-02 0.0000000000000000e+00 0.0000000000000000e+00
223 2.6420376235355363e-02 6.3530579726473232e-02 0.0000000000000000e+00 0.0000000000000000e+00
224 2.7461093372353633e-02 6.3868870968591313e-02 0.0000000000000000e+00 0.0000000000000000e+00
225 3.4547325279526551e-02 6.5858439896188878e-02 0.0000000000000000e+00 0.0000000000000000e+00
226 2.9893422468117468e-02 6.4545581350245740e-02 0.0000000000000000e+00 0.0000000000000000e+00
227 7.1997350846544309e-02 7.2507266369743556e-02 0.0000000000000000e+00 0.0000000000000000e+00
228 7.2370816113997385e-02 7.2453949154769590e-02 0.0000000000000000e+00 0.0000000000000000e+00
229 -1.2135916177515164e-03 5.1177897547320106e-02 0.0000000000000000e+00 0.0000000000000000e+00
230 -1.5725912020610143e-03 5.1328600971623027e-02 0.0000000000000000e+00 0.0000000000000000e+00
231 1.1504403586841516e-03 5.2996668913409359e-02 0.0000000000000000e+00 0.0000000000000000e+00
232 -7.3110336498271675e-03 4.7246921817414828e-02 0.0000000000000000e+00 0.0000000000000000e+00
233 -6.8254960738259917e-03 4.7251107618225249e-02 0.0000000000000000e+00 0.0000000000000000e+00
234 -6.9847390250188527e-03 4.7076804965009079e-02 0.0000000000000000e+00 0.0000000000000000e+00
235 5.0231378156798789e-02 6.9682577214167860e-02 0.0000000000000000e+00 0.0000000000000000e+00
236 5.5275621832516122e-02 7.0130052696701403e-02 0.0000000000000000e+00 0.0000000000000000e+00
237 4.9548861868810037e-02 6.9034720793618526e-02 0.0000000000000000e+00 0.0000000000000000e+00
238 -7.7979009214787214e-03 4.6009195713422629e-02 0.0000000000000000e+00 0.0000000000000000e+00
239 -7.2822687398390006e-03 4.6252859128965144e-02 0.0000000000000000e+00 0.0000000000000000e+00
240 -2.4046412681182580e-03 5.0181384761497000e-02 0.0000000000000000e+00 0.0000000000000000e+00
241 -1.2446728996781198e-04 5.1745009552254993e-02 0.0000000000000000e+00 0.0000000000000000e+00
242 5.2442628597964815e-02 6.9955464624948116e-02 0.0000000000000000e+00 0.0000000000000000e+00
243 5.6941550729184956e-02 7.0965468076331417e-02 0.0000000000000000e+00 0.0000000000000000e+00
244 5.7251151493347238e-02 7.0490082661508469e-02 0.0000000000000000e+00 0.0000000000000000e+00
245 6.1721731944994543e-02 7.1247910100062262e-02 0.0000000000000000e+00 0.0000000000000000e+00
246 6.8548109054198822e-02 7.2168790452653633e-02 0.0000000000000000e+00 0.0000000000000000e+00
247 -1.1395736760305779e-03 5.1286647873732452e-02 0.0000000000000000e+00 0.0000000000000000e+00
248 -2.7272366537487045e-03 5.0106986837623255e-02 0.0000000000000000e+00 0.0000000000000000e+00
249 5.1798479580003772e-04 5.1710476348254993e-02 0.0000000000000000e+00 0.0000000000000000e+00
250 5.9847862993186070e-02 7.0759207521891146e-02 0.0000000000000000e+00 0.0000000000000000e+00
251 2.0327663614052853e-02 6.1282012772523528e-02 0.0000000000000000e+00 0.0000000000000000e+00
252 1.7696354287284416e-02 6.0249964534255365e-02 0.0000000000000000e+00 0.0000000000000000e+00
253 1.9531364179212196e-02 6.1103164225231384e-02 0.0000000000000000e+00 0.0000000000000000e+00
254 1.8778628516882480e-02 6.0705345528100550e-02 0.0000000000000000e+00 0.0000000000000000e+00
255 3.1628855962534973e-02 6.4977586114637526e-02 0.0000000000000000e+00 0.0000000000000000e+00
256 1.3508587331660903e-02 5.8490495687986740e-02 0.0000000000000000e+00 0.0000000000000000e+00
257 1.5837662377249147e-02 5.9612004009308960e-02 0.0000000000000000e+00 0.0000000000000000e+00
258 1.2711208961856214e-02 5.8107775773003370e-02 0.0000000000000000e+00 0.0000000000000000e+00
259 2.0732061520518635e-03 5.2589825828429949e-02 0.0000000000000000e+00 0.0000000000000000e+00
260 2.1084946297073802e-03 5.2831028009820084e-02 0.0000000000000000e+00 0.0000000000000000e+00
261 6.4872426352954343e-02 7.1734221164390821e-02 0.0000000000000000e+00 0.0000000000000000e+00
262 6.3867007133681084e-02 7.1730812168450633e-02 0.0000000000000000e+00 0.0000000000000000e+00
263 3.4691932402704094e-02 6.5947443784466514e-02 0.0000000000000000e+00 0.0000000000000000e+00
264 3.0442544511295293e-02 6.4780074934588983e-02 0.0000000000000000e+00 0.0000000000000000e+00
265 3.4702593906639857e-02 6.5883994809808083e-02 0.0000000000000000e+00 0.0000000000000000e+00
266 1.7134927605858680e-02 6.0647357690107380e-02 0.0000000000000000e+00 0.0000000000000000e+00
267 6.4758443352498682e-02 7.1813161212997426e-02 0.0000000000000000e+00 0.0000000000000000e+00
268 6.2781364316689667e-02 7.1617688192570236e-02 0.0000000000000000e+00 0.0000000000000000e+00
269 6.6306093373226585e-02 7.2143426020783011e-02 0.0000000000000000e+00 0.0000000000000000e+00
270 6.8168021548732582e-02 7.2454310691859647e-02 0.0000000000000000e+00 0.0000000000000000e+00
271 6.2456753259468450e-02 7.1698092319465959e-02 0.0000000000000000e+00 0.0000000000000000e+00
272 8.3493388428483358e-03 5.6263804366067892e-02 0.0000000000000000e+00 0.0000000000000000e+00
273 1.1313459383837798e-02 5.7710964660612235e-02 0.0000000000000000e+00 0.0000000000000000e+00
274 7.0516632696983684e-03 5.6063791319371253e-02 0.0000000000000000e+00 0.0000000000000000e+00
275 -8.2134038986734423e-03 4.6324533087558399e-02 0.0000000000000000e+00 0.0000000000000000e+00
276 -6.7075928872325366e-03 4.7070386750769092e-02 0.0000000000000000e+00 0.0000000000000000e+00
277 -6.5297313721464079e-03 4.7148174774784460e-02 0.0000000000000000e+00 0.0000000000000000e+00
278 5.2730245083102171e-03 5.4678183401663492e-02 0.0000000000000000e+00 0.0000000000000000e+00
279 4.7549301931212448e-03 5.4711286999376503e-02 0.0000000000000000e+00 0.0000000000000000e+00
280 6.2878525889841037e-03 5.5716832852847183e-02 0.0000000000000000e+00 0.0000000000000000e+00
281 6.9108390999769537e-02 7.2268432614317521e-02 0.0000000000000000e+00 0.0000000000000000e+00
282 7.3124130775316848e-02 7.2714534104466474e-02 0.0000000000000000e+00 0.0000000000000000e+00
283 7.0718387362282448e-02 7.2363250786046704e-02 0.0000000000000000e+00 0.0000000000000000e+00
284 -7.4786220227970896e-03 4.7254183137298691e-02 0.0000000000000000e+00 0.0000000000000000e+00
285 -4.4644270538040211e-03 4.8464862015208394e-02 0.0000000000000000e+00 0.0000000000000000e+00
286 5.7681755806411210e-02 7.0735095527403619e-02 0.0000000000000000e+00 0.0000000000000000e+00
287 5.9163465631964111e-02 7.1088407132133213e-02 0.0000000000000000e+00 0.0000000000000000e+00
288 -6.8021844653949077e-03 4.7297206753063828e-02 0.0000000000000000e+00 0.0000000000000000e+00
289 -7.1663568666021100e-03 4.6336831203412476e-02 0.0000000000000000e+00 0.0000000000000000e+00
290 -5.8047156638155566e-03 4.7492802869994077e-02 0.0000000000000000e+00 0.0000000000000000e+00
291 5.3027531358219859e-02 6.9792103050111604e-02 0.0000000000000000e+00 0.0000000000000000e+00
292 5.9652648200089448e-02 7.1299784408647815e-02 0.0000000000000000e+00 0.0000000000000000e+00
293 5.5384963018767087e-02 7.0205538352432942e-02 0.0000000000000000e+00 0.0000000000000000e+00
294 4.6009369726783420e-02 6.8413737005047673e-02 0.0000000000000000e+00 0.0000000000000000e+00
295 4.8176808979934420e-02 6.8803649977525583e-02 0.0000000000000000e+00 0.0000000000000000e+00
296 6.1085482614509634e-03 5.5134410656714317e-02 0.0000000000000000e+00 0.0000000000000000e+00
297 1.7348856298834412e-03 5.3123181284680417e-02 0.0000000000000000e+00 0.0000000000000000e+00
298 3.7042036107787415e-03 5.3970622919157760e-02 0.0000000000000000e+00 0.0000000000000000e+00
299 -6.0703125421549663e-03 4.7721621896290416e-02 0.0000000000000000e+00 0.0000000000000000e+00
300 -6.4020169680053824e-03 4.8150870231227300e-02 0.0000000000000000e+00 0.0000000000000000e+00
301 -3.6320455118183667e-03 4.9282836258548880e-02 0.0000000000000000e+00 0.0000000000000000e+00
302 8.2228134055049966e-03 5.5973876741261072e-02 0.0000000000000000e+00 0.0000000000000000e+00
303 7.5524280954821443e-02 7.2970513540322635e-02 0.0000000000000000e+00 0.0000000000000000e+00
304 7.0189522701609802e-02 7.2474292457000683e-02 0.0000000000000000e+00 0.0000000000000000e+00
305 7.5070168249361621e-02 7.3169099399140000e-02 0.0000000000000000e+00 0.0000000000000000e+00
306 3.1391696224792695e-02 6.4894663513549181e-02 0.0000000000000000e+00 0.0000000000000000e+00
307 2.4034312379162436e-02 6.2872869140324097e-02 0.0000000000000000e+00 0.0000000000000000e+00
308 -6.7108524560374879e-03 4.6845158649385758e-02 0.0000000000000000e+00 0.0000000000000000e+00
309 -6.3455099513462145e-03 4.6949925923973561e-02 0.0000000000000000e+00 0.0000000000000000e+00
310 -6.9481694841689399e-03 4.7097437626298998e-02 0.0000000000000000e+00 0.0000000000000000e+00
311 -6.7400333028881047e-03 4.7515422495789578e-02 0.0000000000000000e+00 0.0000000000000000e+00
312 -6.5208185760045247e-03 4.7821627403836026e-02 0.0000000000000000e+00 0.0000000000000000e+00
313 -6.4848134393897632e-03 4.7628281403350146e-02 0.0000000000000000e+00 0.0000000000000000e+00
314 3.1273921460782353e-02 6.5262006476788273e-02 0.0000000000000000e+00 0.0000000000000000e+00
315 3.4813771619419571e-02 6.6290950849916597e-02 0.0000000000000000e+00 0.0000000000000000e+00
316 3.3964883379196911e-02 6.5670101266789585e-02 0.0000000000000000e+00 0.0000000000000000e+00
317 5.0650492877205605e-02 6.9416609828120451e-02 0.0000000000000000e+00 0.0000000000000000e+00
318 4.7895979940301946e-02 6.8869800494043232e-02 0.0000000000000000e+00 0.0000000000000000e+00
319 4.5835381220813549e-02 6.8539211108387524e-02 0.0000000000000000e+00 0.0000000000000000e+00
320 9.1280397747877610e-03 5.6885644714674923e-02 0.0000000000000000e+00 0.0000000000000000e+00
321 1.2327246858980815e-02 5.8359693467540434e-02 0.0000000000000000e+00 0.0000000000000000e+00
322 1.0483788941141558e-02 5.7461885627072315e-02 0.0000000000000000e+00 0.0000000000000000e+00
323 6.5003943203136128e-02 7.1694543235440500e-02 0.0000000000000000e+00 0.0000000000000000e+00
324 6.8551766149517843e-02 7.2126542794225118e-02 0.0000000000000000e+00 0.0000000000000000e+00
325 2.1737963502097959e-02 6.1913693001471627e-02 0.0000000000000000e+00 0.0000000000000000e+00
326 1.0679606826472591e-02 5.7584837972640308e-02 0.0000000000000000e+00 0.0000000000000000e+00
327 1.0027284929315905e-02 5.6899438669611127e-02 0.0000000000000000e+00 0.0000000000000000e+00
328 1.2354973841185378e-02 5.8050601650469706e-02 0.0000000000000000e+00 0.0000000000000000e+00
329 5.9167857830110006e-03 5.4898274348315713e-02 0.0000000000000000e+00 0.0000000000000000e+00
330 7.6603747868430588e-03 5.6382211459856314e-02 0.0000000000000000e+00 0.0000000000000000e+00
331 6.2256777102222341e-03 5.5433421521709256e-02 0.0000000000000000e+00 0.0000000000000000e+00
332 6.3293290965299037e-02 7.1432446437791647e-02 0.0000000000000000e+00 0.0000000000000000e+00
333 3.3883370917150192e-02 6.5571118371577405e-02 0.0000000000000000e+00 0.0000000000000000e+00
334 -3.3804281067511045e-03 4.9106871861403036e-02 0.0000000000000000e+00 0.0000000000000000e+00
335 6.2466397257578042e-02 7.1307230416292292e-02 0.0000000000000000e+00 0.0000000000000000e+00
336 6.6720756918644653e-02 7.2004859519224793e-02 0.0000000000000000e+00 0.0000000000000000e+00
337 5.6881825738169904e-02 7.0378763753444332e-02 0.0000000000000000e+00 0.0000000000000000e+00
338 4.4702438560227931e-02 6.8386261804181919e-02 0.0000000000000000e+00 0.0000000000000000e+00
339 1.1356462647935234e-02 5.7543498061967069e-02 0.0000000000000000e+00 0.0000000000000000e+00
340 7.7994007709326916e-03 5.6945636920435187e-02 0.0000000000000000e+00 0.0000000000000000e+00
341 -7.2366471381171155e-03 4.7545341571360790e-02 0.0000000000000000e+00 0.0000000000000000e+00
342 -6.7373778747307758e-03 4.7957754520573916e-02 0.0000000000000000e+00 0.0000000000000000e+00
343 -7.7048461051253568e-03 4.6594963428800158e-02 0.0000000000000000e+00 0.0000000000000000e+00
344 9.0928116437318483e-03 5.6793079068717701e-02 0.0000000000000000e+00 0.0000000000000000e+00
345 7.0556275640491842e-03 5.5851161490494142e-02 0.0000000000000000e+00 0.0000000000000000e+00
346 1.1050129514875799e-02 5.7499933891031078e-02 0.0000000000000000e+00 0.0000000000000000e+00
347 -7.3750240332712486e-03 4.6287883268719222e-02 0.0000000000000000e+00 0.0000000000000000e+00
348 -5.6336899109570536e-03 4.8003565549291013e-02 0.0000000000000000e+00 0.0000000000000000e+00
349 -8.1426031249992037e-03 4.6072765892905251e-02 0.0000000000000000e+00 0.0000000000000000e+00
350 7.4785071105311463e-02 7.3001683014913429e-02 0.0000000000000000e+00 0.0000000000000000e+00
351 2.7595820093161598e-03 5.3262383717942972e-02 0.0000000000000000e+00 0.0000000000000000e+00
352 3.5371871394889757e-03 5.3675592784991968e-02 0.0000000000000000e+00 0.0000000000000000e+00
353 2.8653611847440363e-02 6.4198320471673662e-02 0.0000000000000000e+00 0.0000000000000000e+00
354 2.9300564133912937e-02 6.4285503349481021e-02 0.0000000000000000e+00 0.0000000000000000e+00
355 2.7671306201359405e-03 5.3036239121009555e-02 0.0000000000000000e+00 0.0000000000000000e+00
356 6.3922572044444875e-02 7.2048991895252018e-02 0.0000000000000000e+00 0.0000000000000000e+00
357 9.2366609971991278e-03 5.6547148110303806e-02 0.0000000000000000e+00 0.0000000000000000e+00
358 2.6449873245880627e-02 6.3348145124294555e-02 0.0000000000000000e+00 0.0000000000000000e+00
359 2.2978092181493791e-02 6.2173089639639766e-02 0.0000000000000000e+00 0.0000000000000000e+00
360 2.2444167646799781e-02 6.2621827202590630e-02 0.0000000000000000e+00 0.0000000000000000e+00
361 3.9994404458163262e-02 6.7668492588361745e-02 0.0000000000000000e+00 0.0000000000000000e+00
362 4.1482675521869211e-02 6.7670747258696345e-02 0.0000000000000000e+00 0.0000000000000000e+00
363 5.5067492585328864e-02 7.0271494374558055e-02 0.0000000000000000e+00 0.0000000000000000e+00
364 -2.8127776528128041e-03 4.9725398438439920e-02 0.0000000000000000e+00 0.0000000000000000e+00
365 -4.4134382726816459e-03 4.8584786896482206e-02 0.0000000000000000e+00 0.0000000000000000e+00
366 -2.9299659117781943e-03 4.9795208933643823e-02 0.0000000000000000e+00 0.0000000000000000e+00
367 -2.7532484332826457e-03 4.9869806350630611e-02 0.0000000000000000e+00 0.0000000000000000e+00
368 8.9756462835902454e-03 5.6635268585551297e-02 0.0000000000000000e+00 0.0000000000000000e+00
369 1.0586555632574136e-02 5.7180406436412416e-02 0.0000000000000000e+00 0.0000000000000000e+00
370 1.1674920942439146e-02 5.7703910760718305e-02 0.0000000000000000e+00 0.0000000000000000e+00
371 -6.1842140903775782e-03 4.6653556005494812e-02 0.0000000000000000e+00 0.0000000000000000e+00
372 -9.0768643993245340e-03 4.5322572569485263e-02 0.0000000000000000e+00 0.0000000000000000e+00
373 -2.4293459554665603e-03 5.0169473250413515e-02 0.0000000000000000e+00 0.0000000000000000e+00
374 -5.1643016115424240e-03 4.8709574163675412e-02 0.0000000000000000e+00 0.0000000000000000e+00
375 -4.3856970198989211e-03 4.9597597693208588e-02 0.0000000000000000e+00 0.0000000000000000e+00
376 1.7897520437159557e-03 5.2899258324573775e-02 0.0000000000000000e+00 0.0000000000000000e+00
377 3.8085277464526817e-03 5.3993143527560496e-02 0.0000000000000000e+00 0.0000000000000000e+00
378 1.2515720318355410e-03 5.2553482496023214e-02 0.0000000000000000e+00 0.0000000000000000e+00
379 -7.7168769198286266e-03 4.5751185093651552e-02 0.0000000000000000e+00 0.0000000000000000e+00
2 -1.6488205781497016e-03 5.0438533613389756e-02 0.0000000000000000e+00 0.0000000000000000e+00
381 1.4686892061208131e-02 5.9109514629198646e-02 0.0000000000000000e+00 0.0000000000000000e+00
382 1.4377820750321312e-02 5.9077013393731781e-02 0.0000000000000000e+00 0.0000000000000000e+00
383 1.1163845272036763e-02 5.7675755685744026e-02 0.0000000000000000e+00 0.0000000000000000e+00
384 6.9924824363847851e-02 7.2358677315145781e-02 0.0000000000000000e+00 0.0000000000000000e+00
385 6.4643860433037839e-02 7.1874707854778036e-02 0.0000000000000000e+00 0.0000000000000000e+00
386 6.5973696968540135e-02 7.2032882697918979e-02 0.0000000000000000e+00 0.0000000000000000e+00
387 7.3814104015961814e-03 5.6073452645870846e-02 0.0000000000000000e+00 0.0000000000000000e+00
388 5.0221525010788245e-03 5.4763524479521389e-02 0.0000000000000000e+00 0.0000000000000000e+00
389 4.4117874904063947e-03 5.4648003002550481e-02 0.0000000000000000e+00 0.0000000000000000e+00
390 6.7321702147821946e-03 5.5892656614793208e-02 0.0000000000000000e+00 0.0000000000000000e+00
391 6.6535311706411556e-03 5.5514801933887588e-02 0.0000000000000000e+00 0.0000000000000000e+00
392 5.0342683230235434e-03 5.4606338067142345e-02 0.0000000000000000e+00 0.0000000000000000e+00
393 5.4942318726283516e-02 7.0033138214134191e-02 0.0000000000000000e+00 0.0000000000000000e+00
394 6.0506210626851319e-02 7.1002253065847065e-02 0.0000000000000000e+00 0.0000000000000000e+00
395 7.9312041544182768e-02 7.3227697272750941e-02 0.0000000000000000e+00 0.0000000000000000e+00
396 7.8378058427552133e-02 7.3159366278579316e-02 0.0000000000000000e+00 0.0000000000000000e+00
397 7.3050793068517611e-02 7.2695138179414531e-02 0.0000000000000000e+00 0.0000000000000000e+00
398 5.2874263800905203e-03 5.4703381350759736e-02 0.0000000000000000e+00 0.0000000000000000e+00
399 1.8912352677388808e-03 5.2899280969299842e-02 0.0000000000000000e+00 0.0000000000000000e+00
400 4.5065560625610804e-02 6.8171135363734370e-02 0.0000000000000000e+00 0.0000000000000000e+00
401 2.5794251056180670e-03 5.3095598231602516e-02 0.0000000000000000e+00 0.0000000000000000e+00
402 4.1593289713453161e-03 5.5181216096203807e-02 0.0000000000000000e+00 0.0000000000000000e+00
403 7.1913430962228950e-02 7.3141448439120613e-02 0.0000000000000000e+00 0.0000000000000000e+00
404 -7.4658462989223391e-03 4.7162155032747267e-02 0.0000000000000000e+00 0.0000000000000000e+00
405 -6.0310005391353127e-03 4.7004259485887413e-02 0.0000000000000000e+00 0.0000000000000000e+00
406 -6.1445819455239643e-03 4.6995179710554107e-02 0.0000000000000000e+00 0.0000000000000000e+00
407 7.9140729141208635e-02 7.3523968436810666e-02 0.0000000000000000e+00 0.0000000000000000e+00
408 7.3164458681825820e-02 7.2690889889810581e-02 0.0000000000000000e+00 0.0000000000000000e+00
409 7.4030132806819512e-02 7.2802042596756905e-02 0.0000000000000000e+00 0.0000000000000000e+00
410 -7.3595903958262564e-03 4.6133948735998929e-02 0.0000000000000000e+00 0.0000000000000000e+00
411 -8.5152580391601295e-03 4.5713947853331778e-02 0.0000000000000000e+00 0.0000000000000000e+00
412 7.2383732350117830e-02 7.2701652198144409e-02 0.0000000000000000e+00 0.0000000000000000e+00
413 8.0474321958577608e-02 7.3731529176763372e-02 0.0000000000000000e+00 0.0000000000000000e+00
414 8.8691509326325971e-03 5.6710394020150559e-02 0.0000000000000000e+00 0.0000000000000000e+00
415 5.6741419706925603e-02 7.0485300897059108e-02 0.0000000000000000e+00 0.0000000000000000e+00
416 6.3219084291089980e-02 7.1436908147113010e-02 0.0000000000000000e+00 0.0000000000000000e+00
417 5.0195101047272234e-02 6.9264339650594559e-02 0.0000000000000000e+00 0.0000000000000000e+00
418 4.5169155366871785e-02 6.8255903595172820e-02 0.0000000000000000e+00 0.0000000000000000e+00
419 -1.4426277907299398e-03 5.1469691713763213e-02 0.0000000000000000e+00 0.0000000000000000e+00
420 -1.5214431443798951e-03 5.0715350053081400e-02 0.0000000000000000e+00 0.0000000000000000e+00
421 7.3819955546240532e-02 7.3060240322279049e-02 0.0000000000000000e+00 0.0000000000000000e+00
422 7.5422380720820997e-02 7.3369638754591224e-02 0.0000000000000000e+00 0.0000000000000000e+00
423 7.9289130935804863e-03 5.5778781331804028e-02 0.0000000000000000e+00 0.0000000000000000e+00
424 1.4386457607324087e-02 5.8839000135234326e-02 0.0000000000000000e+00 0.0000000000000000e+00
425 1.5500578519678751e-02 5.9386699657508542e-02 0.0000000000000000e+00 0.0000000000000000e+00
426 5.2056450055682810e-02 6.9652161429246268e-02 0.0000000000000000e+00 0.0000000000000000e+00
427 3.6289522858976145e-02 6.6344353237762013e-02 0.0000000000000000e+00 0.0000000000000000e+00
428 3.9417234263472628e-02 6.7016428084302498e-02 0.0000000000000000e+00 0.0000000000000000e+00
429 4.0580490526175572e-02 6.7230323915404538e-02 0.0000000000000000e+00 0.0000000000000000e+00
430 3.7754010036799256e-02 6.6503049648018203e-02 0.0000000000000000e+00 0.0000000000000000e+00
431 3.8424747509612021e-02 6.6638074032636690e-02 0.0000000000000000e+00 0.0000000000000000e+00
432 4.1768118535252814e-02 6.8039574018511656e-02 0.0000000000000000e+00 0.0000000000000000e+00
433 1.1364506518795536e-02 5.8105286135703163e-02 0.0000000000000000e+00 0.0000000000000000e+00
434 1.4225027994818886e-02 5.8799871079868865e-02 0.0000000000000000e+00 0.0000000000000000e+00
435 1.2828176043120225e-02 5.8359494525768933e-02 0.0000000000000000e+00 0.0000000000000000e+00
436 6.6536606688303010e-02 7.1942009686550415e-02 0.0000000000000000e+00 0.0000000000000000e+00
437 5.9369905133961495e-02 7.0929953743845781e-02 0.0000000000000000e+00 0.0000000000000000e+00
438 6.0226552766022658e-02 7.1346301374527035e-02 0.0000000000000000e+00 0.0000000000000000e+00
439 -6.4700853671814879e-03 4.7287675658325951e-02 0.0000000000000000e+00 0.0000000000000000e+00
440 -5.9796877187322656e-03 4.7748681450233095e-02 0.0000000000000000e+00 0.0000000000000000e+00
441 -5.2278399529167019e-03 4.7398546600325289e-02 0.0000000000000000e+00 0.0000000000000000e+00
442 -6.0540443248995376e-03 4.7680059793053245e-02 0.0000000000000000e+00 0.0000000000000000e+00
443 3.3315491591215989e-02 6.5647509917286920e-02 0.0000000000000000e+00 0.0000000000000000e+00
444 2.9328253490401208e-02 6.4335018141388353e-02 0.0000000000000000e+00 0.0000000000000000e+00
445 2.9158014159877104e-02 6.4335685098007703e-02 0.0000000000000000e+00 0.0000000000000000e+00
446 -3.6500450383464616e-03 4.8928519766232949e-02 0.0000000000000000e+00 0.0000000000000000e+00
447 -3.3517229207866658e-03 4.9788333185410774e-02 0.0000000000000000e+00 0.0000000000000000e+00
448 1.4726374056955656e-02 5.9291641853012875e-02 0.0000000000000000e+00 0.0000000000000000e+00
449 1.7014054245136790e-02 6.0307475605865635e-02 0.0000000000000000e+00 0.0000000000000000e+00
450 3.1208840590440105e-02 6.4911543788943732e-02 0.0000000000000000e+00 0.0000000000000000e+00
451 2.6504573363951026e-02 6.3787994977118109e-02 0.0000000000000000e+00 0.0000000000000000e+00
452 2.7527703210623488e-02 6.3851912489433713e-02 0.0000000000000000e+00 0.0000000000000000e+00
453 1.3144617551277693e-02 5.8689890642900630e-02 0.0000000000000000e+00 0.0000000000000000e+00
454 1.2096246316330340e-02 5.8228607552215102e-02 0.0000000000000000e+00 0.0000000000000000e+00
455 1.4115249769865423e-02 5.8923486398760098e-02 0.0000000000000000e+00 0.0000000000000000e+00
456 1.5651114421250799e-02 5.9416307482939232e-02 0.0000000000000000e+00 0.0000000000000000e+00
457 1.7465931786143293e-02 6.0238211567839269e-02 0.0000000000000000e+00 0.0000000000000000e+00
458 7.2826997825295350e-02 7.3155128006893833e-02 0.0000000000000000e+00 0.0000000000000000e+00
459 -2.5909741843830681e-03 5.0030162468150646e-02 0.0000000000000000e+00 0.0000000000000000e+00
460 1.3661509472387315e-04 5.1755149276711321e-02 0.0000000000000000e+00 0.0000000000000000e+00
461 -2.3006879219143856e-03 5.0457255361910328e-02 0.0000000000000000e+00 0.0000000000000000e+00
462 1.3386059053107427e-02 5.9563256558218987e-02 0.0000000000000000e+00 0.0000000000000000e+00
463 1.4442323259556196e-02 5.8857954780818518e-02 0.0000000000000000e+00 0.0000000000000000e+00
464 1.7008971150608555e-02 6.0009328226163033e-02 0.0000000000000000e+00 0.0000000000000000e+00
465 4.5063758420585305e-02 6.8143861329547306e-02 0.0000000000000000e+00 0.0000000000000000e+00
466 4.5353969741026186e-02 6.8374600655021198e-02 0.0000000000000000e+00 0.0000000000000000e+00
467 -1.8897122473427084e-03 5.0292882211170065e-02 0.0000000000000000e+00 0.0000000000000000e+00
468 -7.7854143862963691e-03 4.5902600656203947e-02 0.0000000000000000e+00 0.0000000000000000e+00
469 1.0818265831439848e-02 5.7315134062075578e-02 0.0000000000000000e+00 0.0000000000000000e+00
470 1.0564559891371698e-02 5.6993312534349132e-02 0.0000000000000000e+00 0.0000000000000000e+00
471 8.7305854869374512e-03 5.6136827979684299e-02 0.0000000000000000e+00 0.0000000000000000e+00
472 3.9707295879457649e-02 6.6976534913273780e-02 0.0000000000000000e+00 0.0000000000000000e+00
473 3.7260681162473282e-02 6.6366687616643910e-02 0.0000000000000000e+00 0.0000000000000000e+00
474 7.7250477803189554e-02 7.3029489675748252e-02 0.0000000000000000e+00 0.0000000000000000e+00
475 7.8900933765610110e-02 7.3245230613499204e-02 0.0000000000000000e+00 0.0000000000000000e+00
476 7.6357364033244196e-02 7.2985318576857264e-02 0.0000000000000000e+00 0.0000000000000000e+00
477 6.2666654602726718e-02 7.1680416464860383e-02 0.0000000000000000e+00 0.0000000000000000e+00
478 6.7422335787267959e-02 7.2230802926327498e-02 0.0000000000000000e+00 0.0000000000000000e+00
479 -4.7547362810980796e-03 4.8302538541000722e-02 0.0000000000000000e+00 0.0000000000000000e+00
480 -7.7442606862957834e-03 4.6730706775228420e-02 0.0000000000000000e+00 0.0000000000000000e+00
481 -6.3844363460781759e-03 4.7337467454864675e-02 0.0000000000000000e+00 0.0000000000000000e+00
482 6.7558945306435983e-02 7.2505926734673043e-02 0.0000000000000000e+00 0.0000000000000000e+00
483 -1.9772779646518987e-03 5.2281644439686192e-02 0.0000000000000000e+00 0.0000000000000000e+00
484 1.7029584172300424e-02 6.0046023176879661e-02 0.0000000000000000e+00 0.0000000000000000e+00
485 1.0078176554546285e-02 5.7225176106735214e-02 0.0000000000000000e+00 0.0000000000000000e+00
486 1.0731243755226116e-02 5.7384832492139326e-02 0.0000000000000000e+00 0.0000000000000000e+00
487 -2.1759057719430482e-03 5.0450972622373448e-02 0.0000000000000000e+00 0.0000000000000000e+00
488 7.6208413207801709e-02 7.3094002412320017e-02 0.0000000000000000e+00 0.0000000000000000e+00
489 7.6062661314179977e-02 7.2995207189460815e-02 0.0000000000000000e+00 0.0000000000000000e+00
490 2.0102928962649571e-03 5.3076598580239477e-02 0.0000000000000000e+00 0.0000000000000000e+00
491 1.0562215920645870e-03 5.2459497157671148e-02 0.0000000000000000e+00 0.0000000000000000e+00
492 -9.8133582815945939e-05 5.1546712091137911e-02 0.0000000000000000e+00 0.0000000000000000e+00
493 -7.2407217990042320e-03 4.6505507007464940e-02 0.0000000000000000e+00 0.0000000000000000e+00
494 -6.6450499822056329e-03 4.6664346009883256e-02 0.0000000000000000e+00 0.0000000000000000e+00
495 1.8536752684618206e-02 6.0717389137472759e-02 0.0000000000000000e+00 0.0000000000000000e+00
496 1.7816090858374239e-02 6.0390216876363645e-02 0.0000000000000000e+00 0.0000000000000000e+00
497 7.9169498248996717e-02 7.3300376746468540e-02 0.0000000000000000e+00 0.0000000000000000e+00
498 7.9089006736205919e-02 7.3321625769840679e-02 0.0000000000000000e+00 0.0000000000000000e+00
499 7.3201769113235851e-02 7.2762237393283150e-02 0.0000000000000000e+00 0.0000000000000000e+00
500 -4.2775359903627075e-03 4.8981408196047800e-02 0.0000000000000000e+00 0.0000000000000000e+00
501 -2.9065868972064980e-03 5.0200265640021544e-02 0.0000000000000000e+00 0.0000000000000000e+00
502 1.1879515835592833e-02 5.8302848801599874e-02 0.0000000000000000e+00 0.0000000000000000e+00
503 2.4406227803530176e-02 6.3115529064016268e-02 0.0000000000000000e+00 0.0000000000000000e+00
504 5.1543553632996987e-02 6.9422775689868974e-02 0.0000000000000000e+00 0.0000000000000000e+00
505 5.3090681769288724e-02 6.9738332938758238e-02 0.0000000000000000e+00 0.0000000000000000e+00
506 5.7037402519308271e-02 7.0359809053184327e-02 0.0000000000000000e+00 0.0000000000000000e+00
507 7.6780347374805033e-02 7.3599294344039987e-02 0.0000000000000000e+00 0.0000000000000000e+00
508 -6.5103073755044139e-03 4.8241523170064422e-02 0.0000000000000000e+00 0.0000000000000000e+00
509 3.8916374118188955e-02 6.7541758094423102e-02 0.0000000000000000e+00 0.0000000000000000e+00
510 4.3284340663834603e-02 6.7883327852863079e-02 0.0000000000000000e+00 0.0000000000000000e+00
511 4.4640171142047116e-02 6.8170542095162767e-02 0.0000000000000000e+00 0.0000000000000000e+00
512 -8.4422596045626557e-03 4.6316008871691766e-02 0.0000000000000000e+00 0.0000000000000000e+00
513 -7.2342196842739718e-03 4.7069515992588143e-02 0.0000000000000000e+00 0.0000000000000000e+00
514 -5.9472890912034915e-03 4.7718297774785978e-02 0.0000000000000000e+00 0.0000000000000000e+00
515 -7.5219573950531101e-03 4.6853896994942461e-02 0.0000000000000000e+00 0.0000000000000000e+00
516 7.1652622250349698e-02 7.2490604945728565e-02 0.0000000000000000e+00 0.0000000000000000e+00
517 6.4446074171519319e-02 7.1607851230500147e-02 0.0000000000000000e+00 0.0000000000000000e+00
518 1.9417684701684496e-02 6.1083219432028261e-02 0.0000000000000000e+00 0.0000000000000000e+00
519 1.6468495441049946e-02 5.9922059212533942e-02 0.0000000000000000e+00 0.0000000000000000e+00
520 3.6942300993622709e-02 6.6421448413990225e-02 0.0000000000000000e+00 0.0000000000000000e+00
521 1.9643316001321260e-02 6.1220075008758749e-02 0.0000000000000000e+00 0.0000000000000000e+00
522 4.1017098477798594e-02 6.7411777533469081e-02 0.0000000000000000e+00 0.0000000000000000e+00
523 6.8376477764818967e-03 5.5134871013825179e-02 0.0000000000000000e+00 0.0000000000000000e+00
524 2.9768841740373791e-02 6.4757395857706873e-02 0.0000000000000000e+00 0.0000000000000000e+00
525 2.5667866114239556e-02 6.3218899674257173e-02 0.0000000000000000e+00 0.0000000000000000e+00
526 2.6361105930701133e-02 6.3418611074896200e-02 0.0000000000000000e+00 0.0000000000000000e+00
527 -4.8503072502517428e-03 4.8233200092965257e-02 0.0000000000000000e+00 0.0000000000000000e+00
528 6.9855641930594127e-03 5.5634044234802761e-02 0.0000000000000000e+00 0.0000000000000000e+00
529 4.4551766786211131e-02 6.8199879355028484e-02 0.0000000000000000e+00 0.0000000000000000e+00
530 4.0382873344531119e-02 6.7322980561043230e-02 0.0000000000000000e+00 0.0000000000000000e+00
531 1.1794902500679261e-02 5.8432103163492004e-02 0.0000000000000000e+00 0.0000000000000000e+00
532 6.4047208325867331e-03 5.5847834735887489e-02 0.0000000000000000e+00 0.0000000000000000e+00
533 3.1003459629404369e-02 6.4843583700910742e-02 0.0000000000000000e+00 0.0000000000000000e+00
534 2.7815435243147422e-02 6.4429295285207924e-02 0.0000000000000000e+00 0.0000000000000000e+00
535 7.7798793503978904e-03 5.5969142287952779e-02 0.0000000000000000e+00 0.0000000000000000e+00
536 1.9977434999945087e-02 6.1458511098139365e-02 0.0000000000000000e+00 0.0000000000000000e+00
537 1.5418604996667876e-02 5.9761526680810514e-02 0.0000000000000000e+00 0.0000000000000000e+00
538 1.8368893388397169e-02 6.0865444132195183e-02 0.0000000000000000e+00 0.0000000000000000e+00
539 -5.4083498721801612e-03 4.9070829389044252e-02 0.0000000000000000e+00 0.0000000000000000e+00
540 -5.7822689591570343e-03 4.8200647983642160e-02 0.0000000000000000e+00 0.0000000000000000e+00
541 7.1669264011105779e-02 7.2530653521328758e-02 0.0000000000000000e+00 0.0000000000000000e+00
542 7.4412504977175803e-02 7.2800793741018541e-02 0.0000000000000000e+00 0.0000000000000000e+00
543 4.9298348614264922e-02 6.9118781460168199e-02 0.0000000000000000e+00 0.0000000000000000e+00
544 5.3216359668361433e-02 6.9870611110175659e-02 0.0000000000000000e+00 0.0000000000000000e+00
545 4.7584024767186303e-02 6.8727760467777038e-02 0.0000000000000000e+00 0.0000000000000000e+00
546 -5.2526267907390392e-03 4.7817427947040088e-02 0.0000000000000000e+00 0.0000000000000000e+00
547 -7.0128650632880077e-03 4.6282198631072136e-02 0.0000000000000000e+00 0.0000000000000000e+00
548 -6.4457095446630083e-03 4.6979919852477972e-02 0.0000000000000000e+00 0.0000000000000000e+00
549 5.0712508511067067e-02 6.9279821199173600e-02 0.0000000000000000e+00 0.0000000000000000e+00
550 5.2483647049518377e-02 6.9646884334897671e-02 0.0000000000000000e+00 0.0000000000000000e+00
551 6.6198955376564728e-02 7.1725535104014124e-02 0.0000000000000000e+00 0.0000000000000000e+00
552 6.8019485336758667e-02 7.1888727510539180e-02 0.0000000000000000e+00 0.0000000000000000e+00
553 6.9705249081686946e-02 7.2341544043028741e-02 0.0000000000000000e+00 0.0000000000000000e+00
554 5.8798953192612829e-02 7.0820384507243386e-02 0.0000000000000000e+00 0.0000000000000000e+00
555 9.0017634576323082e-03 5.6446442785372870e-02 0.0000000000000000e+00 0.0000000000000000e+00
556 6.3575564068910906e-03 5.5509908050718461e-02 0.0000000000000000e+00 0.0000000000000000e+00
557 2.4773098808014083e-02 6.3095605032656765e-02 0.0000000000000000e+00 0.0000000000000000e+00
558 2.5366402118533901e-02 6.3199803513762948e-02 0.0000000000000000e+00 0.0000000000000000e+00
559 2.8274059117120911e-02 6.4203684525460297e-02 0.0000000000000000e+00 0.0000000000000000e+00
560 -3.5631891374116624e-03 4.9141525791535211e-02 0.0000000000000000e+00 0.0000000000000000e+00
561 1.3203574994036604e-02 5.8627872523902683e-02 0.0000000000000000e+00 0.0000000000000000e+00
562 3.9956082682652092e-02 6.7024529784573975e-02 0.0000000000000000e+00 0.0000000000000000e+00
563 3.7922718274362006e-02 6.6533934509343459e-02 0.0000000000000000e+00 0.0000000000000000e+00
564 3.6785265491931320e-02 6.6562331276377548e-02 0.0000000000000000e+00 0.0000000000000000e+00
565 3.3755279125775466e-02 6.5909961277171206e-02 0.0000000000000000e+00 0.0000000000000000e+00
566 -7.0311441325509117e-03 4.6955611942497991e-02 0.0000000000000000e+00 0.0000000000000000e+00
567 -7.0338130492269835e-03 4.6709508333326835e-02 0.0000000000000000e+00 0.0000000000000000e+00
568 -2.5698903250929279e-03 5.0189683879506675e-02 0.0000000000000000e+00 0.0000000000000000e+00
569 -2.6120542134906353e-04 5.1596857955397812e-02 0.0000000000000000e+00 0.0000000000000000e+00
570 2.7300922316453341e-02 6.3667697016070626e-02 0.0000000000000000e+00 0.0000000000000000e+00
571 2.8690533371739789e-02 6.5063879461112042e-02 0.0000000000000000e+00 0.0000000000000000e+00
572 -1.5134056869497269e-03 5.1506201931803434e-02 0.0000000000000000e+00 0.0000000000000000e+00
573 1.3263470567488446e-04 5.1882719735310202e-02 0.0000000000000000e+00 0.0000000000000000e+00
574 4.3046178736861770e-02 6.8011917739324315e-02 0.0000000000000000e+00 0.0000000000000000e+00
575 4.1428567603301748e-02 6.7445803955347883e-02 0.0000000000000000e+00 0.0000000000000000e+00
576 5.0669382002840074e-02 6.9366511639518763e-02 0.0000000000000000e+00 0.0000000000000000e+00
577 -3.8808025685384689e-03 4.9163145747601368e-02 0.0000000000000000e+00 0.0000000000000000e+00
578 -5.3149594041826771e-03 4.8371295346302981e-02 0.0000000000000000e+00 0.0000000000000000e+00
579 8.8996167190411851e-03 5.6769975652379755e-02 0.0000000000000000e+00 0.0000000000000000e+00
580 4.9105278134600645e-03 5.5135355849378995e-02 0.0000000000000000e+00 0.0000000000000000e+00
581 2.0033892093190633e-03 5.3764669347405446e-02 0.0000000000000000e+00 0.0000000000000000e+00
582 1.2097931006679094e-03 5.2094509498160677e-02 0.0000000000000000e+00 0.0000000000000000e+00
583 -1.7448765017564626e-03 5.0387554888293024e-02 0.0000000000000000e+00 0.0000000000000000e+00
584 1.1485816551978669e-02 5.7691963722448600e-02 0.0000000000000000e+00 0.0000000000000000e+00
585 8.2575937208874874e-03 5.6100196641912792e-02 0.0000000000000000e+00 0.0000000000000000e+00
586 9.8986504389478314e-03 5.7160111506022876e-02 0.0000000000000000e+00 0.0000000000000000e+00
587 1.8075236423347723e-03 5.2884968573898940e-02 0.0000000000000000e+00 0.0000000000000000e+00
588 -1.0798898325342864e-03 5.1381053883103732e-02 0.0000000000000000e+00 0.0000000000000000e+00
589 7.0541021677353405e-02 7.2787219982211201e-02 0.0000000000000000e+00 0.0000000000000000e+00
590 1.8791002860194632e-03 5.3339260512741904e-02 0.0000000000000000e+00 0.0000000000000000e+00
591 3.1544834471719748e-03 5.3592779211193986e-02 0.0000000000000000e+00 0.0000000000000000e+00
592 4.8610649707753117e-03 5.4287506895708847e-02 0.0000000000000000e+00 0.0000000000000000e+00
593 1.8038294201471981e-02 6.0741047630157266e-02 0.0000000000000000e+00 0.0000000000000000e+00
594 7.0679005269774872e-02 7.2457999074061294e-02 0.0000000000000000e+00 0.0000000000000000e+00
595 7.4294049199391241e-02 7.2833853589678449e-02 0.0000000000000000e+00 0.0000000000000000e+00
596 1.6232142532376870e-02 6.0114179012087925e-02 0.0000000000000000e+00 0.0000000000000000e+00
597 1.8392595414710802e-02 6.0647288162663918e-02 0.0000000000000000e+00 0.0000000000000000e+00
598 -9.3917055843224751e-04 5.0894723680274652e-02 0.0000000000000000e+00 0.0000000000000000e+00
599 -3.1677998647919548e-03 4.9425291041236906e-02 0.0000000000000000e+00 0.0000000000000000e+00
600 3.1329585882480505e-02 6.5083890706700898e-02 0.0000000000000000e+00 0.0000000000000000e+00
601 2.1352574973730214e-02 6.2216012440144283e-02 0.0000000000000000e+00 0.0000000000000000e+00
602 -7.6682077393717537e-03 4.6906781252354098e-02 0.0000000000000000e+00 0.0000000000000000e+00
603 -1.8461852370438940e-03 5.0633408503126281e-02 0.0000000000000000e+00 0.0000000000000000e+00
604 4.4686738356871113e-02 6.8217317881498693e-02 0.0000000000000000e+00 0.0000000000000000e+00
605 4.7921620302148887e-02 6.8921983967868930e-02 0.0000000000000000e+00 0.0000000000000000e+00
606 4.3738118459487114e-02 6.7833355543922252e-02 0.0000000000000000e+00 0.0000000000000000e+00
607 4.4796698825971759e-02 6.8212956705237693e-02 0.0000000000000000e+00 0.0000000000000000e+00
608 -6.5447251453831694e-03 4.6601906198821375e-02 0.0000000000000000e+00 0.0000000000000000e+00
609 4.0421726922134603e-02 6.7191886177985743e-02 0.0000000000000000e+00 0.0000000000000000e+00
610 1.0534356910472607e-02 5.7691837769729727e-02 0.0000000000000000e+00 0.0000000000000000e+00
611 6.9494553388552843e-03 5.5988552723351022e-02 0.0000000000000000e+00 0.0000000000000000e+00
612 8.6700814637725790e-03 5.7014331505793672e-02 0.0000000000000000e+00 0.0000000000000000e+00
613 5.0695107207390282e-02 6.9292721330188489e-02 0.0000000000000000e+00 0.0000000000000000e+00
614 3.3925486408883446e-02 6.5612746623249604e-02 0.0000000000000000e+00 0.0000000000000000e+00
615 1.4600265787062973e-02 5.9180437500752969e-02 0.0000000000000000e+00 0.0000000000000000e+00
616 1.4800508689210354e-02 5.9372688727792063e-02 0.0000000000000000e+00 0.0000000000000000e+00
617 3.9668277581082552e-02 6.7101029537084189e-02 0.0000000000000000e+00 0.0000000000000000e+00
618 4.7269329558823195e-02 6.8994318404496102e-02 0.0000000000000000e+00 0.0000000000000000e+00
619 7.9276622462616780e-03 5.6297935571815352e-02 0.0000000000000000e+00 0.0000000000000000e+00
620 -7.1767711653961778e-03 4.7090895886296648e-02 0.0000000000000000e+00 0.0000000000000000e+00
621 1.1094626835056697e-02 5.7746414371905537e-02 0.0000000000000000e+00 0.0000000000000000e+00
622 1.0543683113919122e-02 5.7410256112988028e-02 0.0000000000000000e+00 0.0000000000000000e+00
623 2.2254747457903085e-02 6.2188873438446410e-02 0.0000000000000000e+00 0.0000000000000000e+00
624 2.6843752983525697e-02 6.3606907143638355e-02 0.0000000000000000e+00 0.0000000000000000e+00
625 -2.7955008764604708e-03 4.9517458418783418e-02 0.0000000000000000e+00 0.0000000000000000e+00
626 6.7761147075945660e-03 5.5637453533687965e-02 0.0000000000000000e+00 0.0000000000000000e+00
627 7.4384804038651678e-03 5.5599959450583734e-02 0.0000000000000000e+00 0.0000000000000000e+00
628 8.5350849352295085e-03 5.6378246627870908e-02 0.0000000000000000e+00 0.0000000000000000e+00
629 -5.9855499022756168e-03 4.7479242832754495e-02 0.0000000000000000e+00 0.0000000000000000e+00
630 2.8377885370041541e-02 6.4182738986624049e-02 0.0000000000000000e+00 0.0000000000000000e+00
631 2.7568891209025132e-02 6.3875430303967112e-02 0.0000000000000000e+00 0.0000000000000000e+00
632 3.1087401530860485e-02 6.4893540614121933e-02 0.0000000000000000e+00 0.0000000000000000e+00
633 3.2764291010133374e-02 6.5481855425608859e-02 0.0000000000000000e+00 0.0000000000000000e+00
634 5.4931281420028510e-02 7.0463984213246747e-02 0.0000000000000000e+00 0.0000000000000000e+00
635 5.8531916641110709e-02 7.1053667588825378e-02 0.0000000000000000e+00 0.0000000000000000e+00
636 6.1824511195619700e-02 7.1194024850637319e-02 0.0000000000000000e+00 0.0000000000000000e+00
637 6.5900129216027559e-02 7.2141947337122564e-02 0.0000000000000000e+00 0.0000000000000000e+00
638 4.7592637204714190e-02 6.9075436566340839e-02 0.0000000000000000e+00 0.0000000000000000e+00
639 5.9557976722417152e-02 7.0936903482877553e-02 0.0000000000000000e+00 0.0000000000000000e+00
640 6.2354005136616597e-02 7.1148462408704052e-02 0.0000000000000000e+00 0.0000000000000000e+00
641 1.8498517864457876e-02 6.0841539549639473e-02 0.0000000000000000e+00 0.0000000000000000e+00
642 2.0549531381557011e-02 6.1837110488395436e-02 0.0000000000000000e+00 0.0000000000000000e+00
643 1.5631763700983841e-03 5.2327521362976762e-02 0.0000000000000000e+00 0.0000000000000000e+00
644 3.7959417410822044e-03 5.3735673681558391e-02 0.0000000000000000e+00 0.0000000000000000e+00
645 7.7423638094401503e-02 7.3337776935997190e-02 0.0000000000000000e+00 0.0000000000000000e+00
646 -5.1854910251832630e-03 4.7990744555226457e-02 0.0000000000000000e+00 0.0000000000000000e+00
647 3.2850485661855618e-02 6.6186159053700400e-02 0.0000000000000000e+00 0.0000000000000000e+00
648 3.2048298205121235e-02 6.5001260805269398e-02 0.0000000000000000e+00 0.0000000000000000e+00
649 -8.0614615265955699e-03 4.5377174179928113e-02 0.0000000000000000e+00 0.0000000000000000e+00
650 5.6618721371668179e-02 7.0350344342308038e-02 0.0000000000000000e+00 0.0000000000000000e+00
651 2.7056577853113890e-02 6.3494701854862196e-02 0.0000000000000000e+00 0.0000000000000000e+00
652 2.4548059052084698e-02 6.2773273982807520e-02 0.0000000000000000e+00 0.0000000000000000e+00
653 5.4850702431098221e-02 7.0232692688562220e-02 0.0000000000000000e+00 0.0000000000000000e+00
654 4.9644825941680924e-02 6.9647361318138062e-02 0.0000000000000000e+00 0.0000000000000000e+00
655 1.6323736456868927e-02 5.9920258892061422e-02 0.0000000000000000e+00 0.0000000000000000e+00
656 1.6884336751491931e-02 6.0027754579172865e-02 0.0000000000000000e+00 0.0000000000000000e+00
657 4.7494612010756013e-02 6.9002216698201876e-02 0.0000000000000000e+00 0.0000000000000000e+00
658 -8.4687857574280729e-03 4.6197841507622774e-02 0.0000000000000000e+00 0.0000000000000000e+00
659 3.8267513923665071e-02 6.7083727925639394e-02 0.0000000000000000e+00 0.0000000000000000e+00
660 3.6244674232182007e-02 6.6233090887763621e-02 0.0000000000000000e+00 0.0000000000000000e+00
661 4.0432830588141282e-02 6.7261312019820135e-02 0.0000000000000000e+00 0.0000000000000000e+00
662 -1.2739730411317617e-03 5.1216816090721741e-02 0.0000000000000000e+00 0.0000000000000000e+00
663 -8.1986344499441685e-03 4.6521626212013736e-02 0.0000000000000000e+00 0.0000000000000000e+00
664 1.1725210653685958e-02 5.8081965008923694e-02 0.0000000000000000e+00 0.0000000000000000e+00
665 4.2170871565682118e-02 6.7782125902158707e-02 0.0000000000000000e+00 0.0000000000000000e+00
666 -5.8529546359407528e-03 4.8221360630415010e-02 0.0000000000000000e+00 0.0000000000000000e+00
667 3.1640742604872103e-02 6.5080196552876765e-02 0.0000000000000000e+00 0.0000000000000000e+00
668 1.2736953769058017e-02 5.8701249132029523e-02 0.0000000000000000e+00 0.0000000000000000e+00
669 -2.5871246640370099e-03 5.0364888381748511e-02 0.0000000000000000e+00 0.0000000000000000e+00
670 8.0695451862357055e-04 5.2102047686624409e-02 0.0000000000000000e+00 0.0000000000000000e+00
671 3.8061470576370229e-02 6.7377250309282113e-02 0.0000000000000000e+00 0.0000000000000000e+00
672 3.5567962554219255e-02 6.6121501668980509e-02 0.0000000000000000e+00 0.0000000000000000e+00
673 5.6342089852608572e-03 5.5083231119352656e-02 0.0000000000000000e+00 0.0000000000000000e+00
674 6.0277721375964505e-03 5.4909671743720016e-02 0.0000000000000000e+00 0.0000000000000000e+00
675 3.1972741683224453e-03 5.3884443338313083e-02 0.0000000000000000e+00 0.0000000000000000e+00
676 8.8881640360751032e-04 5.2363388101058381e-02 0.0000000000000000e+00 0.0000000000000000e+00
677 -7.4841550889293614e-03 4.6592988949521144e-02 0.0000000000000000e+00 0.0000000000000000e+00
678 -5.4213276780682908e-03 4.7235667067705739e-02 0.0000000000000000e+00 0.0000000000000000e+00
679 -6.2608408605527820e-03 4.7296795667267855e-02 0.0000000000000000e+00 0.0000000000000000e+00
680 2.3851847315407383e-02 6.2479321887205751e-02 0.0000000000000000e+00 0.0000000000000000e+00
681 2.4138176511403184e-02 6.2623912276682792e-02 0.0000000000000000e+00 0.0000000000000000e+00
682 2.1355390047555486e-02 6.1668034743054150e-02 0.0000000000000000e+00 0.0000000000000000e+00
683 2.2669353952021232e-02 6.2242329333375805e-02 0.0000000000000000e+00 0.0000000000000000e+00
684 5.7774082480171379e-02 7.0877240837757011e-02 0.0000000000000000e+00 0.0000000000000000e+00
685 3.5028022548688392e-02 6.6078808681069121e-02 0.0000000000000000e+00 0.0000000000000000e+00
686 -6.5537850772215316e-03 4.7049579167400747e-02 0.0000000000000000e+00 0.0000000000000000e+00
687 1.4206472027401726e-02 5.9200510068808616e-02 0.0000000000000000e+00 0.0000000000000000e+00
688 5.7495144768128080e-02 7.0581634217555478e-02 0.0000000000000000e+00 0.0000000000000000e+00
689 -7.8213505157625225e-03 4.6654694252910481e-02 0.0000000000000000e+00 0.0000000000000000e+00
690 -9.3343222288136303e-03 4.4928573157065617e-02 0.0000000000000000e+00 0.0000000000000000e+00
691 3.0975011964187497e-02 6.4975462557439717e-02 0.0000000000000000e+00 0.0000000000000000e+00
692 2.2295244581369309e-02 6.1925233786980963e-02 0.0000000000000000e+00 0.0000000000000000e+00
693 4.8539304083026487e-02 6.8943863216105850e-02 0.0000000000000000e+00 0.0000000000000000e+00
694 5.4019067881100349e-02 6.9957100586688609e-02 0.0000000000000000e+00 0.0000000000000000e+00
695 5.3299916875495686e-02 6.9851290524820947e-02 0.0000000000000000e+00 0.0000000000000000e+00
696 -3.1677660224014106e-04 5.1555169426271204e-02 0.0000000000000000e+00 0.0000000000000000e+00
697 5.4527718304625362e-02 7.0110487357180354e-02 0.0000000000000000e+00 0.0000000000000000e+00
698 -4.5663893370635200e-03 4.8923572915151675e-02 0.0000000000000000e+00 0.0000000000000000e+00
699 2.2887603129391778e-02 6.2594883193560769e-02 0.0000000000000000e+00 0.0000000000000000e+00
700 2.4592714131371443e-02 6.2742885656879049e-02 0.0000000000000000e+00 0.0000000000000000e+00
701 7.3756778888864116e-02 7.2746042681536227e-02 0.0000000000000000e+00 0.0000000000000000e+00
702 7.6215379204149614e-02 7.3344857234134558e-02 0.0000000000000000e+00 0.0000000000000000e+00
703 2.7285985792385517e-02 6.3772139134931224e-02 0.0000000000000000e+00 0.0000000000000000e+00
704 6.2841002444884039e-02 7.1403429593687159e-02 0.0000000000000000e+00 0.0000000000000000e+00
705 6.1684942026792498e-02 7.1426546095668689e-02 0.0000000000000000e+00 0.0000000000000000e+00
706 1.9832549331391978e-02 6.1250827870161589e-02 0.0000000000000000e+00 0.0000000000000000e+00
707 1.6262797408038376e-02 5.9858130969229463e-02 0.0000000000000000e+00 0.0000000000000000e+00
708 1.7809467255510823e-02 6.0372552257879020e-02 0.0000000000000000e+00 0.0000000000000000e+00
709 3.2150131047920964e-02 6.5240306391363259e-02 0.0000000000000000e+00 0.0000000000000000e+00
710 1.3177995587999067e-02 5.8487347538628956e-02 0.0000000000000000e+00 0.0000000000000000e+00
711 7.3059383219729671e-02 7.2826882389233197e-02 0.0000000000000000e+00 0.0000000000000000e+00
712 7.6173151300738443e-02 7.3187682069124002e-02 0.0000000000000000e+00 0.0000000000000000e+00
713 6.6825696064027509e-02 7.2209109358576370e-02 0.0000000000000000e+00 0.0000000000000000e+00
714 -5.9423509441105674e-03 4.7553762219223646e-02 0.0000000000000000e+00 0.0000000000000000e+00
715 -6.3740746612879597e-03 4.7344628609345789e-02 0.0000000000000000e+00 0.0000000000000000e+00
716 7.8038886278610942e-02 7.3651767379356012e-02 0.0000000000000000e+00 0.0000000000000000e+00
717 2.8623285778063549e-02 6.4286765104664134e-02 0.0000000000000000e+00 0.0000000000000000e+00
718 5.6173657773603988e-02 7.0279571830093826e-02 0.0000000000000000e+00 0.0000000000000000e+00
719 2.3440200214455028e-02 6.2503140723935965e-02 0.0000000000000000e+00 0.0000000000000000e+00
720 7.0904225282869771e-02 7.2283281221335677e-02 0.0000000000000000e+00 0.0000000000000000e+00
721 7.0783218917821467e-02 7.2264144073502443e-02 0.0000000000000000e+00 0.0000000000000000e+00
722 2.9077465444231746e-03 5.3711101375725608e-02 0.0000000000000000e+00 0.0000000000000000e+00
723 2.7934267897727447e-02 6.4082408776947361e-02 0.0000000000000000e+00 0.0000000000000000e+00
724 6.3541238204984883e-03 5.4647148894026235e-02 0.0000000000000000e+00 0.0000000000000000e+00
725 -3.6312975246462651e-03 4.8480882854939386e-02 0.0000000000000000e+00 0.0000000000000000e+00
726 -6.8699923559547103e-03 4.6596524159439559e-02 0.0000000000000000e+00 0.0000000000000000e+00
727 5.2170891415003730e-02 6.9624935853956779e-02 0.0000000000000000e+00 0.0000000000000000e+00
728 4.4062916846876465e-02 6.8036641222563865e-02 0.0000000000000000e+00 0.0000000000000000e+00
729 4.3769348841005772e-02 6.7940462767378765e-02 0.0000000000000000e+00 0.0000000000000000e+00
730 -6.8978258715319592e-03 4.7933304756443154e-02 0.0000000000000000e+00 0.0000000000000000e+00
731 3.4590380327971938e-02 6.5768946739013137e-02 0.0000000000000000e+00 0.0000000000000000e+00
732 3.0777556931509433e-02 6.5079134607908248e-02 0.0000000000000000e+00 0.0000000000000000e+00
733 1.4144647855742340e-02 5.9174777072410228e-02 0.0000000000000000e+00 0.0000000000000000e+00
734 3.2207632342822597e-02 6.5137420357810033e-02 0.0000000000000000e+00 0.0000000000000000e+00
735 2.2004351528567376e-02 6.2142163631302483e-02 0.0000000000000000e+00 0.0000000000000000e+00
736 2.6236572114473701e-02 6.3570667248514526e-02 0.0000000000000000e+00 0.0000000000000000e+00
737 2.4107680450029846e-02 6.2889874483969793e-02 0.0000000000000000e+00 0.0000000000000000e+00
738 2.7470438868981029e-02 6.4042763590331259e-02 0.0000000000000000e+00 0.0000000000000000e+00
739 -6.1320114470419058e-03 4.7221335869977871e-02 0.0000000000000000e+00 0.0000000000000000e+00
740 3.6910993679292126e-02 6.6809243186259554e-02 0.0000000000000000e+00 0.0000000000000000e+00
741 3.4376409378932112e-02 6.5848440088485088e-02 0.0000000000000000e+00 0.0000000000000000e+00
742 1.2812847853044406e-02 5.8613782708757577e-02 0.0000000000000000e+00 0.0000000000000000e+00
743 3.5167517964673975e-03 5.3687497685545968e-02 0.0000000000000000e+00 0.0000000000000000e+00
744 7.3604261013189454e-02 7.2872700662864165e-02 0.0000000000000000e+00 0.0000000000000000e+00
745 -6.6490560227301359e-03 4.7070405757209138e-02 0.0000000000000000e+00 0.0000000000000000e+00
746 3.7791460682966953e-02 6.6757872505225774e-02 0.0000000000000000e+00 0.0000000000000000e+00
747 5.5205185168597688e-02 7.0447661652325591e-02 0.0000000000000000e+00 0.0000000000000000e+00
748 5.8848072857981250e-02 7.0823337089300900e-02 0.0000000000000000e+00 0.0000000000000000e+00
749 3.8431007477002524e-02 6.6652958394207110e-02 0.0000000000000000e+00 0.0000000000000000e+00
750 4.2505730138160058e-02 6.7592581389459894e-02 0.0000000000000000e+00 0.0000000000000000e+00
751 6.7005769662508543e-03 5.5315962391299926e-02 0.0000000000000000e+00 0.0000000000000000e+00
752 -5.4857219460822853e-03 4.7652681559696604e-02 0.0000000000000000e+00 0.0000000000000000e+00
753 -7.8478158062499255e-03 4.6283615157854521e-02 0.0000000000000000e+00 0.0000000000000000e+00
754 1.5520214588871100e-03 5.3084451952921705e-02 0.0000000000000000e+00 0.0000000000000000e+00
755 1.9943226922089160e-02 6.1545064292080176e-02 0.0000000000000000e+00 0.0000000000000000e+00
756 5.9866705111700440e-02 7.0931121807173828e-02 0.0000000000000000e+00 0.0000000000000000e+00
757 -2.1013045838746244e-03 5.0640700800196878e-02 0.0000000000000000e+00 0.0000000000000000e+00
758 5.2056055727856092e-02 6.9497017116033302e-02 0.0000000000000000e+00 0.0000000000000000e+00
759 1.9155335877225335e-03 5.3204264629334870e-02 0.0000000000000000e+00 0.0000000000000000e+00
760 -3.7200565163926901e-03 4.9336245834890928e-02 0.0000000000000000e+00 0.0000000000000000e+00
761 -6.7524784358178637e-03 4.6870423962326199e-02 0.0000000000000000e+00 0.0000000000000000e+00
762 3.0449351215434256e-04 5.2106909949578110e-02 0.0000000000000000e+00 0.0000000000000000e+00
763 -4.2529076895113033e-03 4.9044875971750237e-02 0.0000000000000000e+00 0.0000000000000000e+00
764 -7.8558816160635616e-03 4.5889631207442369e-02 0.0000000000000000e+00 0.0000000000000000e+00
765 2.7374714331626394e-02 6.3724882683932477e-02 0.0000000000000000e+00 0.0000000000000000e+00
766 4.0156962056672957e-03 5.3934071951258530e-02 0.0000000000000000e+00 0.0000000000000000e+00
767 7.5041215306273208e-04 5.2405511004303386e-02 0.0000000000000000e+00 0.0000000000000000e+00
768 4.8923938491380471e-02 6.8897873345551711e-02 0.0000000000000000e+00 0.0000000000000000e+00
769 6.2944279996708541e-02 7.1204978964048565e-02 0.0000000000000000e+00 0.0000000000000000e+00
770 5.9897854694811709e-02 7.0961239035702853e-02 0.0000000000000000e+00 0.0000000000000000e+00
771 -6.9774059367400934e-03 4.6016938716513855e-02 0.0000000000000000e+00 0.0000000000000000e+00
772 5.7216868671927386e-02 7.0583482075030249e-02 0.0000000000000000e+00 0.0000000000000000e+00
773 6.1977123906930671e-02 7.1271993924015245e-02 0.0000000000000000e+00 0.0000000000000000e+00
774 4.4177531845795065e-02 6.8583614938487900e-02 0.0000000000000000e+00 0.0000000000000000e+00
775 1.2884743814699576e-02 5.8488736674193999e-02 0.0000000000000000e+00 0.0000000000000000e+00
776 4.0310399532698035e-02 6.7306565812151234e-02 0.0000000000000000e+00 0.0000000000000000e+00
777 7.4951754388973765e-02 7.2750637044627475e-02 0.0000000000000000e+00 0.0000000000000000e+00
778 7.1448055002750852e-02 7.2298044010191465e-02 0.0000000000000000e+00 0.0000000000000000e+00
779 6.8088639804816470e-02 7.2055413016842179e-02 0.0000000000000000e+00 0.0000000000000000e+00
780 6.3496948065353789e-02 7.1513839954445060e-02 0.0000000000000000e+00 0.0000000000000000e+00
781 6.0195534433281558e-02 7.0985586669078754e-02 0.0000000000000000e+00 0.0000000000000000e+00
782 3.4164138923929006e-02 6.5756166034971558e-02 0.0000000000000000e+00 0.0000000000000000e+00
783 1.0631955779163035e-02 5.7821584009616490e-02 0.0000000000000000e+00 0.0000000000000000e+00
784 1.8211310526971052e-02 6.0477797992452814e-02 0.0000000000000000e+00 0.0000000000000000e+00
785 -8.3132101999186091e-03 4.6652835448907151e-02 0.0000000000000000e+00 0.0000000000000000e+00
786 6.1403347480387879e-02 7.1324127773146270e-02 0.0000000000000000e+00 0.0000000000000000e+00
787 6.5063272599767616e-02 7.1644459976777722e-02 0.0000000000000000e+00 0.0000000000000000e+00
788 6.8640820140275392e-03 5.5925346788126717e-02 0.0000000000000000e+00 0.0000000000000000e+00
789 7.0541891282612193e-02 7.2260386962376591e-02 0.0000000000000000e+00 0.0000000000000000e+00
790 7.1395522910323903e-02 7.2377541217223743e-02 0.0000000000000000e+00 0.0000000000000000e+00
791 7.8251545296829442e-03 5.5953386021491573e-02 0.0000000000000000e+00 0.0000000000000000e+00
792 7.5989696850122801e-02 7.2983691021829319e-02 0.0000000000000000e+00 0.0000000000000000e+00
793 4.9172933595723146e-02 6.9038310799932029e-02 0.0000000000000000e+00 0.0000000000000000e+00
794 3.4941278383715503e-02 6.5967235464976570e-02 0.0000000000000000e+00 0.0000000000000000e+00
795 -5.6098864786185369e-03 4.7810035883997203e-02 0.0000000000000000e+00 0.0000000000000000e+00
796 -6.9833810318404846e-03 4.6416596736371940e-02 0.0000000000000000e+00 0.0000000000000000e+00
797 7.2092537543690218e-03 5.6121636798809917e-02 0.0000000000000000e+00 0.0000000000000000e+00
798 6.4857740659181429e-02 7.1615947814357095e-02 0.0000000000000000e+00 0.0000000000000000e+00
799 6.1704948278200493e-02 7.1174657632491353e-02 0.0000000000000000e+00 0.0000000000000000e+00
800 -4.7163773123032049e-03 4.9034501277183777e-02 0.0000000000000000e+00 0.0000000000000000e+00
801 3.1920988270069502e-04 5.1548626100140021e-02 0.0000000000000000e+00 0.0000000000000000e+00
802 1.1943753785297511e-02 5.7936557472310156e-02 0.0000000000000000e+00 0.0000000000000000e+00
803 -9.1478429067064562e-03 4.7265616871535063e-02 0.0000000000000000e+00 0.0000000000000000e+00
804 -8.8000559428360377e-03 4.5754192545576583e-02 0.0000000000000000e+00 0.0000000000000000e+00
805 7.8588298535856929e-02 7.3299527194523831e-02 0.0000000000000000e+00 0.0000000000000000e+00
806 6.0866689081029773e-03 5.5238325871894062e-02 0.0000000000000000e+00 0.0000000000000000e+00
807 4.1023493200831436e-02 6.7681826128052541e-02 0.0000000000000000e+00 0.0000000000000000e+00
808 1.3093126435051205e-03 5.2371785687260815e-02 0.0000000000000000e+00 0.0000000000000000e+00
809 9.6050702760146888e-03 5.7010479474533721e-02 0.0000000000000000e+00 0.0000000000000000e+00
810 2.3435546820252628e-02 6.2589350314043751e-02 0.0000000000000000e+00 0.0000000000000000e+00
811 5.6793055078007089e-02 7.0315370243246564e-02 0.0000000000000000e+00 0.0000000000000000e+00
812 4.4948315875263531e-02 6.8130491927096470e-02 0.0000000000000000e+00 0.0000000000000000e+00
813 4.0246589001314739e-02 6.7148469443509717e-02 0.0000000000000000e+00 0.0000000000000000e+00
814 4.2812112566994534e-02 6.7694631309407255e-02 0.0000000000000000e+00 0.0000000000000000e+00
815 -7.7242937330582219e-03 4.6097967832417000e-02 0.0000000000000000e+00 0.0000000000000000e+00
816 -2.3082068940151723e-04 5.1896737900162047e-02 0.0000000000000000e+00 0.0000000000000000e+00
817 -2.0545562222016741e-03 5.1266873223349350e-02 0.0000000000000000e+00 0.0000000000000000e+00
818 1.8716756757804483e-02 6.1140095530488929e-02 0.0000000000000000e+00 0.0000000000000000e+00
819 4.4388456979316286e-03 5.4381309425873575e-02 0.0000000000000000e+00 0.0000000000000000e+00
820 2.3775249476859186e-02 6.2895645371241177e-02 0.0000000000000000e+00 0.0000000000000000e+00
821 3.6282462233241608e-02 6.6468637930764560e-02 0.0000000000000000e+00 0.0000000000000000e+00
822 7.4488183988606516e-02 7.3025518283188123e-02 0.0000000000000000e+00 0.0000000000000000e+00
823 4.2011595050151680e-03 5.3853640287946265e-02 0.0000000000000000e+00 0.0000000000000000e+00
824 1.8041421079111553e-02 6.0500375447704494e-02 0.0000000000000000e+00 0.0000000000000000e+00
825 4.2832845132104039e-03 5.4041358665287677e-02 0.0000000000000000e+00 0.0000000000000000e+00
826 1.0779887596958563e-02 5.7499783978796924e-02 0.0000000000000000e+00 0.0000000000000000e+00
827 6.7900242361483981e-02 7.2040731663994481e-02 0.0000000000000000e+00 0.0000000000000000e+00
828 -6.2447137495705157e-03 4.7775355174722089e-02 0.0000000000000000e+00 0.0000000000000000e+00
829 2.2303622797719617e-03 5.2979207077847326e-02 0.0000000000000000e+00 0.0000000000000000e+00
830 3.5939621798767849e-03 5.4352036903740554e-02 0.0000000000000000e+00 0.0000000000000000e+00
831 7.4183451838707212e-02 7.2831536329322849e-02 0.0000000000000000e+00 0.0000000000000000e+00
832 7.2181254623281746e-02 7.2705620696103590e-02 0.0000000000000000e+00 0.0000000000000000e+00
833 6.4470719393547468e-02 7.1616220650142740e-02 0.0000000000000000e+00 0.0000000000000000e+00
834 7.0873146957051211e-03 5.5584799600185107e-02 0.0000000000000000e+00 0.0000000000000000e+00
835 1.6045868380032392e-02 5.9525186308716629e-02 0.0000000000000000e+00 0.0000000000000000e+00
836 1.4301681163937874e-02 5.9003238293462282e-02 0.0000000000000000e+00 0.0000000000000000e+00
837 2.4698029002424168e-02 6.3047999323370754e-02 0.0000000000000000e+00 0.0000000000000000e+00
838 5.1901728851102141e-03 5.4493881486863266e-02 0.0000000000000000e+00 0.0000000000000000e+00
839 -7.0446091507297580e-03 4.6496192901785818e-02 0.0000000000000000e+00 0.0000000000000000e+00
840 7.6831358034309257e-03 5.6172161906143159e-02 0.0000000000000000e+00 0.0000000000000000e+00
841 3.8475538906504558e-03 5.3839587966573968e-02 0.0000000000000000e+00 0.0000000000000000e+00
842 4.4412245996261521e-02 6.8237711627365708e-02 0.0000000000000000e+00 0.0000000000000000e+00
843 -6.4401738469918217e-03 4.7669163802472575e-02 0.0000000000000000e+00 0.0000000000000000e+00
844 1.2748015757897470e-02 5.8174187760795477e-02 0.0000000000000000e+00 0.0000000000000000e+00
845 1.6593874059554703e-02 5.9685887879134654e-02 0.0000000000000000e+00 0.0000000000000000e+00
846 5.3178352823706372e-03 5.4499866195485587e-02 0.0000000000000000e+00 0.0000000000000000e+00
847 5.6243757730481949e-03 5.5163659292219003e-02 0.0000000000000000e+00 0.0000000000000000e+00
848 5.0239689770682820e-02 6.9246793853228836e-02 0.0000000000000000e+00 0.0000000000000000e+00
849 -6.2889621724134008e-03 4.7207464370379350e-02 0.0000000000000000e+00 0.0000000000000000e+00
850 -7.8938781583117179e-03 4.6210519135557016e-02 0.0000000000000000e+00 0.0000000000000000e+00
851 -8.1907851638532078e-03 4.5709064811033567e-02 0.0000000000000000e+00 0.0000000000000000e+00
852 1.8846923107804139e-02 6.0849332778891624e-02 0.0000000000000000e+00 0.0000000000000000e+00
853 -8.0734680380539440e-03 4.5854839396825116e-02 0.0000000000000000e+00 0.0000000000000000e+00
854 -2.9320190912113611e-04 5.1059881916219969e-02 0.0000000000000000e+00 0.0000000000000000e+00
855 4.7116478445161321e-02 6.8728358898304351e-02 0.0000000000000000e+00 0.0000000000000000e+00
856 3.0496547978409009e-02 6.4625028467311246e-02 0.0000000000000000e+00 0.0000000000000000e+00
857 6.1479405654047838e-02 7.1020928289807869e-02 0.0000000000000000e+00 0.0000000000000000e+00
858 5.9033563421889174e-02 7.0756593617577065e-02 0.0000000000000000e+00 0.0000000000000000e+00
859 7.2559494486505338e-02 7.2689414466771296e-02 0.0000000000000000e+00 0.0000000000000000e+00
860 6.5177030198718705e-02 7.1662032480695428e-02 0.0000000000000000e+00 0.0000000000000000e+00
861 3.4151644695557613e-02 6.6349592160110049e-02 0.0000000000000000e+00 0.0000000000000000e+00
862 -9.3716666072426943e-03 4.5695428087828664e-02 0.0000000000000000e+00 0.0000000000000000e+00
863 -6.3457357834079513e-03 4.6785933966693914e-02 0.0000000000000000e+00 0.0000000000000000e+00
864 2.0674226889728902e-02 6.1381509814238497e-02 0.0000000000000000e+00 0.0000000000000000e+00
865 3.6666340560869683e-02 6.6280015449901419e-02 0.0000000000000000e+00 0.0000000000000000e+00
866 7.6778195735860685e-02 7.3109163558818066e-02 0.0000000000000000e+00 0.0000000000000000e+00
867 -1.5080359057045420e-03 5.0007542950882035e-02 0.0000000000000000e+00 0.0000000000000000e+00
868 3.4400336300306984e-02 6.5765318404977083e-02 0.0000000000000000e+00 0.0000000000000000e+00
869 -2.1270757792075786e-03 4.9874148533350482e-02 0.0000000000000000e+00 0.0000000000000000e+00
870 2.2929972603289269e-02 6.2357387028651942e-02 0.0000000000000000e+00 0.0000000000000000e+00
871 6.8798643073432156e-02 7.2447308857178511e-02 0.0000000000000000e+00 0.0000000000000000e+00
872 1.4512318980724810e-02 5.9259553479005016e-02 0.0000000000000000e+00 0.0000000000000000e+00
873 6.6110285640043578e-02 7.1749861248724345e-02 0.0000000000000000e+00 0.0000000000000000e+00
874 7.4682790902840870e-02 7.2980254597216590e-02 0.0000000000000000e+00 0.0000000000000000e+00
875 8.3345018933417610e-03 5.6258485547766815e-02 0.0000000000000000e+00 0.0000000000000000e+00
876 7.6616048370319892e-02 7.2914539071072773e-02 0.0000000000000000e+00 0.0000000000000000e+00
877 -1.7610656735611364e-03 5.0513935262776734e-02 0.0000000000000000e+00 0.0000000000000000e+00
878 3.1798917623573113e-02 6.4991100663508355e-02 0.0000000000000000e+00 0.0000000000000000e+00
879 7.1633901130229063e-02 7.2617283333884272e-02 0.0000000000000000e+00 0.0000000000000000e+00
880 -7.0407786362330776e-03 4.6586131544606467e-02 0.0000000000000000e+00 0.0000000000000000e+00
881 5.7454285269395049e-02 7.0424551992010406e-02 0.0000000000000000e+00 0.0000000000000000e+00
882 2.9406130468767035e-02 6.4617137628784474e-02 0.0000000000000000e+00 0.0000000000000000e+00
883 3.0067425107834431e-02 6.4902175354293962e-02 0.0000000000000000e+00 0.0000000000000000e+00
884 2.5840913432525484e-02 6.3412559507149288e-02 0.0000000000000000e+00 0.0000000000000000e+00
885 2.4956784604980187e-02 6.3185215333078790e-02 0.0000000000000000e+00 0.0000000000000000e+00
886 2.5841950496222618e-02 6.3439401949662355e-02 0.0000000000000000e+00 0.0000000000000000e+00
887 2.1557904991546802e-02 6.1985856781937854e-02 0.0000000000000000e+00 0.0000000000000000e+00
888 2.1368059284246996e-02 6.1874122756813046e-02 0.0000000000000000e+00 0.0000000000000000e+00
889 2.4462454104279514e-02 6.2937669361453508e-02 0.0000000000000000e+00 0.0000000000000000e+00
890 2.4266890246869836e-02 6.2854858222221185e-02 0.0000000000000000e+00 0.0000000000000000e+00
891 2.9315975088355376e-02 6.4577646873753641e-02 0.0000000000000000e+00 0.0000000000000000e+00
892 2.6526690192194138e-02 6.3624573584519936e-02 0.0000000000000000e+00 0.0000000000000000e+00
893 1.6619208218121538e-02 6.0134168720134398e-02 0.0000000000000000e+00 0.0000000000000000e+00
894 1.7716172592852113e-02 6.0664855175597741e-02 0.0000000000000000e+00 0.0000000000000000e+00
895 1.6123251964722859e-02 5.9917787206961094e-02 0.0000000000000000e+00 0.0000000000000000e+00
896 3.1154569831571225e-02 6.4963770770716522e-02 0.0000000000000000e+00 0.0000000000000000e+00
897 2.2298206765718212e-02 6.2041361118245750e-02 0.0000000000000000e+00 0.0000000000000000e+00
898 3.0408320415772672e-02 6.4726460471486807e-02 0.0000000000000000e+00 0.0000000000000000e+00
899 2.7604529268195298e-02 6.3914783873693981e-02 0.0000000000000000e+00 0.0000000000000000e+00
900 1.5223395412515278e-02 5.9323908258028156e-02 0.0000000000000000e+00 0.0000000000000000e+00
901 1.7306239865404815e-02 6.0400626724590727e-02 0.0000000000000000e+00 0.0000000000000000e+00
902 2.3067037510648408e-02 6.2511836760099831e-02 0.0000000000000000e+00 0.0000000000000000e+00
903 1.9591646722260020e-02 6.1321649982126004e-02 0.0000000000000000e+00 0.0000000000000000e+00
904 1.9522284010773296e-02 6.1238965863556080e-02 0.0000000000000000e+00 0.0000000000000000e+00
905 1.5057158970473801e-02 5.9421487457036612e-02 0.0000000000000000e+00 0.0000000000000000e+00
906 1.5421277252333492e-02 5.9717467043333694e-02 0.0000000000000000e+00 0.0000000000000000e+00
907 1.4748744986829871e-02 5.9403162778914338e-02 0.0000000000000000e+00 0.0000000000000000e+00
380 -7.2641399360522125e-03 4.5927227199079934e-02 0.0000000000000000e+00 0.0000000000000000e+00
908 1.6886546973251447e-02 6.0186523045563378e-02 0.0000000000000000e+00 0.0000000000000000e+00
909 2.0486267723404974e-02 6.1562148919355957e-02 0.0000000000000000e+00 0.0000000000000000e+00
910 1.4266227443855710e-02 5.9155323984374640e-02 0.0000000000000000e+00 0.0000000000000000e+00
