911 4 BEM3DMeshData
0 -1.4414257487681717e-03 4.5833584004445635e-02 0.0000000000000000e+00 0.0000000000000000e+00
2 -6.2807884885790846e-04 4.6364252756966283e-02 0.0000000000000000e+00 0.0000000000000000e+00
3 2.5430962610195153e-02 5.2083826948424665e-02 0.0000000000000000e+00 0.0000000000000000e+00
4 2.9716983308278894e-02 5.7090000800177107e-02 0.0000000000000000e+00 0.0000000000000000e+00
5 3.0276169142357076e-02 5.6635974184181252e-02 0.0000000000000000e+00 0.0000000000000000e+00
6 3.2008429068744064e-02 6.1486179341706901e-02 0.0000000000000000e+00 0.0000000000000000e+00
7 3.2464879412064981e-02 6.1701055160647174e-02 0.0000000000000000e+00 0.0000000000000000e+00
8 2.8266831209425650e-02 6.0456934245235426e-02 0.0000000000000000e+00 0.0000000000000000e+00
9 -1.1581158483449899e-02 2.6140254001403788e-02 0.0000000000000000e+00 0.0000000000000000e+00
10 -1.4801564763779165e-02 1.8304846535727424e-02 0.0000000000000000e+00 0.0000000000000000e+00
11 -1.2308158521697039e-02 2.5558901470048235e-02 0.0000000000000000e+00 0.0000000000000000e+00
12 -1.0821563865447758e-02 3.5625995145274016e-02 0.0000000000000000e+00 0.0000000000000000e+00
13 -7.9691031491108365e-03 3.9644708679402806e-02 0.0000000000000000e+00 0.0000000000000000e+00
14 -7.8087402675223912e-03 3.8562528855172036e-02 0.0000000000000000e+00 0.0000000000000000e+00
15 -3.3140526769987854e-04 4.3647194730146513e-02 0.0000000000000000e+00 0.0000000000000000e+00
16 -1.6364245622578855e-03 4.1526263561194092e-02 0.0000000000000000e+00 0.0000000000000000e+00
17 -2.0289933288082391e-03 4.2223779165751721e-02 0.0000000000000000e+00 0.0000000000000000e+00
18 3.0334976238423576e-02 5.8644499739406095e-02 0.0000000000000000e+00 0.0000000000000000e+00
19 3.0001592159522465e-02 5.7454645616226131e-02 0.0000000000000000e+00 0.0000000000000000e+00
20 3.3874115864310474e-02 5.9735914502193517e-02 0.0000000000000000e+00 0.0000000000000000e+00
21 9.3428838445607843e-04 4.7205254319082859e-02 0.0000000000000000e+00 0.0000000000000000e+00
1 -2.1011045210137156e-03 4.4918696365901484e-02 0.0000000000000000e+00 0.0000000000000000e+00
23 2.3932453303127517e-04 4.5972426367324105e-02 0.0000000000000000e+00 0.0000000000000000e+00
24 2.1481029071468954e-02 5.7723314400588942e-02 0.0000000000000000e+00 0.0000000000000000e+00
25 1.7417660014680383e-02 5.6178570650276247e-02 0.0000000000000000e+00 0.0000000000000000e+00
26 1.9048671491650196e-02 5.6711530228862508e-02 0.0000000000000000e+00 0.0000000000000000e+00
27 5.5077149954180254e-02 5.8871658299650007e-02 0.0000000000000000e+00 0.0000000000000000e+00
28 5.6106484273771261e-02 5.9684290748064771e-02 0.0000000000000000e+00 0.0000000000000000e+00
29 5.9985124889600228e-02 5.8377775752122350e-02 0.0000000000000000e+00 0.0000000000000000e+00
30 -6.4048325750493398e-03 3.7162419920311995e-02 0.0000000000000000e+00 0.0000000000000000e+00
31 4.4510462156795473e-03 4.5503607940608898e-02 0.0000000000000000e+00 0.0000000000000000e+00
32 8.6789827969158909e-04 4.1749839790099719e-02 0.0000000000000000e+00 0.0000000000000000e+00
33 2.3635479309209906e-03 4.6729703582441821e-02 0.0000000000000000e+00 0.0000000000000000e+00
34 6.1025913846534628e-02 6.5239326784610682e-02 0.0000000000000000e+00 0.0000000000000000e+00
35 6.6164765420288568e-02 6.5389337703475270e-02 0.0000000000000000e+00 0.0000000000000000e+00
36 6.8710235640179779e-02 6.5444923054936571e-02 0.0000000000000000e+00 0.0000000000000000e+00
37 6.3357742207295800e-02 6.3802298286539022e-02 0.0000000000000000e+00 0.0000000000000000e+00
38 6.9582664899274782e-02 6.5130705740340217e-02 0.0000000000000000e+00 0.0000000000000000e+00
39 6.7035820457707784e-02 6.8361207708493618e-02 0.0000000000000000e+00 0.0000000000000000e+00
40 7.1031382278705757e-02 6.8920691861196842e-02 0.0000000000000000e+00 0.0000000000000000e+00
41 7.2051081132050943e-02 6.9003346167129706e-02 0.0000000000000000e+00 0.0000000000000000e+00
42 7.1130783486737126e-02 6.5794337058722341e-02 0.0000000000000000e+00 0.0000000000000000e+00
43 7.1097494466837122e-02 6.7227712199153231e-02 0.0000000000000000e+00 0.0000000000000000e+00
44 7.0496115152705263e-02 6.6445761825180444e-02 0.0000000000000000e+00 0.0000000000000000e+00
45 6.8642837087587505e-02 6.7884226207341761e-02 0.0000000000000000e+00 0.0000000000000000e+00
46 1.9240581181237490e-02 5.6548618252603322e-02 0.0000000000000000e+00 0.0000000000000000e+00
47 1.6008245225353497e-02 5.5625701389195870e-02 0.0000000000000000e+00 0.0000000000000000e+00
48 1.7365341913391556e-02 5.5299830970622875e-02 0.0000000000000000e+00 0.0000000000000000e+00
49 7.3072921668057789e-02 6.7849414064657304e-02 0.0000000000000000e+00 0.0000000000000000e+00
50 7.4703570308878878e-02 6.7311334183195765e-02 0.0000000000000000e+00 0.0000000000000000e+00
51 7.6148651925426081e-02 6.9420240318609550e-02 0.0000000000000000e+00 0.0000000000000000e+00
52 1.9311794588356700e-02 5.7201242445758048e-02 0.0000000000000000e+00 0.0000000000000000e+00
53 2.3210766302425953e-02 5.8474967545011948e-02 0.0000000000000000e+00 0.0000000000000000e+00
54 2.2579110928758563e-02 5.8311771363359702e-02 0.0000000000000000e+00 0.0000000000000000e+00
55 5.3475403957383136e-02 6.6266000266719943e-02 0.0000000000000000e+00 0.0000000000000000e+00
56 5.0844938801766895e-02 6.5794700411255097e-02 0.0000000000000000e+00 0.0000000000000000e+00
57 4.9767912856862030e-02 6.2780022634544144e-02 0.0000000000000000e+00 0.0000000000000000e+00
22 -1.2959281307423200e-03 4.5392584392509872e-02 0.0000000000000000e+00 0.0000000000000000e+00
59 4.0812948837397757e-02 6.0579486462365231e-02 0.0000000000000000e+00 0.0000000000000000e+00
60 3.7542626854049681e-02 5.7483921936504326e-02 0.0000000000000000e+00 0.0000000000000000e+00
61 5.4796031649349958e-02 6.1775638929450295e-02 0.0000000000000000e+00 0.0000000000000000e+00
62 5.1123586697535708e-02 5.9662072729478925e-02 0.0000000000000000e+00 0.0000000000000000e+00
63 2.1860971185882396e-02 5.1722907147325879e-02 0.0000000000000000e+00 0.0000000000000000e+00
64 2.5202145786746493e-02 5.6135202822052990e-02 0.0000000000000000e+00 0.0000000000000000e+00
65 2.1393447058979317e-02 5.3938559351368279e-02 0.0000000000000000e+00 0.0000000000000000e+00
66 2.0613871790436548e-02 5.7226393918268323e-02 0.0000000000000000e+00 0.0000000000000000e+00
67 1.7017252828006164e-02 5.6029014563553491e-02 0.0000000000000000e+00 0.0000000000000000e+00
68 2.1170263119392532e-02 5.7594661577695432e-02 0.0000000000000000e+00 0.0000000000000000e+00
69 1.1160438230271503e-03 4.7052234808664273e-02 0.0000000000000000e+00 0.0000000000000000e+00
70 2.0517356213189215e-03 4.7828311405946587e-02 0.0000000000000000e+00 0.0000000000000000e+00
71 5.0148680269086823e-02 6.4921999707633959e-02 0.0000000000000000e+00 0.0000000000000000e+00
72 5.1031392802824267e-02 6.5527754740225388e-02 0.0000000000000000e+00 0.0000000000000000e+00
73 4.6665378096364077e-02 6.4402037694891112e-02 0.0000000000000000e+00 0.0000000000000000e+00
74 6.0640983766139488e-03 5.0327330879103939e-02 0.0000000000000000e+00 0.0000000000000000e+00
75 1.7280145854250285e-03 4.6757988053873559e-02 0.0000000000000000e+00 0.0000000000000000e+00
76 5.3172196807344928e-03 4.8398215035827787e-02 0.0000000000000000e+00 0.0000000000000000e+00
77 6.6892813227451275e-02 6.4589671793630218e-02 0.0000000000000000e+00 0.0000000000000000e+00
78 7.0229435454037953e-02 6.8481924474654218e-02 0.0000000000000000e+00 0.0000000000000000e+00
79 6.4477221364753465e-02 6.7756957092804937e-02 0.0000000000000000e+00 0.0000000000000000e+00
80 1.4714234670953416e-02 5.5857333787780676e-02 0.0000000000000000e+00 0.0000000000000000e+00
81 1.8342963225342145e-02 5.4132505452368126e-02 0.0000000000000000e+00 0.0000000000000000e+00
82 1.4085814972071562e-02 5.3600848574490129e-02 0.0000000000000000e+00 0.0000000000000000e+00
83 1.6512771042044287e-02 5.4260308341824499e-02 0.0000000000000000e+00 0.0000000000000000e+00
84 1.7408410988738087e-02 5.2314086084979367e-02 0.0000000000000000e+00 0.0000000000000000e+00
85 1.8103111095521426e-04 4.7364614647299894e-02 0.0000000000000000e+00 0.0000000000000000e+00
86 -8.2948431754220327e-05 4.7749177052342572e-02 0.0000000000000000e+00 0.0000000000000000e+00
87 4.3553633217118193e-02 6.3689714243439888e-02 0.0000000000000000e+00 0.0000000000000000e+00
88 4.3708485489244914e-02 6.4317075456778089e-02 0.0000000000000000e+00 0.0000000000000000e+00
89 3.9298612636815486e-02 6.3572440264201807e-02 0.0000000000000000e+00 0.0000000000000000e+00
90 7.7896178915993416e-02 6.6863664051806007e-02 0.0000000000000000e+00 0.0000000000000000e+00
91 7.9493169698000535e-02 6.7585243475340354e-02 0.0000000000000000e+00 0.0000000000000000e+00
92 3.6740925647982932e-02 6.1880759384767871e-02 0.0000000000000000e+00 0.0000000000000000e+00
93 4.0837295302136416e-02 6.3033933816323356e-02 0.0000000000000000e+00 0.0000000000000000e+00
58 3.6663458432742629e-02 5.8941741232427874e-02 0.0000000000000000e+00 0.0000000000000000e+00
95 4.5695495609108655e-02 6.3816573320106484e-02 0.0000000000000000e+00 0.0000000000000000e+00
96 4.2167945584438447e-02 6.2239302517139099e-02 0.0000000000000000e+00 0.0000000000000000e+00
97 4.6461598769936469e-02 6.3533814909657094e-02 0.0000000000000000e+00 0.0000000000000000e+00
98 4.1660895829684604e-03 5.0136090105087239e-02 0.0000000000000000e+00 0.0000000000000000e+00
99 5.0857812882673025e-03 5.0893906212201204e-02 0.0000000000000000e+00 0.0000000000000000e+00
100 7.2147111711927088e-03 5.2125398621631007e-02 0.0000000000000000e+00 0.0000000000000000e+00
101 3.7247903425372743e-02 5.9490005092626246e-02 0.0000000000000000e+00 0.0000000000000000e+00
102 3.5263594816143461e-02 5.8078807999247889e-02 0.0000000000000000e+00 0.0000000000000000e+00
103 3.3101293635887340e-02 5.8400589178323525e-02 0.0000000000000000e+00 0.0000000000000000e+00
104 1.1830916216556010e-02 5.3444929252852443e-02 0.0000000000000000e+00 0.0000000000000000e+00
105 9.3550116427780217e-03 5.3072734993033895e-02 0.0000000000000000e+00 0.0000000000000000e+00
106 1.3224338077441930e-02 5.4472851905998078e-02 0.0000000000000000e+00 0.0000000000000000e+00
107 -8.3497276458186394e-03 4.0888958454034327e-02 0.0000000000000000e+00 0.0000000000000000e+00
108 -7.5127516691066015e-03 4.1571431305900443e-02 0.0000000000000000e+00 0.0000000000000000e+00
109 -5.5518713006362510e-03 4.2795258685096690e-02 0.0000000000000000e+00 0.0000000000000000e+00
110 -6.4856183095064780e-03 4.2970447848237059e-02 0.0000000000000000e+00 0.0000000000000000e+00
111 -6.2928066787482908e-03 4.3100364923108793e-02 0.0000000000000000e+00 0.0000000000000000e+00
112 -5.1794893323180288e-03 4.3832244738962405e-02 0.0000000000000000e+00 0.0000000000000000e+00
113 3.1024920608197649e-02 6.1165481766252167e-02 0.0000000000000000e+00 0.0000000000000000e+00
114 3.5503326610243857e-02 6.2415901538911696e-02 0.0000000000000000e+00 0.0000000000000000e+00
115 3.3216390471172322e-02 6.1672289993500315e-02 0.0000000000000000e+00 0.0000000000000000e+00
116 5.1850638492190529e-02 6.5972735775903651e-02 0.0000000000000000e+00 0.0000000000000000e+00
117 5.8060766452760072e-02 6.6776894880181917e-02 0.0000000000000000e+00 0.0000000000000000e+00
118 5.7104367623859544e-02 6.5580475642064234e-02 0.0000000000000000e+00 0.0000000000000000e+00
119 1.4368558160549447e-02 5.4038473600092236e-02 0.0000000000000000e+00 0.0000000000000000e+00
120 1.0963460925441149e-02 5.1646250557111174e-02 0.0000000000000000e+00 0.0000000000000000e+00
121 1.0671652352708198e-02 5.3556999934643294e-02 0.0000000000000000e+00 0.0000000000000000e+00
122 2.4460529353772343e-02 5.9146600442681642e-02 0.0000000000000000e+00 0.0000000000000000e+00
123 2.4794639595067863e-02 5.9016389066565950e-02 0.0000000000000000e+00 0.0000000000000000e+00
124 -6.8933282861030915e-03 3.2516076757424718e-02 0.0000000000000000e+00 0.0000000000000000e+00
125 -5.7312581578071314e-03 3.4487563087556704e-02 0.0000000000000000e+00 0.0000000000000000e+00
126 -9.4898615604314587e-03 2.9217843161224347e-02 0.0000000000000000e+00 0.0000000000000000e+00
127 2.2629393338311092e-02 4.2182662863183028e-02 0.0000000000000000e+00 0.0000000000000000e+00
128 1.3256149457956445e-02 2.6459399026427063e-02 0.0000000000000000e+00 0.0000000000000000e+00
129 1.7337710125061009e-02 3.4437918422019383e-02 0.0000000000000000e+00 0.0000000000000000e+00
130 2.5653252444691618e-02 5.8374723425555219e-02 0.0000000000000000e+00 0.0000000000000000e+00
131 2.1840667713369268e-02 5.7093103018412923e-02 0.0000000000000000e+00 0.0000000000000000e+00
132 2.1760928102237079e-02 5.7341136534747740e-02 0.0000000000000000e+00 0.0000000000000000e+00
133 -5.4651541582153365e-03 4.3791684998626186e-02 0.0000000000000000e+00 0.0000000000000000e+00
134 -6.0019697386629670e-03 4.3539925876482373e-02 0.0000000000000000e+00 0.0000000000000000e+00
135 -5.5098938866927427e-03 4.4073891556491551e-02 0.0000000000000000e+00 0.0000000000000000e+00
136 6.7752636937528532e-02 6.8401478351964140e-02 0.0000000000000000e+00 0.0000000000000000e+00
137 6.7239942266032651e-02 6.8491960412840946e-02 0.0000000000000000e+00 0.0000000000000000e+00
138 5.2439171534088037e-02 6.6150266945956368e-02 0.0000000000000000e+00 0.0000000000000000e+00
139 4.8628758542629880e-02 6.5242440314150024e-02 0.0000000000000000e+00 0.0000000000000000e+00
140 5.3824382996019507e-02 6.5965187694783489e-02 0.0000000000000000e+00 0.0000000000000000e+00
141 5.1632133405989870e-02 6.5646803935518999e-02 0.0000000000000000e+00 0.0000000000000000e+00
142 5.5906929490343878e-02 6.1638707097693049e-02 0.0000000000000000e+00 0.0000000000000000e+00
143 5.5455504082100038e-02 6.2595072483741535e-02 0.0000000000000000e+00 0.0000000000000000e+00
144 2.2723656388070439e-02 5.1765812464667743e-02 0.0000000000000000e+00 0.0000000000000000e+00
145 1.0451478314358022e-02 1.2386050073517757e-02 0.0000000000000000e+00 0.0000000000000000e+00
146 1.1733277575928232e-02 1.5172629278300480e-02 0.0000000000000000e+00 0.0000000000000000e+00
147 -4.1782723194597454e-03 2.5765979050920162e-02 0.0000000000000000e+00 0.0000000000000000e+00
148 -1.8491986214841990e-04 3.3027219492359164e-02 0.0000000000000000e+00 0.0000000000000000e+00
149 2.1787311477776362e-04 3.6820484205083666e-02 0.0000000000000000e+00 0.0000000000000000e+00
150 4.6611159946401845e-02 5.4507383785663249e-02 0.0000000000000000e+00 0.0000000000000000e+00
151 4.3844122595596884e-02 5.6809967290909105e-02 0.0000000000000000e+00 0.0000000000000000e+00
152 4.6659193460455398e-02 5.1100370984298329e-02 0.0000000000000000e+00 0.0000000000000000e+00
153 7.1505625807921663e-02 5.6213069715303862e-02 0.0000000000000000e+00 0.0000000000000000e+00
154 -5.9685846527217454e-03 4.2840855670855882e-02 0.0000000000000000e+00 0.0000000000000000e+00
155 -3.3377462678671034e-03 4.4960818159298463e-02 0.0000000000000000e+00 0.0000000000000000e+00
156 -3.8691634782719777e-03 4.4909566992596364e-02 0.0000000000000000e+00 0.0000000000000000e+00
157 -7.0081409622617117e-03 4.2493068263368933e-02 0.0000000000000000e+00 0.0000000000000000e+00
158 -8.3708761084056952e-03 4.0706783685227864e-02 0.0000000000000000e+00 0.0000000000000000e+00
159 -7.1092485551603364e-03 4.1247108589453324e-02 0.0000000000000000e+00 0.0000000000000000e+00
160 3.4137657856872554e-02 6.0388859097113883e-02 0.0000000000000000e+00 0.0000000000000000e+00
161 3.0108456573214159e-02 5.8732655881628362e-02 0.0000000000000000e+00 0.0000000000000000e+00
162 3.2987205894552583e-02 5.7935147136452661e-02 0.0000000000000000e+00 0.0000000000000000e+00
163 -2.7310646324435099e-03 4.3117143443270584e-02 0.0000000000000000e+00 0.0000000000000000e+00
164 4.0702813344866633e-02 6.3248715959857940e-02 0.0000000000000000e+00 0.0000000000000000e+00
165 3.9268516308906196e-02 6.2685888391672218e-02 0.0000000000000000e+00 0.0000000000000000e+00
166 4.3546873997392321e-02 6.3329733433770685e-02 0.0000000000000000e+00 0.0000000000000000e+00
167 -2.9881717989772476e-03 4.4533022804893282e-02 0.0000000000000000e+00 0.0000000000000000e+00
168 -8.0546607036498610e-04 4.6547101693448611e-02 0.0000000000000000e+00 0.0000000000000000e+00
169 -2.8845500231757864e-03 4.5091907186585727e-02 0.0000000000000000e+00 0.0000000000000000e+00
170 8.0166278512926060e-03 4.9181928642932290e-02 0.0000000000000000e+00 0.0000000000000000e+00
171 4.4739679195036309e-03 4.8467882604895388e-02 0.0000000000000000e+00 0.0000000000000000e+00
172 5.4598895495393367e-03 4.7931752447333290e-02 0.0000000000000000e+00 0.0000000000000000e+00
173 -2.5779649254615332e-03 4.6728907983046679e-02 0.0000000000000000e+00 0.0000000000000000e+00
174 -3.2227529823347385e-03 4.5481652600160863e-02 0.0000000000000000e+00 0.0000000000000000e+00
175 -3.1072321389586008e-03 4.5825919269620034e-02 0.0000000000000000e+00 0.0000000000000000e+00
176 1.0566255337358325e-03 4.7225363621899753e-02 0.0000000000000000e+00 0.0000000000000000e+00
177 3.5959142627531729e-03 4.9163006395363626e-02 0.0000000000000000e+00 0.0000000000000000e+00
178 1.1886332753099685e-03 4.7540043029705777e-02 0.0000000000000000e+00 0.0000000000000000e+00
179 1.2813349867801028e-03 4.8544861874452436e-02 0.0000000000000000e+00 0.0000000000000000e+00
180 -2.4885043576763953e-04 4.6574295366284837e-02 0.0000000000000000e+00 0.0000000000000000e+00
181 1.2664433744950759e-03 4.7412484020586974e-02 0.0000000000000000e+00 0.0000000000000000e+00
182 4.9670813630632589e-02 6.4716298401158237e-02 0.0000000000000000e+00 0.0000000000000000e+00
183 4.0774624462477163e-02 6.3564063141635041e-02 0.0000000000000000e+00 0.0000000000000000e+00
184 3.7462491272372771e-02 6.2661624413361622e-02 0.0000000000000000e+00 0.0000000000000000e+00
185 1.6408588759226087e-02 5.4476082659167438e-02 0.0000000000000000e+00 0.0000000000000000e+00
186 1.7927689120478988e-02 5.4661669627631776e-02 0.0000000000000000e+00 0.0000000000000000e+00
187 1.9920248060438631e-02 5.5890678949671715e-02 0.0000000000000000e+00 0.0000000000000000e+00
188 2.2155487147483811e-02 4.6777551183933994e-02 0.0000000000000000e+00 0.0000000000000000e+00
189 1.8008132453153771e-02 4.5557736674147448e-02 0.0000000000000000e+00 0.0000000000000000e+00
190 1.8205664528696763e-02 4.0826405471772638e-02 0.0000000000000000e+00 0.0000000000000000e+00
191 1.0553938298740044e-02 5.3842598579090545e-02 0.0000000000000000e+00 0.0000000000000000e+00
192 1.1223368533845137e-02 5.3474436568425897e-02 0.0000000000000000e+00 0.0000000000000000e+00
193 8.4610239642384493e-03 5.2326832792828307e-02 0.0000000000000000e+00 0.0000000000000000e+00
194 1.6716823722241904e-02 5.5693713228999991e-02 0.0000000000000000e+00 0.0000000000000000e+00
195 1.4119334937615923e-02 5.4733221848654673e-02 0.0000000000000000e+00 0.0000000000000000e+00
196 1.5540364210862547e-02 5.5039866002415394e-02 0.0000000000000000e+00 0.0000000000000000e+00
197 7.1628519166471144e-02 6.7278420325583371e-02 0.0000000000000000e+00 0.0000000000000000e+00
198 6.6939988112638238e-02 6.6828679248035039e-02 0.0000000000000000e+00 0.0000000000000000e+00
199 6.5685157639453109e-02 6.7123677354925221e-02 0.0000000000000000e+00 0.0000000000000000e+00
200 4.1720618874379743e-02 6.0511751416402124e-02 0.0000000000000000e+00 0.0000000000000000e+00
201 4.0792175565526140e-02 6.2308969511820723e-02 0.0000000000000000e+00 0.0000000000000000e+00
202 4.4197153640874884e-02 6.2527371000397305e-02 0.0000000000000000e+00 0.0000000000000000e+00
203 6.4918222531392067e-02 6.7763118284635257e-02 0.0000000000000000e+00 0.0000000000000000e+00
204 6.8765773913034858e-02 6.8466184607189548e-02 0.0000000000000000e+00 0.0000000000000000e+00
205 7.0317987790749187e-02 6.8515511252767267e-02 0.0000000000000000e+00 0.0000000000000000e+00
206 3.2694358216085725e-02 6.1453792907944428e-02 0.0000000000000000e+00 0.0000000000000000e+00
207 3.4872236632859009e-02 6.1966441152156139e-02 0.0000000000000000e+00 0.0000000000000000e+00
208 3.7367797367064678e-02 6.3149175166049065e-02 0.0000000000000000e+00 0.0000000000000000e+00
209 4.4014631813534488e-02 6.4832881347038129e-02 0.0000000000000000e+00 0.0000000000000000e+00
210 4.5321698591178038e-02 6.4895521784144858e-02 0.0000000000000000e+00 0.0000000000000000e+00
211 3.5239281633513080e-02 3.2034932439700958e-02 0.0000000000000000e+00 0.0000000000000000e+00
212 -3.3816697322851339e-03 3.1361744986690941e-02 0.0000000000000000e+00 0.0000000000000000e+00
213 -4.7058288403655935e-03 2.4937491345884254e-02 0.0000000000000000e+00 0.0000000000000000e+00
214 2.6168886028033094e-03 4.9262000227113655e-02 0.0000000000000000e+00 0.0000000000000000e+00
215 6.1155661165062838e-02 6.7536156595908989e-02 0.0000000000000000e+00 0.0000000000000000e+00
216 6.2859904456234447e-02 6.7716525151629792e-02 0.0000000000000000e+00 0.0000000000000000e+00
217 -1.0665574382169276e-02 3.0177883499386507e-02 0.0000000000000000e+00 0.0000000000000000e+00
218 -9.0812716666596287e-03 3.3403112481836444e-02 0.0000000000000000e+00 0.0000000000000000e+00
219 -7.7231948521488325e-03 3.4018331886029402e-02 0.0000000000000000e+00 0.0000000000000000e+00
220 4.4136896624195038e-02 6.3735822974121364e-02 0.0000000000000000e+00 0.0000000000000000e+00
221 4.8101159445684542e-02 6.4375123802696887e-02 0.0000000000000000e+00 0.0000000000000000e+00
222 4.7856619265720282e-02 6.3922440566425973e-02 0.0000000000000000e+00 0.0000000000000000e+00
223 2.3143810456486280e-02 4.8351674343021928e-02 0.0000000000000000e+00 0.0000000000000000e+00
224 2.5292891994873695e-02 5.1442161839747119e-02 0.0000000000000000e+00 0.0000000000000000e+00
225 2.8123028884625347e-02 4.2728892925426129e-02 0.0000000000000000e+00 0.0000000000000000e+00
226 2.5606594534256150e-02 4.6987451533031591e-02 0.0000000000000000e+00 0.0000000000000000e+00
227 6.7901318074439027e-02 5.5611916674659125e-02 0.0000000000000000e+00 0.0000000000000000e+00
228 7.3459807463626958e-02 6.8909179805433290e-02 0.0000000000000000e+00 0.0000000000000000e+00
229 -2.0663608527700606e-04 4.7397163623584967e-02 0.0000000000000000e+00 0.0000000000000000e+00
230 -8.0070741623270987e-04 4.7884130553466950e-02 0.0000000000000000e+00 0.0000000000000000e+00
231 1.8982585997600367e-03 4.9533684670512314e-02 0.0000000000000000e+00 0.0000000000000000e+00
232 -6.6527245758125483e-03 4.3684614540436713e-02 0.0000000000000000e+00 0.0000000000000000e+00
233 -7.6615728735448729e-03 3.7730772855478802e-02 0.0000000000000000e+00 0.0000000000000000e+00
234 -7.9005777654678998e-03 3.7577206440313142e-02 0.0000000000000000e+00 0.0000000000000000e+00
235 4.9788489803721553e-02 6.1525705603832165e-02 0.0000000000000000e+00 0.0000000000000000e+00
236 5.6353013823029652e-02 6.6663515257122399e-02 0.0000000000000000e+00 0.0000000000000000e+00
237 5.0600267650375230e-02 6.5404156938279973e-02 0.0000000000000000e+00 0.0000000000000000e+00
238 -8.0917785189615170e-03 3.7644400159085656e-02 0.0000000000000000e+00 0.0000000000000000e+00
239 -7.2159978106301585e-03 3.9052408667439788e-02 0.0000000000000000e+00 0.0000000000000000e+00
240 -2.2606449396833906e-03 4.3880035223464592e-02 0.0000000000000000e+00 0.0000000000000000e+00
241 -3.5125010614608877e-04 4.3967747498627009e-02 0.0000000000000000e+00 0.0000000000000000e+00
242 3.5829338810436803e-02 2.0884528359630387e-02 0.0000000000000000e+00 0.0000000000000000e+00
243 4.8268445353676276e-02 4.1391512238053714e-02 0.0000000000000000e+00 0.0000000000000000e+00
244 5.5499166933427178e-02 5.9714744975673244e-02 0.0000000000000000e+00 0.0000000000000000e+00
245 5.7466574074741997e-02 5.3679354706104174e-02 0.0000000000000000e+00 0.0000000000000000e+00
246 6.5311851359351095e-02 5.7159614545698186e-02 0.0000000000000000e+00 0.0000000000000000e+00
247 -5.5589384170899548e-04 4.6142458357936837e-02 0.0000000000000000e+00 0.0000000000000000e+00
248 -2.4907132022708774e-03 4.3785698547719951e-02 0.0000000000000000e+00 0.0000000000000000e+00
249 1.4109252333232686e-03 4.7585548510390027e-02 0.0000000000000000e+00 0.0000000000000000e+00
250 6.0948194301202158e-02 6.7179804263986037e-02 0.0000000000000000e+00 0.0000000000000000e+00
251 2.1100423488278681e-02 5.6830230052122052e-02 0.0000000000000000e+00 0.0000000000000000e+00
252 1.8509456167081672e-02 5.5792053010000058e-02 0.0000000000000000e+00 0.0000000000000000e+00
253 2.0533884438730703e-02 5.7495096541768036e-02 0.0000000000000000e+00 0.0000000000000000e+00
254 1.9864925347476949e-02 5.7261572378468732e-02 0.0000000000000000e+00 0.0000000000000000e+00
255 3.1479400136572938e-02 5.7931941444076866e-02 0.0000000000000000e+00 0.0000000000000000e+00
256 1.2997840997172048e-02 5.0594767234628087e-02 0.0000000000000000e+00 0.0000000000000000e+00
257 1.4897127439061150e-02 5.0088518335105664e-02 0.0000000000000000e+00 0.0000000000000000e+00
258 1.1790833219218658e-02 4.9264689218668847e-02 0.0000000000000000e+00 0.0000000000000000e+00
259 1.7322151049232321e-03 4.5577154065934246e-02 0.0000000000000000e+00 0.0000000000000000e+00
260 1.9506156220949109e-03 4.6316212696688168e-02 0.0000000000000000e+00 0.0000000000000000e+00
261 6.5540927697160564e-02 6.7508193105161526e-02 0.0000000000000000e+00 0.0000000000000000e+00
262 6.4337532917286805e-02 6.7029861732404536e-02 0.0000000000000000e+00 0.0000000000000000e+00
263 3.5253281037528401e-02 6.1531708380342928e-02 0.0000000000000000e+00 0.0000000000000000e+00
264 3.0058746197190869e-02 5.6390872540375010e-02 0.0000000000000000e+00 0.0000000000000000e+00
265 3.4591334094962144e-02 5.8418579763607842e-02 0.0000000000000000e+00 0.0000000000000000e+00
266 1.7552426981816704e-02 5.6845975727094142e-02 0.0000000000000000e+00 0.0000000000000000e+00
267 6.5153404793146255e-02 6.8077557630647975e-02 0.0000000000000000e+00 0.0000000000000000e+00
268 6.3207875893873874e-02 6.8011244146545122e-02 0.0000000000000000e+00 0.0000000000000000e+00
269 6.4580057162320598e-02 6.0206171419612292e-02 0.0000000000000000e+00 0.0000000000000000e+00
270 6.7240872471400898e-02 6.2502602721861145e-02 0.0000000000000000e+00 0.0000000000000000e+00
271 6.1005625329266060e-02 6.0332135335000911e-02 0.0000000000000000e+00 0.0000000000000000e+00
272 7.3794945559495046e-03 4.6270479448072374e-02 0.0000000000000000e+00 0.0000000000000000e+00
273 1.0902923899379333e-02 4.9341052687849524e-02 0.0000000000000000e+00 0.0000000000000000e+00
274 7.7261855999972446e-03 5.1830130645609422e-02 0.0000000000000000e+00 0.0000000000000000e+00
275 -7.4299454773531217e-03 4.2303782567125997e-02 0.0000000000000000e+00 0.0000000000000000e+00
276 -5.6982408853895519e-03 4.3564096596311816e-02 0.0000000000000000e+00 0.0000000000000000e+00
277 -5.6257755700275299e-03 4.3510708909100505e-02 0.0000000000000000e+00 0.0000000000000000e+00
278 6.2732641801616024e-03 5.1042021085444693e-02 0.0000000000000000e+00 0.0000000000000000e+00
279 4.7992359302402553e-03 4.8722098163554592e-02 0.0000000000000000e+00 0.0000000000000000e+00
280 6.2770886811541046e-03 4.9492079548557347e-02 0.0000000000000000e+00 0.0000000000000000e+00
281 6.8529863690848181e-02 6.4873130887841357e-02 0.0000000000000000e+00 0.0000000000000000e+00
282 7.3749209346640379e-02 6.7652055970499392e-02 0.0000000000000000e+00 0.0000000000000000e+00
283 7.1393336727058859e-02 6.7452644524861077e-02 0.0000000000000000e+00 0.0000000000000000e+00
284 -7.1224126945363788e-03 4.1232631527479649e-02 0.0000000000000000e+00 0.0000000000000000e+00
285 -1.2234590096895488e-02 2.1639053101450912e-02 0.0000000000000000e+00 0.0000000000000000e+00
286 5.2733380427423940e-02 5.1115575207609162e-02 0.0000000000000000e+00 0.0000000000000000e+00
287 5.6596743703139815e-02 5.6971695214926996e-02 0.0000000000000000e+00 0.0000000000000000e+00
288 -1.0666867847620651e-02 2.9858848313756431e-02 0.0000000000000000e+00 0.0000000000000000e+00
289 -6.6072841912409447e-03 4.1362647414761054e-02 0.0000000000000000e+00 0.0000000000000000e+00
290 -5.0937678375217194e-03 4.2958648575212921e-02 0.0000000000000000e+00 0.0000000000000000e+00
291 5.3606597102678101e-02 6.4845357706100240e-02 0.0000000000000000e+00 0.0000000000000000e+00
292 5.7259402038891037e-02 5.7446484646577506e-02 0.0000000000000000e+00 0.0000000000000000e+00
293 5.6516141221133534e-02 6.5974595612327838e-02 0.0000000000000000e+00 0.0000000000000000e+00
294 4.7180932436945752e-02 6.4166152844159552e-02 0.0000000000000000e+00 0.0000000000000000e+00
295 4.9254938031850846e-02 6.4618153343100948e-02 0.0000000000000000e+00 0.0000000000000000e+00
296 2.5709804032667330e-03 3.9290725318056836e-02 0.0000000000000000e+00 0.0000000000000000e+00
297 -6.0590394043024765e-04 4.0229549938155335e-02 0.0000000000000000e+00 0.0000000000000000e+00
298 4.2983416365966060e-03 4.8843910632455315e-02 0.0000000000000000e+00 0.0000000000000000e+00
299 -5.3868910511670164e-03 4.3183350301301236e-02 0.0000000000000000e+00 0.0000000000000000e+00
300 -5.7769383966818450e-03 4.3088392097260224e-02 0.0000000000000000e+00 0.0000000000000000e+00
301 -2.8428636876352406e-03 4.5267584197633909e-02 0.0000000000000000e+00 0.0000000000000000e+00
302 9.0153979226633273e-03 5.1903692224420886e-02 0.0000000000000000e+00 0.0000000000000000e+00
303 7.6476766402990365e-02 6.8813741678558055e-02 0.0000000000000000e+00 0.0000000000000000e+00
304 7.1164626888442439e-02 6.8334076553968032e-02 0.0000000000000000e+00 0.0000000000000000e+00
305 7.6040239520042879e-02 6.9091906336554182e-02 0.0000000000000000e+00 0.0000000000000000e+00
306 3.2470881757205874e-02 6.0747733114030519e-02 0.0000000000000000e+00 0.0000000000000000e+00
307 1.7446438916150400e-02 3.8993770961785579e-02 0.0000000000000000e+00 0.0000000000000000e+00
308 -1.1281353426554556e-02 2.8023524528094073e-02 0.0000000000000000e+00 0.0000000000000000e+00
309 -1.2594534239789641e-02 2.3790992244469095e-02 0.0000000000000000e+00 0.0000000000000000e+00
310 -6.1256395020996036e-03 4.3664601774102210e-02 0.0000000000000000e+00 0.0000000000000000e+00
311 -6.0073724248680379e-03 4.4027700309206830e-02 0.0000000000000000e+00 0.0000000000000000e+00
312 -5.8297216158498498e-03 4.4300510341038178e-02 0.0000000000000000e+00 0.0000000000000000e+00
313 -1.1168452964428584e-02 2.7853270995502239e-02 0.0000000000000000e+00 0.0000000000000000e+00
314 2.3183247722334696e-02 3.7125939818704795e-02 0.0000000000000000e+00 0.0000000000000000e+00
315 3.5638784468727064e-02 6.2892780766378387e-02 0.0000000000000000e+00 0.0000000000000000e+00
316 3.4230162017858855e-02 6.0677387108738615e-02 0.0000000000000000e+00 0.0000000000000000e+00
317 5.0627112251907053e-02 6.3204241315754889e-02 0.0000000000000000e+00 0.0000000000000000e+00
318 4.8205342084765637e-02 6.3960049222221774e-02 0.0000000000000000e+00 0.0000000000000000e+00
319 3.9526115297597648e-02 4.5410954998954062e-02 0.0000000000000000e+00 0.0000000000000000e+00
320 3.0698729398588413e-04 2.7457824988324397e-02 0.0000000000000000e+00 0.0000000000000000e+00
321 1.3440411066197446e-02 5.4933200607972806e-02 0.0000000000000000e+00 0.0000000000000000e+00
322 1.1446019638477061e-02 5.3618082412201007e-02 0.0000000000000000e+00 0.0000000000000000e+00
323 6.5650072780694124e-02 6.7945355850107705e-02 0.0000000000000000e+00 0.0000000000000000e+00
324 6.9098225037822675e-02 6.8452939133412147e-02 0.0000000000000000e+00 0.0000000000000000e+00
325 2.2615854873919480e-02 5.7777557636508062e-02 0.0000000000000000e+00 0.0000000000000000e+00
326 1.1788918101474328e-02 5.4016853967937171e-02 0.0000000000000000e+00 0.0000000000000000e+00
327 1.0259907083942308e-02 5.1174054260088017e-02 0.0000000000000000e+00 0.0000000000000000e+00
328 1.2205518015223344e-02 5.1004956979909040e-02 0.0000000000000000e+00 0.0000000000000000e+00
329 7.0129365269747442e-03 5.1367274062672177e-02 0.0000000000000000e+00 0.0000000000000000e+00
330 7.1303306444421080e-03 4.8457406177976212e-02 0.0000000000000000e+00 0.0000000000000000e+00
331 5.2923306345728669e-03 4.6565606709286667e-02 0.0000000000000000e+00 0.0000000000000000e+00
332 6.1924109603719121e-02 6.1054563994162342e-02 0.0000000000000000e+00 0.0000000000000000e+00
333 3.3372624582661339e-02 5.7675389918218758e-02 0.0000000000000000e+00 0.0000000000000000e+00
334 -8.0156482168957238e-03 3.0688752787397335e-02 0.0000000000000000e+00 0.0000000000000000e+00
335 6.0427362272521629e-02 5.9897104972916441e-02 0.0000000000000000e+00 0.0000000000000000e+00
336 6.3142981398878181e-02 5.6216497051184158e-02 0.0000000000000000e+00 0.0000000000000000e+00
337 5.7021782331242186e-02 6.4093315896453687e-02 0.0000000000000000e+00 0.0000000000000000e+00
338 4.3014116572999701e-02 5.6324074825339424e-02 0.0000000000000000e+00 0.0000000000000000e+00
339 1.2149059975111516e-02 5.3615174699244414e-02 0.0000000000000000e+00 0.0000000000000000e+00
340 8.3103682979689016e-03 5.3347938995610092e-02 0.0000000000000000e+00 0.0000000000000000e+00
341 -6.7989997932475536e-03 4.3884492943599029e-02 0.0000000000000000e+00 0.0000000000000000e+00
342 -6.2330771339563929e-03 4.4336629895067509e-02 0.0000000000000000e+00 0.0000000000000000e+00
343 -7.2494362515702054e-03 4.2821342005578106e-02 0.0000000000000000e+00 0.0000000000000000e+00
344 9.5607530509401080e-03 5.2908055142346276e-02 0.0000000000000000e+00 0.0000000000000000e+00
345 7.4807484456443831e-03 5.1997026239460772e-02 0.0000000000000000e+00 0.0000000000000000e+00
346 9.2984866444318671e-03 4.6734680512949392e-02 0.0000000000000000e+00 0.0000000000000000e+00
347 -1.0667835185499547e-02 3.1247705893779249e-02 0.0000000000000000e+00 0.0000000000000000e+00
348 -6.1404829144690136e-03 3.9395260834862736e-02 0.0000000000000000e+00 0.0000000000000000e+00
349 -7.0901916612284314e-03 4.2670093826427759e-02 0.0000000000000000e+00 0.0000000000000000e+00
350 7.5794989265607474e-02 6.9595157749880565e-02 0.0000000000000000e+00 0.0000000000000000e+00
351 3.1378264266343214e-03 4.8496942111070446e-02 0.0000000000000000e+00 0.0000000000000000e+00
352 3.7400416332644655e-03 4.7982142600841673e-02 0.0000000000000000e+00 0.0000000000000000e+00
353 2.9121410324062832e-02 5.9603519822485143e-02 0.0000000000000000e+00 0.0000000000000000e+00
354 2.9955270769976061e-02 6.0665418343786498e-02 0.0000000000000000e+00 0.0000000000000000e+00
355 3.3809771215398592e-03 4.9196109870955004e-02 0.0000000000000000e+00 0.0000000000000000e+00
356 6.4633636860997351e-02 6.8191500549876702e-02 0.0000000000000000e+00 0.0000000000000000e+00
357 9.4858398048982932e-03 5.1531344914765811e-02 0.0000000000000000e+00 0.0000000000000000e+00
358 2.6794440404281031e-02 5.8965851597494533e-02 0.0000000000000000e+00 0.0000000000000000e+00
359 2.3239791839647819e-02 5.7200500314308546e-02 0.0000000000000000e+00 0.0000000000000000e+00
360 2.3168844848125217e-02 5.9092145445546661e-02 0.0000000000000000e+00 0.0000000000000000e+00
361 4.0741610495711331e-02 6.4191033409617126e-02 0.0000000000000000e+00 0.0000000000000000e+00
362 4.2490414395164912e-02 6.4292970596997026e-02 0.0000000000000000e+00 0.0000000000000000e+00
363 5.6081702066830282e-02 6.6891530310937308e-02 0.0000000000000000e+00 0.0000000000000000e+00
364 -3.6591779100926922e-03 4.0398543332642207e-02 0.0000000000000000e+00 0.0000000000000000e+00
365 -5.9203041362984139e-03 3.7261603518274150e-02 0.0000000000000000e+00 0.0000000000000000e+00
366 -3.7888241880088603e-03 4.0276464497086210e-02 0.0000000000000000e+00 0.0000000000000000e+00
367 -2.4388597095217229e-03 4.3726293929819811e-02 0.0000000000000000e+00 0.0000000000000000e+00
368 8.9642920622039698e-03 4.9451262205081829e-02 0.0000000000000000e+00 0.0000000000000000e+00
369 1.0988805711484804e-02 5.1560569086254095e-02 0.0000000000000000e+00 0.0000000000000000e+00
370 1.2302054879878696e-02 5.2680819274160934e-02 0.0000000000000000e+00 0.0000000000000000e+00
371 -5.5632584022394958e-03 4.1797643111225566e-02 0.0000000000000000e+00 0.0000000000000000e+00
372 -9.1575859703655043e-03 3.8996442467970439e-02 0.0000000000000000e+00 0.0000000000000000e+00
373 -2.2063840831629180e-03 4.4568531543621323e-02 0.0000000000000000e+00 0.0000000000000000e+00
374 -4.1027936599143961e-03 4.5192838689471007e-02 0.0000000000000000e+00 0.0000000000000000e+00
375 -3.3663947494410817e-03 4.5934883787663229e-02 0.0000000000000000e+00 0.0000000000000000e+00
376 -1.4869390519664552e-02 4.0235719630647981e-03 0.0000000000000000e+00 0.0000000000000000e+00
377 -4.0031368095542951e-03 2.7186476952092361e-02 0.0000000000000000e+00 0.0000000000000000e+00
378 -8.9201508415024840e-03 1.9856757918168891e-02 0.0000000000000000e+00 0.0000000000000000e+00
379 -6.9360863689685746e-03 4.1679057519047505e-02 0.0000000000000000e+00 0.0000000000000000e+00
380 -6.6620791742260195e-03 4.1791486669561645e-02 0.0000000000000000e+00 0.0000000000000000e+00
381 1.5163064575978387e-02 5.4947935406714367e-02 0.0000000000000000e+00 0.0000000000000000e+00
382 1.4951965141739961e-02 5.3910074990601638e-02 0.0000000000000000e+00 0.0000000000000000e+00
383 1.1750012125064616e-02 5.2542385635853533e-02 0.0000000000000000e+00 0.0000000000000000e+00
384 7.0611378845252037e-02 6.7928639620643314e-02 0.0000000000000000e+00 0.0000000000000000e+00
385 6.3643474281012441e-02 6.1904133479308322e-02 0.0000000000000000e+00 0.0000000000000000e+00
386 6.5441174612214562e-02 6.3445520044020889e-02 0.0000000000000000e+00 0.0000000000000000e+00
387 1.6881263406369898e-03 3.3902335318425979e-02 0.0000000000000000e+00 0.0000000000000000e+00
388 9.9043039175814940e-04 3.6868978493137319e-02 0.0000000000000000e+00 0.0000000000000000e+00
389 2.8192936368834098e-03 4.2805439522247232e-02 0.0000000000000000e+00 0.0000000000000000e+00
390 5.8304920583369096e-03 4.5929988193094309e-02 0.0000000000000000e+00 0.0000000000000000e+00
391 7.5697277443302659e-03 5.2020004170176042e-02 0.0000000000000000e+00 0.0000000000000000e+00
392 6.0169451575951835e-03 5.1113323486732060e-02 0.0000000000000000e+00 0.0000000000000000e+00
393 5.5944838985802020e-02 6.6425070530670843e-02 0.0000000000000000e+00 0.0000000000000000e+00
394 6.1571991154041966e-02 6.7600944432055027e-02 0.0000000000000000e+00 0.0000000000000000e+00
395 8.0312276464119425e-02 6.9755681971679237e-02 0.0000000000000000e+00 0.0000000000000000e+00
396 7.9405138708282558e-02 6.9737902286150094e-02 0.0000000000000000e+00 0.0000000000000000e+00
397 7.4109117333647140e-02 6.9324814309442151e-02 0.0000000000000000e+00 0.0000000000000000e+00
398 6.1862347009443404e-03 5.0879189478565318e-02 0.0000000000000000e+00 0.0000000000000000e+00
399 2.2022088351522444e-03 4.7979409604819688e-02 0.0000000000000000e+00 0.0000000000000000e+00
400 4.5348046559579656e-02 6.3774501850655488e-02 0.0000000000000000e+00 0.0000000000000000e+00
401 2.8454561765250811e-03 4.8099354758358352e-02 0.0000000000000000e+00 0.0000000000000000e+00
402 4.5800521480620828e-03 5.1517288612941962e-02 0.0000000000000000e+00 0.0000000000000000e+00
403 7.2258447966965483e-02 6.9598562479109158e-02 0.0000000000000000e+00 0.0000000000000000e+00
404 -6.9499818270787701e-03 4.3424798439063939e-02 0.0000000000000000e+00 0.0000000000000000e+00
405 -5.2310157479939310e-03 4.3006906818520485e-02 0.0000000000000000e+00 0.0000000000000000e+00
406 -5.3518823209907250e-03 4.3095516728888110e-02 0.0000000000000000e+00 0.0000000000000000e+00
407 7.8967982348226329e-02 6.6461002028850025e-02 0.0000000000000000e+00 0.0000000000000000e+00
408 7.3588518198172498e-02 6.7527789231356466e-02 0.0000000000000000e+00 0.0000000000000000e+00
409 7.4164264136157385e-02 6.6471072140169965e-02 0.0000000000000000e+00 0.0000000000000000e+00
410 -9.1138588910804480e-03 3.5385060682954314e-02 0.0000000000000000e+00 0.0000000000000000e+00
411 -9.8753545833197773e-03 3.5864887108708499e-02 0.0000000000000000e+00 0.0000000000000000e+00
412 7.2746782332497401e-02 6.8355518976410054e-02 0.0000000000000000e+00 0.0000000000000000e+00
413 8.1006468118509270e-02 6.9615386664145032e-02 0.0000000000000000e+00 0.0000000000000000e+00
414 8.4424530107887891e-03 4.8455060859846341e-02 0.0000000000000000e+00 0.0000000000000000e+00
415 5.7312623648336128e-02 6.6079486118549594e-02 0.0000000000000000e+00 0.0000000000000000e+00
416 6.3656760590619171e-02 6.6397952349767614e-02 0.0000000000000000e+00 0.0000000000000000e+00
417 5.0937774185542864e-02 6.4562698424764059e-02 0.0000000000000000e+00 0.0000000000000000e+00
418 4.5793121747544921e-02 6.3137304560329455e-02 0.0000000000000000e+00 0.0000000000000000e+00
419 -9.1368068968181474e-04 4.6051880963188942e-02 0.0000000000000000e+00 0.0000000000000000e+00
420 -5.1769252060260788e-03 3.3662416341846281e-02 0.0000000000000000e+00 0.0000000000000000e+00
421 7.0823339728935092e-02 5.7503203943811892e-02 0.0000000000000000e+00 0.0000000000000000e+00
422 7.0966732228857216e-02 5.4068242225507018e-02 0.0000000000000000e+00 0.0000000000000000e+00
423 9.0907130353526221e-03 5.1547695145170463e-02 0.0000000000000000e+00 0.0000000000000000e+00
424 1.5163879368241675e-02 5.5241958470964567e-02 0.0000000000000000e+00 0.0000000000000000e+00
425 1.6266959115584251e-02 5.5862485044277356e-02 0.0000000000000000e+00 0.0000000000000000e+00
426 5.2591745235902342e-02 6.5890589576061656e-02 0.0000000000000000e+00 0.0000000000000000e+00
427 3.6739183307035635e-02 6.2535024009972018e-02 0.0000000000000000e+00 0.0000000000000000e+00
428 3.9942370449423906e-02 6.3118434528209075e-02 0.0000000000000000e+00 0.0000000000000000e+00
429 4.0971662397169394e-02 6.1883244620550282e-02 0.0000000000000000e+00 0.0000000000000000e+00
430 3.7577809515135313e-02 5.9862790504993151e-02 0.0000000000000000e+00 0.0000000000000000e+00
431 3.8422333667790277e-02 6.0371955895669516e-02 0.0000000000000000e+00 0.0000000000000000e+00
432 4.0060645665342010e-02 5.6338151293010744e-02 0.0000000000000000e+00 0.0000000000000000e+00
433 9.8296062178805533e-03 4.6649721732335440e-02 0.0000000000000000e+00 0.0000000000000000e+00
434 1.2185993009762478e-02 4.7389745636493022e-02 0.0000000000000000e+00 0.0000000000000000e+00
435 1.3391999233205814e-02 5.4302402873648119e-02 0.0000000000000000e+00 0.0000000000000000e+00
436 6.7093893402970409e-02 6.8001638228919969e-02 0.0000000000000000e+00 0.0000000000000000e+00
437 6.0100710789958343e-02 6.6957113757102449e-02 0.0000000000000000e+00 0.0000000000000000e+00
438 5.7670704089434491e-02 5.7275088277545134e-02 0.0000000000000000e+00 0.0000000000000000e+00
439 -9.8688389518770993e-03 3.0759623422060837e-02 0.0000000000000000e+00 0.0000000000000000e+00
440 -8.2021547350376485e-03 3.4248757600217103e-02 0.0000000000000000e+00 0.0000000000000000e+00
441 -4.6405464601039260e-03 4.3398276740267944e-02 0.0000000000000000e+00 0.0000000000000000e+00
442 -7.4141408690591853e-03 3.7830999048429965e-02 0.0000000000000000e+00 0.0000000000000000e+00
443 3.2948949270356326e-02 5.8707488206713711e-02 0.0000000000000000e+00 0.0000000000000000e+00
444 3.0252986634681379e-02 6.0918836427543255e-02 0.0000000000000000e+00 0.0000000000000000e+00
445 3.0105282915684310e-02 6.0919934099432485e-02 0.0000000000000000e+00 0.0000000000000000e+00
446 -2.8193927286812976e-03 4.5456309685152102e-02 0.0000000000000000e+00 0.0000000000000000e+00
447 -5.7402855018565471e-03 3.5844472356907534e-02 0.0000000000000000e+00 0.0000000000000000e+00
448 1.5051771426898909e-02 5.3165974829438967e-02 0.0000000000000000e+00 0.0000000000000000e+00
449 1.7348177104457466e-02 5.4227048675761523e-02 0.0000000000000000e+00 0.0000000000000000e+00
450 3.1780044531850626e-02 6.0505729010434217e-02 0.0000000000000000e+00 0.0000000000000000e+00
451 2.6933341528462374e-02 5.9758335942371149e-02 0.0000000000000000e+00 0.0000000000000000e+00
452 2.7995501687245957e-02 5.9257111840245194e-02 0.0000000000000000e+00 0.0000000000000000e+00
453 1.3928636226923360e-02 5.4812325934473237e-02 0.0000000000000000e+00 0.0000000000000000e+00
454 1.2745418429503889e-02 5.4362238426908176e-02 0.0000000000000000e+00 0.0000000000000000e+00
455 1.4845103850784004e-02 5.4951979228349386e-02 0.0000000000000000e+00 0.0000000000000000e+00
456 1.6794847023191749e-02 5.5196403567363064e-02 0.0000000000000000e+00 0.0000000000000000e+00
457 1.8504752027305366e-02 5.6120756887480909e-02 0.0000000000000000e+00 0.0000000000000000e+00
458 6.9308563600360112e-02 5.6726982593270296e-02 0.0000000000000000e+00 0.0000000000000000e+00
459 -1.7287226241003780e-03 4.6386175571185261e-02 0.0000000000000000e+00 0.0000000000000000e+00
460 -4.5522269601845407e-03 3.1947551610707073e-02 0.0000000000000000e+00 0.0000000000000000e+00
461 -7.9097167662276844e-03 2.8493904329046998e-02 0.0000000000000000e+00 0.0000000000000000e+00
462 1.3975987761379803e-02 5.6051196956743057e-02 0.0000000000000000e+00 0.0000000000000000e+00
463 1.4704022917710224e-02 5.3885365455487298e-02 0.0000000000000000e+00 0.0000000000000000e+00
464 1.7037197934784080e-02 5.3861757403145034e-02 0.0000000000000000e+00 0.0000000000000000e+00
465 4.5200316123175967e-02 6.2181564427107108e-02 0.0000000000000000e+00 0.0000000000000000e+00
466 4.6326528345847134e-02 6.4496172143628377e-02 0.0000000000000000e+00 0.0000000000000000e+00
467 -1.1734788514078875e-03 4.5794756057752767e-02 0.0000000000000000e+00 0.0000000000000000e+00
468 -6.6228650640790324e-03 4.2461723967948596e-02 0.0000000000000000e+00 0.0000000000000000e+00
469 1.1889030738538446e-02 5.3690648677424992e-02 0.0000000000000000e+00 0.0000000000000000e+00
470 1.1606133656411496e-02 5.3205264586913908e-02 0.0000000000000000e+00 0.0000000000000000e+00
471 9.7576221428808049e-03 5.2222237852913467e-02 0.0000000000000000e+00 0.0000000000000000e+00
472 4.0723082076080226e-02 6.3349821552815322e-02 0.0000000000000000e+00 0.0000000000000000e+00
473 3.8196893395513333e-02 6.2284723330786065e-02 0.0000000000000000e+00 0.0000000000000000e+00
474 7.8180078884091592e-02 6.9448370773404960e-02 0.0000000000000000e+00 0.0000000000000000e+00
475 7.8370889623209150e-02 6.5320425331619109e-02 0.0000000000000000e+00 0.0000000000000000e+00
476 7.6266355836655170e-02 6.6896546561394515e-02 0.0000000000000000e+00 0.0000000000000000e+00
477 5.9903640762584059e-02 5.7114557472704344e-02 0.0000000000000000e+00 0.0000000000000000e+00
478 6.5003869873570472e-02 5.8423092713436778e-02 0.0000000000000000e+00 0.0000000000000000e+00
479 -3.7544966092466969e-03 4.4666376224781923e-02 0.0000000000000000e+00 0.0000000000000000e+00
480 -7.0306055932523670e-03 4.2238957915145162e-02 0.0000000000000000e+00 0.0000000000000000e+00
481 -5.8066554985266297e-03 4.2454875765913461e-02 0.0000000000000000e+00 0.0000000000000000e+00
482 6.7951247996482680e-02 6.8970957666431562e-02 0.0000000000000000e+00 0.0000000000000000e+00
483 -1.5181067529527977e-03 4.8735010031136804e-02 0.0000000000000000e+00 0.0000000000000000e+00
484 1.7632515910266863e-02 5.5901258343931517e-02 0.0000000000000000e+00 0.0000000000000000e+00
485 1.0967658815040682e-02 5.3244811879787850e-02 0.0000000000000000e+00 0.0000000000000000e+00
486 1.1661484350123180e-02 5.3306141816465827e-02 0.0000000000000000e+00 0.0000000000000000e+00
487 -1.1408216406649798e-03 4.7063909034606707e-02 0.0000000000000000e+00 0.0000000000000000e+00
488 7.7233032933019627e-02 6.9691378264362239e-02 0.0000000000000000e+00 0.0000000000000000e+00
489 7.5561276141108413e-02 6.5924187319412464e-02 0.0000000000000000e+00 0.0000000000000000e+00
490 3.0918905169267227e-03 4.9630880101345087e-02 0.0000000000000000e+00 0.0000000000000000e+00
491 1.9935875564964138e-03 4.8546996253586945e-02 0.0000000000000000e+00 0.0000000000000000e+00
492 -1.0906363234107512e-03 4.2035302554601500e-02 0.0000000000000000e+00 0.0000000000000000e+00
493 -6.7815922837039296e-03 4.1905979814858399e-02 0.0000000000000000e+00 0.0000000000000000e+00
494 -6.7816474198358423e-03 4.0107978827841645e-02 0.0000000000000000e+00 0.0000000000000000e+00
495 1.6782484189364011e-02 4.9968501084428185e-02 0.0000000000000000e+00 0.0000000000000000e+00
496 1.7338221924713786e-02 5.3058858299007708e-02 0.0000000000000000e+00 0.0000000000000000e+00
497 6.2493173645290084e-02 2.4382500815028581e-02 0.0000000000000000e+00 0.0000000000000000e+00
498 7.8838666019883999e-02 6.5729402672352347e-02 0.0000000000000000e+00 0.0000000000000000e+00
499 7.2644349638263661e-02 6.4162263775252026e-02 0.0000000000000000e+00 0.0000000000000000e+00
500 -3.2633265088612886e-03 4.5601444132427046e-02 0.0000000000000000e+00 0.0000000000000000e+00
501 -1.8391932215009272e-03 4.6559874816764171e-02 0.0000000000000000e+00 0.0000000000000000e+00
502 1.2965626472785296e-02 5.4871302248512686e-02 0.0000000000000000e+00 0.0000000000000000e+00
503 2.1955213002881363e-02 4.9173917733886574e-02 0.0000000000000000e+00 0.0000000000000000e+00
504 5.1684870050720672e-02 6.3454688891307648e-02 0.0000000000000000e+00 0.0000000000000000e+00
505 5.3153139913477775e-02 6.3678222139030780e-02 0.0000000000000000e+00 0.0000000000000000e+00
506 5.7338975798847502e-02 6.4925472620188995e-02 0.0000000000000000e+00 0.0000000000000000e+00
507 7.7209031864310815e-02 7.0118158658020194e-02 0.0000000000000000e+00 0.0000000000000000e+00
508 -5.8989684927428475e-03 4.4720875522663753e-02 0.0000000000000000e+00 0.0000000000000000e+00
509 3.9510263423473822e-02 6.3973925971236120e-02 0.0000000000000000e+00 0.0000000000000000e+00
510 4.3504851265406687e-02 6.1477689233033726e-02 0.0000000000000000e+00 0.0000000000000000e+00
511 4.5098026378954680e-02 6.2569347882062448e-02 0.0000000000000000e+00 0.0000000000000000e+00
512 -1.0142890629954052e-02 3.4628899612888425e-02 0.0000000000000000e+00 0.0000000000000000e+00
513 -8.7600668369062426e-03 3.5628160075756886e-02 0.0000000000000000e+00 0.0000000000000000e+00
514 -5.1744313094061831e-03 4.3273932401132191e-02 0.0000000000000000e+00 0.0000000000000000e+00
515 -6.4223624287307072e-03 4.3284087092525639e-02 0.0000000000000000e+00 0.0000000000000000e+00
516 7.2418785248947723e-02 6.8044721910870853e-02 0.0000000000000000e+00 0.0000000000000000e+00
517 6.4468938615198854e-02 6.4680912416805403e-02 0.0000000000000000e+00 0.0000000000000000e+00
518 1.3695825066177772e-02 3.9576557511017088e-02 0.0000000000000000e+00 0.0000000000000000e+00
519 1.6538294977337394e-02 5.2947385196836755e-02 0.0000000000000000e+00 0.0000000000000000e+00
520 3.7543487642307000e-02 6.1294458518267182e-02 0.0000000000000000e+00 0.0000000000000000e+00
521 1.9925798667731413e-02 5.4864209204531993e-02 0.0000000000000000e+00 0.0000000000000000e+00
522 4.1787819941790150e-02 6.3301880124684712e-02 0.0000000000000000e+00 0.0000000000000000e+00
523 7.3907459788164175e-03 5.0992673413568723e-02 0.0000000000000000e+00 0.0000000000000000e+00
524 3.0599226770261150e-02 6.1220461680367669e-02 0.0000000000000000e+00 0.0000000000000000e+00
525 2.6044565790404730e-02 5.8995872637412398e-02 0.0000000000000000e+00 0.0000000000000000e+00
526 2.6696296856966388e-02 5.9077428527690608e-02 0.0000000000000000e+00 0.0000000000000000e+00
527 -4.4326424389237919e-03 4.4151827719409134e-02 0.0000000000000000e+00 0.0000000000000000e+00
528 1.2465846105433184e-03 3.4123880706028176e-02 0.0000000000000000e+00 0.0000000000000000e+00
529 4.0965335365698512e-02 5.2424296018735134e-02 0.0000000000000000e+00 0.0000000000000000e+00
530 4.1163160270551578e-02 6.3312506837349083e-02 0.0000000000000000e+00 0.0000000000000000e+00
531 1.2450006157988204e-02 5.4025622875011649e-02 0.0000000000000000e+00 0.0000000000000000e+00
532 7.1636458837142612e-03 5.1514701571705963e-02 0.0000000000000000e+00 0.0000000000000000e+00
533 3.1505933746724724e-02 5.9817290516924325e-02 0.0000000000000000e+00 0.0000000000000000e+00
534 2.8422110839467492e-02 6.0608165768261640e-02 0.0000000000000000e+00 0.0000000000000000e+00
535 7.9696155801224581e-03 5.0192940681458159e-02 0.0000000000000000e+00 0.0000000000000000e+00
536 2.0436564515245392e-02 5.6858983905532824e-02 0.0000000000000000e+00 0.0000000000000000e+00
537 1.5982180696687019e-02 5.5328718396998502e-02 0.0000000000000000e+00 0.0000000000000000e+00
538 1.8695383181008940e-02 5.5509865959417419e-02 0.0000000000000000e+00 0.0000000000000000e+00
539 -4.3394542831635937e-03 4.5670271254137550e-02 0.0000000000000000e+00 0.0000000000000000e+00
540 -4.7297933658558894e-03 4.4825077453151126e-02 0.0000000000000000e+00 0.0000000000000000e+00
541 7.2748088606287217e-02 6.9232989472519171e-02 0.0000000000000000e+00 0.0000000000000000e+00
542 7.4722070162724988e-02 6.7546556450889597e-02 0.0000000000000000e+00 0.0000000000000000e+00
543 5.0021677260848114e-02 6.5575869073380116e-02 0.0000000000000000e+00 0.0000000000000000e+00
544 5.4029546154388049e-02 6.6379771390156744e-02 0.0000000000000000e+00 0.0000000000000000e+00
545 4.8391057411405564e-02 6.4729351281695588e-02 0.0000000000000000e+00 0.0000000000000000e+00
546 -4.5594321584597128e-03 4.3596721205915921e-02 0.0000000000000000e+00 0.0000000000000000e+00
547 -6.3268906772355029e-03 4.1792535688331987e-02 0.0000000000000000e+00 0.0000000000000000e+00
548 -5.8445228959787170e-03 4.1852929956754929e-02 0.0000000000000000e+00 0.0000000000000000e+00
549 5.1332790739823449e-02 6.4246268512673843e-02 0.0000000000000000e+00 0.0000000000000000e+00
550 5.2785151074873901e-02 6.3565084214068410e-02 0.0000000000000000e+00 0.0000000000000000e+00
551 6.6945121006108055e-02 6.7041467179792716e-02 0.0000000000000000e+00 0.0000000000000000e+00
552 6.8826803706169171e-02 6.7428064503566532e-02 0.0000000000000000e+00 0.0000000000000000e+00
553 7.0230874354044098e-02 6.8563615762414890e-02 0.0000000000000000e+00 0.0000000000000000e+00
554 5.9319835552870119e-02 6.7057752129419848e-02 0.0000000000000000e+00 0.0000000000000000e+00
555 9.3215607901329274e-03 5.2078324663937664e-02 0.0000000000000000e+00 0.0000000000000000e+00
556 4.6055718469710325e-03 4.4734570364883229e-02 0.0000000000000000e+00 0.0000000000000000e+00
557 2.2733639433513080e-02 5.1657731575226552e-02 0.0000000000000000e+00 0.0000000000000000e+00
558 2.6302956737068311e-02 5.9299146464520794e-02 0.0000000000000000e+00 0.0000000000000000e+00
559 2.8996858859127693e-02 5.9691239475472592e-02 0.0000000000000000e+00 0.0000000000000000e+00
560 -6.8103073479979220e-03 3.3949757241836243e-02 0.0000000000000000e+00 0.0000000000000000e+00
561 8.2474831818179755e-03 3.9028657869249070e-02 0.0000000000000000e+00 0.0000000000000000e+00
562 4.0842136843206513e-02 6.2884331571839022e-02 0.0000000000000000e+00 0.0000000000000000e+00
563 3.8656087191341858e-02 6.1857193432251462e-02 0.0000000000000000e+00 0.0000000000000000e+00
564 3.2195717869718789e-02 4.7745647564126519e-02 0.0000000000000000e+00 0.0000000000000000e+00
565 3.4780690436764808e-02 6.2239744083627258e-02 0.0000000000000000e+00 0.0000000000000000e+00
566 -5.9274713025238472e-03 4.3440666518413204e-02 0.0000000000000000e+00 0.0000000000000000e+00
567 -6.4396750234091173e-03 4.1582796046624411e-02 0.0000000000000000e+00 0.0000000000000000e+00
568 -2.3082703778577549e-03 4.3787796482418692e-02 0.0000000000000000e+00 0.0000000000000000e+00
569 -8.9398788936796997e-03 2.2640998963279951e-02 0.0000000000000000e+00 0.0000000000000000e+00
570 2.7591480003608330e-02 5.8113123489474477e-02 0.0000000000000000e+00 0.0000000000000000e+00
571 2.9129821765286085e-02 6.1329052952952337e-02 0.0000000000000000e+00 0.0000000000000000e+00
572 -1.0308215384803084e-03 4.7746965561909827e-02 0.0000000000000000e+00 0.0000000000000000e+00
573 1.1626550193484103e-03 4.8502260131828803e-02 0.0000000000000000e+00 0.0000000000000000e+00
574 4.4145006337374941e-02 6.4554783856633643e-02 0.0000000000000000e+00 0.0000000000000000e+00
575 4.1259436703083498e-02 6.0408054752225861e-02 0.0000000000000000e+00 0.0000000000000000e+00
576 5.0247000007736964e-02 6.1285105593065624e-02 0.0000000000000000e+00 0.0000000000000000e+00
577 -3.2866970377766098e-03 4.5540504749808808e-02 0.0000000000000000e+00 0.0000000000000000e+00
578 -4.8039042411309168e-03 4.4736136220623939e-02 0.0000000000000000e+00 0.0000000000000000e+00
579 9.5941718475930585e-03 5.2886292023539602e-02 0.0000000000000000e+00 0.0000000000000000e+00
580 4.7377810204777583e-03 4.8072389441418353e-02 0.0000000000000000e+00 0.0000000000000000e+00
581 2.6147591041269080e-03 5.0193251797983590e-02 0.0000000000000000e+00 0.0000000000000000e+00
582 1.7120619373898504e-03 4.7914215284797175e-02 0.0000000000000000e+00 0.0000000000000000e+00
583 -1.1788141348056404e-03 4.6342752200527068e-02 0.0000000000000000e+00 0.0000000000000000e+00
584 1.1865911536722536e-02 5.3437474717868284e-02 0.0000000000000000e+00 0.0000000000000000e+00
585 9.3537444648512328e-03 5.2569196356269249e-02 0.0000000000000000e+00 0.0000000000000000e+00
586 8.0987525781530192e-03 4.5428825732351782e-02 0.0000000000000000e+00 0.0000000000000000e+00
587 2.6963947892790318e-03 4.9077149649295063e-02 0.0000000000000000e+00 0.0000000000000000e+00
588 -2.8646267801172068e-04 4.7160331118667610e-02 0.0000000000000000e+00 0.0000000000000000e+00
589 7.0929658203021217e-02 6.9066591924321283e-02 0.0000000000000000e+00 0.0000000000000000e+00
590 2.3125027423918846e-03 4.9426115522342780e-02 0.0000000000000000e+00 0.0000000000000000e+00
591 3.4638455916356694e-03 4.8683027939372535e-02 0.0000000000000000e+00 0.0000000000000000e+00
592 4.5845539817278846e-03 4.7446403865971438e-02 0.0000000000000000e+00 0.0000000000000000e+00
593 1.8553357856471140e-02 5.7047186854520024e-02 0.0000000000000000e+00 0.0000000000000000e+00
594 7.1078822289245114e-02 6.8827498781794352e-02 0.0000000000000000e+00 0.0000000000000000e+00
595 7.4927919120508196e-02 6.7787761438235006e-02 0.0000000000000000e+00 0.0000000000000000e+00
596 1.6673435021047029e-02 5.6174676535633211e-02 0.0000000000000000e+00 0.0000000000000000e+00
597 1.9080211608522881e-02 5.5768317203109555e-02 0.0000000000000000e+00 0.0000000000000000e+00
598 -1.7182843744777436e-04 4.6480920068068615e-02 0.0000000000000000e+00 0.0000000000000000e+00
599 -2.2085356439199141e-03 4.5506417687535938e-02 0.0000000000000000e+00 0.0000000000000000e+00
600 3.2230734785653942e-02 6.1640731267949680e-02 0.0000000000000000e+00 0.0000000000000000e+00
601 2.2228329068496446e-02 5.8801036091953036e-02 0.0000000000000000e+00 0.0000000000000000e+00
602 -6.8024710914122884e-03 4.3507796496992768e-02 0.0000000000000000e+00 0.0000000000000000e+00
603 -4.7953371941881380e-03 3.5322610726817721e-02 0.0000000000000000e+00 0.0000000000000000e+00
604 4.5162231313273828e-02 6.4368582864511872e-02 0.0000000000000000e+00 0.0000000000000000e+00
605 4.8424488819353809e-02 6.5061119997396499e-02 0.0000000000000000e+00 0.0000000000000000e+00
606 4.4824415290081583e-02 6.4389582394290434e-02 0.0000000000000000e+00 0.0000000000000000e+00
607 4.5876953554631797e-02 6.4820915726231929e-02 0.0000000000000000e+00 0.0000000000000000e+00
608 -6.0687226394861094e-03 4.1993597663762400e-02 0.0000000000000000e+00 0.0000000000000000e+00
609 4.0709849333675649e-02 6.1825595690747956e-02 0.0000000000000000e+00 0.0000000000000000e+00
610 1.1493738607068895e-02 5.4266240671477707e-02 0.0000000000000000e+00 0.0000000000000000e+00
611 7.9965711564510891e-03 5.2597105079394385e-02 0.0000000000000000e+00 0.0000000000000000e+00
612 8.3906797803598252e-03 4.9266210699829178e-02 0.0000000000000000e+00 0.0000000000000000e+00
613 5.0918548420742331e-02 6.2940794234448885e-02 0.0000000000000000e+00 0.0000000000000000e+00
614 3.3861581977271446e-02 5.8317677564700271e-02 0.0000000000000000e+00 0.0000000000000000e+00
615 1.5411345086539664e-02 5.4715664298132315e-02 0.0000000000000000e+00 0.0000000000000000e+00
616 1.4009431230074525e-02 5.1154351374757170e-02 0.0000000000000000e+00 0.0000000000000000e+00
617 3.7524690055955330e-02 5.5431763340500290e-02 0.0000000000000000e+00 0.0000000000000000e+00
618 4.7437145890087185e-02 6.2283829156410606e-02 0.0000000000000000e+00 0.0000000000000000e+00
619 7.7963504622715419e-03 4.8856222291153537e-02 0.0000000000000000e+00 0.0000000000000000e+00
620 -7.5042323348014014e-03 3.8841829792090964e-02 0.0000000000000000e+00 0.0000000000000000e+00
621 8.4153727116533742e-03 4.3706593202827264e-02 0.0000000000000000e+00 0.0000000000000000e+00
622 1.1354762413395813e-02 5.2945482910367374e-02 0.0000000000000000e+00 0.0000000000000000e+00
623 2.2887162313207813e-02 5.7130186546308338e-02 0.0000000000000000e+00 0.0000000000000000e+00
624 1.8190750837191797e-02 3.4644863610407577e-02 0.0000000000000000e+00 0.0000000000000000e+00
625 -1.1597757287044524e-02 2.0083475692357970e-02 0.0000000000000000e+00 0.0000000000000000e+00
626 4.3191588420543221e-03 4.2022127206042155e-02 0.0000000000000000e+00 0.0000000000000000e+00
627 7.6886576714192672e-03 5.0589506233903347e-02 0.0000000000000000e+00 0.0000000000000000e+00
628 8.2475960891410637e-03 4.9505675010520091e-02 0.0000000000000000e+00 0.0000000000000000e+00
629 -5.8271448381095403e-03 4.1665061795370752e-02 0.0000000000000000e+00 0.0000000000000000e+00
630 2.9158172296062004e-02 6.0172265262929889e-02 0.0000000000000000e+00 0.0000000000000000e+00
631 2.8457762355969387e-02 6.0067611379363214e-02 0.0000000000000000e+00 0.0000000000000000e+00
632 2.9732476247320457e-02 5.5043130992362445e-02 0.0000000000000000e+00 0.0000000000000000e+00
633 3.0426786542595809e-02 5.2549283250484538e-02 0.0000000000000000e+00 0.0000000000000000e+00
634 5.5436153995718121e-02 6.6647711100814133e-02 0.0000000000000000e+00 0.0000000000000000e+00
635 5.9173947304435398e-02 6.7258218191713098e-02 0.0000000000000000e+00 0.0000000000000000e+00
636 6.2686813826500723e-02 6.7280111519080810e-02 0.0000000000000000e+00 0.0000000000000000e+00
637 6.2997427487950827e-02 5.6796510092036789e-02 0.0000000000000000e+00 0.0000000000000000e+00
638 4.5456046518147060e-02 5.5915005372268053e-02 0.0000000000000000e+00 0.0000000000000000e+00
639 6.0582144753781424e-02 6.7514101841611135e-02 0.0000000000000000e+00 0.0000000000000000e+00
640 6.2908657329387954e-02 6.6420506880222704e-02 0.0000000000000000e+00 0.0000000000000000e+00
641 1.9450450870693754e-02 5.6910756707439995e-02 0.0000000000000000e+00 0.0000000000000000e+00
642 1.9779447637204312e-02 5.2322001722633946e-02 0.0000000000000000e+00 0.0000000000000000e+00
643 2.4373818709023409e-03 4.8825605839802035e-02 0.0000000000000000e+00 0.0000000000000000e+00
644 4.7686802917958756e-03 5.0306790504542349e-02 0.0000000000000000e+00 0.0000000000000000e+00
645 7.5756553842157487e-02 6.1497556441650558e-02 0.0000000000000000e+00 0.0000000000000000e+00
646 -7.2214874371593586e-03 3.6561396235804643e-02 0.0000000000000000e+00 0.0000000000000000e+00
647 3.3405818738696046e-02 6.2611534430966356e-02 0.0000000000000000e+00 0.0000000000000000e+00
648 3.3063316979533297e-02 6.1219767643529890e-02 0.0000000000000000e+00 0.0000000000000000e+00
649 -6.9766630113395622e-03 4.1904728497711416e-02 0.0000000000000000e+00 0.0000000000000000e+00
650 5.7616944440822007e-02 6.6906308975577797e-02 0.0000000000000000e+00 0.0000000000000000e+00
651 2.8072364049736460e-02 5.9867988494403751e-02 0.0000000000000000e+00 0.0000000000000000e+00
652 2.5170519917873554e-02 5.7897327116488310e-02 0.0000000000000000e+00 0.0000000000000000e+00
653 5.5779115462949710e-02 6.6101419447731347e-02 0.0000000000000000e+00 0.0000000000000000e+00
654 5.0153660392897099e-02 6.5867337670664383e-02 0.0000000000000000e+00 0.0000000000000000e+00
655 1.7481810667703091e-02 5.6539854686153176e-02 0.0000000000000000e+00 0.0000000000000000e+00
656 1.7979040103638485e-02 5.6452938477040727e-02 0.0000000000000000e+00 0.0000000000000000e+00
657 4.6965781595667645e-02 6.1085312136601122e-02 0.0000000000000000e+00 0.0000000000000000e+00
658 -8.1255748909913189e-03 4.0840222988658255e-02 0.0000000000000000e+00 0.0000000000000000e+00
659 3.6933429927861555e-02 5.6060630883476695e-02 0.0000000000000000e+00 0.0000000000000000e+00
660 3.6932290425994080e-02 6.1354119928209230e-02 0.0000000000000000e+00 0.0000000000000000e+00
661 4.0604258831031893e-02 6.1357272299885114e-02 0.0000000000000000e+00 0.0000000000000000e+00
662 -2.8292433363265741e-04 4.7594854228196648e-02 0.0000000000000000e+00 0.0000000000000000e+00
663 -7.4858920831593675e-03 4.2035932910769930e-02 0.0000000000000000e+00 0.0000000000000000e+00
664 1.0795406994369990e-02 4.9215451539581262e-02 0.0000000000000000e+00 0.0000000000000000e+00
665 4.0706147729273473e-02 5.6334999124979690e-02 0.0000000000000000e+00 0.0000000000000000e+00
666 -5.4187990266521945e-03 4.4455777629910841e-02 0.0000000000000000e+00 0.0000000000000000e+00
667 3.2475339654455364e-02 6.0795513751223405e-02 0.0000000000000000e+00 0.0000000000000000e+00
668 1.3405637182732954e-02 5.3819069588915448e-02 0.0000000000000000e+00 0.0000000000000000e+00
669 -1.9242018103593416e-03 4.5584129012252554e-02 0.0000000000000000e+00 0.0000000000000000e+00
670 -5.4797076491645998e-04 4.2251638064864927e-02 0.0000000000000000e+00 0.0000000000000000e+00
671 3.8598691566627950e-02 6.3689652423828430e-02 0.0000000000000000e+00 0.0000000000000000e+00
672 3.6480134738699897e-02 6.2686534076530839e-02 0.0000000000000000e+00 0.0000000000000000e+00
673 5.1429348151266823e-03 4.6480313495333797e-02 0.0000000000000000e+00 0.0000000000000000e+00
674 6.9694779830378542e-03 5.1440766763283720e-02 0.0000000000000000e+00 0.0000000000000000e+00
675 3.8164268762087361e-03 4.8844734791291027e-02 0.0000000000000000e+00 0.0000000000000000e+00
676 1.6961347730180137e-03 4.7902725094085732e-02 0.0000000000000000e+00 0.0000000000000000e+00
677 -6.9344065258230671e-03 4.1079652893266497e-02 0.0000000000000000e+00 0.0000000000000000e+00
678 -4.5469312305529627e-03 4.3611070434165330e-02 0.0000000000000000e+00 0.0000000000000000e+00
679 -1.0275635977956388e-02 2.9390339616330998e-02 0.0000000000000000e+00 0.0000000000000000e+00
680 2.4259056719813241e-02 5.8258222816703516e-02 0.0000000000000000e+00 0.0000000000000000e+00
681 2.4612523035421704e-02 5.8622711351701523e-02 0.0000000000000000e+00 0.0000000000000000e+00
682 2.1817601439130835e-02 5.7583837892950893e-02 0.0000000000000000e+00 0.0000000000000000e+00
683 2.0912678140547675e-02 5.0510261472808515e-02 0.0000000000000000e+00 0.0000000000000000e+00
684 5.8622900498588731e-02 6.7349255581088799e-02 0.0000000000000000e+00 0.0000000000000000e+00
685 3.4052711960279564e-02 5.6104213570897420e-02 0.0000000000000000e+00 0.0000000000000000e+00
686 -9.2741996104338479e-03 3.2449177190928664e-02 0.0000000000000000e+00 0.0000000000000000e+00
687 1.1204934309929492e-02 4.4154224249505283e-02 0.0000000000000000e+00 0.0000000000000000e+00
688 5.8083074344811567e-02 6.5434811805485424e-02 0.0000000000000000e+00 0.0000000000000000e+00
689 -8.7554093012984432e-03 3.7782447573780693e-02 0.0000000000000000e+00 0.0000000000000000e+00
690 -8.9280204475026912e-03 3.9295060958536396e-02 0.0000000000000000e+00 0.0000000000000000e+00
691 3.1430670639891398e-02 5.9772660232993373e-02 0.0000000000000000e+00 0.0000000000000000e+00
692 2.2560835328748832e-02 5.6946827049123960e-02 0.0000000000000000e+00 0.0000000000000000e+00
693 4.8719098407085340e-02 6.3196813025605092e-02 0.0000000000000000e+00 0.0000000000000000e+00
694 5.3844775512814302e-02 6.3366136152077271e-02 0.0000000000000000e+00 0.0000000000000000e+00
695 5.3716476682726798e-02 6.5812971742976345e-02 0.0000000000000000e+00 0.0000000000000000e+00
696 2.3155278226476487e-04 4.7540639087585199e-02 0.0000000000000000e+00 0.0000000000000000e+00
697 5.5089066939449677e-02 6.5694751953056726e-02 0.0000000000000000e+00 0.0000000000000000e+00
698 -5.5244226194494598e-03 3.8946214058493807e-02 0.0000000000000000e+00 0.0000000000000000e+00
699 2.2234429888175977e-02 5.3300206630503555e-02 0.0000000000000000e+00 0.0000000000000000e+00
700 2.5492367157400300e-02 5.8632441687069194e-02 0.0000000000000000e+00 0.0000000000000000e+00
701 7.4715556542303510e-02 6.9126397081031604e-02 0.0000000000000000e+00 0.0000000000000000e+00
702 7.6031657703394248e-02 6.5785849116521911e-02 0.0000000000000000e+00 0.0000000000000000e+00
703 2.7713203312580488e-02 5.9804141671277102e-02 0.0000000000000000e+00 0.0000000000000000e+00
704 6.3428932021567519e-02 6.6256607181617105e-02 0.0000000000000000e+00 0.0000000000000000e+00
705 6.1994140808458102e-02 6.5086038373727270e-02 0.0000000000000000e+00 0.0000000000000000e+00
706 2.0404749152311441e-02 5.7381180159801558e-02 0.0000000000000000e+00 0.0000000000000000e+00
707 1.4909788585543723e-02 5.0009848632431055e-02 0.0000000000000000e+00 0.0000000000000000e+00
708 1.5677301549522845e-02 4.7936205893009107e-02 0.0000000000000000e+00 0.0000000000000000e+00
709 3.2901458178000144e-02 6.1165052225499700e-02 0.0000000000000000e+00 0.0000000000000000e+00
710 1.4114763449391958e-02 5.4412175880354727e-02 0.0000000000000000e+00 0.0000000000000000e+00
711 7.3737259381511683e-02 6.8915012213461496e-02 0.0000000000000000e+00 0.0000000000000000e+00
712 7.4519079969700072e-02 6.1748952892695302e-02 0.0000000000000000e+00 0.0000000000000000e+00
713 6.7514497455121003e-02 6.8775098587345193e-02 0.0000000000000000e+00 0.0000000000000000e+00
714 -7.3006317002701710e-03 3.7699578144303060e-02 0.0000000000000000e+00 0.0000000000000000e+00
715 -6.8554420779114470e-03 3.9961965175521190e-02 0.0000000000000000e+00 0.0000000000000000e+00
716 7.2470051663763163e-02 5.2184113587274823e-02 0.0000000000000000e+00 0.0000000000000000e+00
717 2.6972869044965882e-02 5.2412757210860389e-02 0.0000000000000000e+00 0.0000000000000000e+00
718 5.6519955717870926e-02 6.5942502552417320e-02 0.0000000000000000e+00 0.0000000000000000e+00
719 2.4498032567359364e-02 5.8377305204189718e-02 0.0000000000000000e+00 0.0000000000000000e+00
720 7.1646898421140401e-02 6.7581639995505163e-02 0.0000000000000000e+00 0.0000000000000000e+00
721 7.1094192485234839e-02 6.7344272709022365e-02 0.0000000000000000e+00 0.0000000000000000e+00
722 2.0643342752548598e-03 4.4201852881063743e-02 0.0000000000000000e+00 0.0000000000000000e+00
723 2.8648974066992596e-02 6.0323648723847954e-02 0.0000000000000000e+00 0.0000000000000000e+00
724 7.3073692083665300e-03 5.0502865810653323e-02 0.0000000000000000e+00 0.0000000000000000e+00
725 -2.8425867568122360e-03 4.4373626342607067e-02 0.0000000000000000e+00 0.0000000000000000e+00
726 -6.5602544051513358e-03 4.1696233217744912e-02 0.0000000000000000e+00 0.0000000000000000e+00
727 5.2453403126151751e-02 6.5195316487453081e-02 0.0000000000000000e+00 0.0000000000000000e+00
728 4.4469218628187403e-02 6.2403129024034637e-02 0.0000000000000000e+00 0.0000000000000000e+00
729 4.4128884028751834e-02 6.3700084353533068e-02 0.0000000000000000e+00 0.0000000000000000e+00
730 -6.1318102838045247e-03 4.3641918880267930e-02 0.0000000000000000e+00 0.0000000000000000e+00
731 3.2552242272251321e-02 5.4353192173434768e-02 0.0000000000000000e+00 0.0000000000000000e+00
732 1.9133801720038774e-02 2.8361228276000558e-02 0.0000000000000000e+00 0.0000000000000000e+00
733 1.4657664439883856e-02 5.4202399679635235e-02 0.0000000000000000e+00 0.0000000000000000e+00
734 3.3014950712233100e-02 6.0676757350837385e-02 0.0000000000000000e+00 0.0000000000000000e+00
735 1.7975359394803866e-02 4.4706567103860680e-02 0.0000000000000000e+00 0.0000000000000000e+00
736 2.2595583280434459e-02 4.7072078790838814e-02 0.0000000000000000e+00 0.0000000000000000e+00
737 1.2448739881419809e-02 2.6181562402092275e-02 0.0000000000000000e+00 0.0000000000000000e+00
738 1.8892706486130572e-02 3.4734016906092000e-02 0.0000000000000000e+00 0.0000000000000000e+00
739 -5.6732891447814036e-03 4.3160480231824706e-02 0.0000000000000000e+00 0.0000000000000000e+00
740 3.7370281144879162e-02 6.3074637041790629e-02 0.0000000000000000e+00 0.0000000000000000e+00
741 3.5449335723071088e-02 6.2456070313229334e-02 0.0000000000000000e+00 0.0000000000000000e+00
742 1.0773388478543403e-02 4.7175909251327364e-02 0.0000000000000000e+00 0.0000000000000000e+00
743 -2.1688649938562446e-03 3.1489101072477960e-02 0.0000000000000000e+00 0.0000000000000000e+00
744 7.3924626364364532e-02 6.8524107453791658e-02 0.0000000000000000e+00 0.0000000000000000e+00
745 -5.9726131491761574e-03 4.3128434784896690e-02 0.0000000000000000e+00 0.0000000000000000e+00
746 3.8365544406325738e-02 6.2924886266780861e-02 0.0000000000000000e+00 0.0000000000000000e+00
747 5.5790428930655375e-02 6.6555848748327401e-02 0.0000000000000000e+00 0.0000000000000000e+00
748 5.9370160372717827e-02 6.6879515695386429e-02 0.0000000000000000e+00 0.0000000000000000e+00
749 3.8697038547909547e-02 6.1656714920962946e-02 0.0000000000000000e+00 0.0000000000000000e+00
750 4.2754908945859232e-02 6.2576778193921934e-02 0.0000000000000000e+00 0.0000000000000000e+00
751 5.9020589337048443e-03 4.7130770960190700e-02 0.0000000000000000e+00 0.0000000000000000e+00
752 -7.2366959446815583e-03 3.6892617385066322e-02 0.0000000000000000e+00 0.0000000000000000e+00
753 -1.4277228893922109e-02 2.3150497483800388e-02 0.0000000000000000e+00 0.0000000000000000e+00
754 2.3354798802074244e-03 4.9063701432489275e-02 0.0000000000000000e+00 0.0000000000000000e+00
755 2.0721363334764268e-02 5.7814080699677209e-02 0.0000000000000000e+00 0.0000000000000000e+00
756 6.0763207822969886e-02 6.7124990668775211e-02 0.0000000000000000e+00 0.0000000000000000e+00
757 -1.8715990899876560e-02 1.5925570731007976e-03 0.0000000000000000e+00 0.0000000000000000e+00
758 5.2933947099677615e-02 6.5360881751069716e-02 0.0000000000000000e+00 0.0000000000000000e+00
759 -1.5790157927823744e-02 1.3762591758125983e-03 0.0000000000000000e+00 0.0000000000000000e+00
760 -2.0365820623638443e-02 2.4698532181509358e-04 0.0000000000000000e+00 0.0000000000000000e+00
761 -1.5408105766505161e-02 1.7244498526921479e-02 0.0000000000000000e+00 0.0000000000000000e+00
762 1.3390037151930208e-03 4.8715389737553245e-02 0.0000000000000000e+00 0.0000000000000000e+00
763 -3.2004962257405289e-03 4.5642203905272752e-02 0.0000000000000000e+00 0.0000000000000000e+00
764 -7.0378895074896539e-03 4.1431961770126355e-02 0.0000000000000000e+00 0.0000000000000000e+00
765 2.8005002244636357e-02 5.8701000391734426e-02 0.0000000000000000e+00 0.0000000000000000e+00
766 4.6428181610129573e-03 4.9156089944185424e-02 0.0000000000000000e+00 0.0000000000000000e+00
767 1.4693263996350082e-04 4.4806791001147594e-02 0.0000000000000000e+00 0.0000000000000000e+00
768 4.9735017790857164e-02 6.4433100142931063e-02 0.0000000000000000e+00 0.0000000000000000e+00
769 6.3576694852013255e-02 6.6146292071910487e-02 0.0000000000000000e+00 0.0000000000000000e+00
770 6.0845147286403278e-02 6.6835257489810590e-02 0.0000000000000000e+00 0.0000000000000000e+00
771 -6.2310614049376012e-03 4.1371201370808741e-02 0.0000000000000000e+00 0.0000000000000000e+00
772 4.0582806468114033e-02 2.1640734335098590e-02 0.0000000000000000e+00 0.0000000000000000e+00
773 4.4249777779600055e-02 1.9622356878172119e-02 0.0000000000000000e+00 0.0000000000000000e+00
774 4.0326447374598041e-02 5.1137637703980221e-02 0.0000000000000000e+00 0.0000000000000000e+00
775 1.3564798373266343e-02 5.4272576856933499e-02 0.0000000000000000e+00 0.0000000000000000e+00
776 3.6738760099034255e-02 5.1449166073760315e-02 0.0000000000000000e+00 0.0000000000000000e+00
777 7.5834715358848268e-02 6.9346888699933329e-02 0.0000000000000000e+00 0.0000000000000000e+00
778 7.2520870075340332e-02 6.8851402159803995e-02 0.0000000000000000e+00 0.0000000000000000e+00
779 6.7168264062178920e-02 6.3212326462507615e-02 0.0000000000000000e+00 0.0000000000000000e+00
780 6.2177074495705767e-02 6.1133039219986897e-02 0.0000000000000000e+00 0.0000000000000000e+00
781 5.8157396377560941e-02 5.9569832103500378e-02 0.0000000000000000e+00 0.0000000000000000e+00
782 3.5199223055207084e-02 6.2369102447204811e-02 0.0000000000000000e+00 0.0000000000000000e+00
783 1.1656575504380954e-02 5.4418959861658706e-02 0.0000000000000000e+00 0.0000000000000000e+00
784 1.9282075434069641e-02 5.6853312607802228e-02 0.0000000000000000e+00 0.0000000000000000e+00
785 -8.0346277297219486e-03 4.1116405624647849e-02 0.0000000000000000e+00 0.0000000000000000e+00
786 6.1931886032088643e-02 6.6560640668178878e-02 0.0000000000000000e+00 0.0000000000000000e+00
787 6.3710263777272957e-02 6.1796177639979313e-02 0.0000000000000000e+00 0.0000000000000000e+00
788 7.3331757007749129e-03 5.2187354605584192e-02 0.0000000000000000e+00 0.0000000000000000e+00
789 7.1359883391186110e-02 6.7802717525060577e-02 0.0000000000000000e+00 0.0000000000000000e+00
790 7.2153666524946772e-02 6.7696588156590992e-02 0.0000000000000000e+00 0.0000000000000000e+00
791 -2.2992247959838889e-03 2.3235967899310941e-02 0.0000000000000000e+00 0.0000000000000000e+00
792 7.7062623194261770e-02 6.9591321246573565e-02 0.0000000000000000e+00 0.0000000000000000e+00
793 5.0261770697308743e-02 6.5656288863392698e-02 0.0000000000000000e+00 0.0000000000000000e+00
794 3.6061108327989609e-02 6.2509844713101698e-02 0.0000000000000000e+00 0.0000000000000000e+00
795 -4.5980395726359074e-03 4.4436805215948685e-02 0.0000000000000000e+00 0.0000000000000000e+00
796 -6.4609619652087587e-03 4.2586130212090234e-02 0.0000000000000000e+00 0.0000000000000000e+00
797 7.7487947487670378e-03 5.2292510836157977e-02 0.0000000000000000e+00 0.0000000000000000e+00
798 6.5757393685210275e-02 6.7505503844547246e-02 0.0000000000000000e+00 0.0000000000000000e+00
799 6.1848944606635363e-02 6.4873308094458959e-02 0.0000000000000000e+00 0.0000000000000000e+00
800 -4.8824240121534057e-03 4.1959690284912615e-02 0.0000000000000000e+00 0.0000000000000000e+00
801 1.0213829107370335e-03 4.8004620147601013e-02 0.0000000000000000e+00 0.0000000000000000e+00
802 9.9077573733214151e-03 4.6507209152888342e-02 0.0000000000000000e+00 0.0000000000000000e+00
803 -8.6866105941236105e-03 4.3617199354357358e-02 0.0000000000000000e+00 0.0000000000000000e+00
804 -8.2163761085144518e-03 4.0610003029781010e-02 0.0000000000000000e+00 0.0000000000000000e+00
805 7.8964268730516346e-02 6.8533050287283889e-02 0.0000000000000000e+00 0.0000000000000000e+00
806 6.4015806844329448e-03 4.9872944408551063e-02 0.0000000000000000e+00 0.0000000000000000e+00
807 4.2046135935728965e-02 6.4293499477386842e-02 0.0000000000000000e+00 0.0000000000000000e+00
808 1.4666644471389167e-03 4.6072933100742931e-02 0.0000000000000000e+00 0.0000000000000000e+00
809 1.0337869441289267e-02 5.3378248398365552e-02 0.0000000000000000e+00 0.0000000000000000e+00
810 2.4078065495118844e-02 5.8901882566848321e-02 0.0000000000000000e+00 0.0000000000000000e+00
811 5.7176939516746281e-02 6.5538771056528680e-02 0.0000000000000000e+00 0.0000000000000000e+00
812 4.5332200314002723e-02 6.3353892740378587e-02 0.0000000000000000e+00 0.0000000000000000e+00
813 4.0827401440040406e-02 6.2734563192157089e-02 0.0000000000000000e+00 0.0000000000000000e+00
814 4.3227251444096386e-02 6.2053332494545539e-02 0.0000000000000000e+00 0.0000000000000000e+00
815 -7.0442391744914568e-03 4.1881808015156480e-02 0.0000000000000000e+00 0.0000000000000000e+00
816 -3.2986017525151839e-04 4.4305385947431747e-02 0.0000000000000000e+00 0.0000000000000000e+00
817 -1.3796068574252792e-03 4.6356266962163703e-02 0.0000000000000000e+00 0.0000000000000000e+00
818 1.9326985090518809e-02 5.6311661936347915e-02 0.0000000000000000e+00 0.0000000000000000e+00
819 5.3353484092010768e-03 5.0575178287474959e-02 0.0000000000000000e+00 0.0000000000000000e+00
820 2.2841190691323267e-02 5.4023398692111396e-02 0.0000000000000000e+00 0.0000000000000000e+00
821 3.5755266784259339e-02 5.8531673936978564e-02 0.0000000000000000e+00 0.0000000000000000e+00
822 7.2749758054327263e-02 6.1795550297342572e-02 0.0000000000000000e+00 0.0000000000000000e+00
823 5.2859580202711748e-03 5.0381194605729568e-02 0.0000000000000000e+00 0.0000000000000000e+00
824 1.8198772882745348e-02 5.4201522861186610e-02 0.0000000000000000e+00 0.0000000000000000e+00
825 4.5930224640137775e-03 4.9141067723593036e-02 0.0000000000000000e+00 0.0000000000000000e+00
826 1.1366054449986415e-02 5.2366413928906438e-02 0.0000000000000000e+00 0.0000000000000000e+00
827 6.8589450286290279e-02 6.7547178150483320e-02 0.0000000000000000e+00 0.0000000000000000e+00
828 -5.1789332223798603e-03 4.4374046540930051e-02 0.0000000000000000e+00 0.0000000000000000e+00
829 3.2993038355807612e-03 4.9498395549168739e-02 0.0000000000000000e+00 0.0000000000000000e+00
830 4.2624635240829994e-03 5.0126008844511280e-02 0.0000000000000000e+00 0.0000000000000000e+00
831 7.4645575640204548e-02 6.8235675450732169e-02 0.0000000000000000e+00 0.0000000000000000e+00
832 7.2554271491307817e-02 6.7956019230874257e-02 0.0000000000000000e+00 0.0000000000000000e+00
833 6.5369527714401285e-02 6.7792028777948307e-02 0.0000000000000000e+00 0.0000000000000000e+00
834 5.3363406971058489e-03 4.4824735425554825e-02 0.0000000000000000e+00 0.0000000000000000e+00
835 1.6866125979273696e-02 5.5506283728898265e-02 0.0000000000000000e+00 0.0000000000000000e+00
836 1.5059824778560733e-02 5.4322285232829524e-02 0.0000000000000000e+00 0.0000000000000000e+00
837 2.5756353267553697e-02 5.9677675453398325e-02 0.0000000000000000e+00 0.0000000000000000e+00
838 5.8190531502643264e-03 5.0495434310541265e-02 0.0000000000000000e+00 0.0000000000000000e+00
839 -1.3580334777936286e-02 2.2596757721365303e-02 0.0000000000000000e+00 0.0000000000000000e+00
840 6.7497887277815621e-03 4.7304347093720556e-02 0.0000000000000000e+00 0.0000000000000000e+00
841 4.6655459992243640e-03 4.9381918529257954e-02 0.0000000000000000e+00 0.0000000000000000e+00
842 4.5028133188860592e-02 6.3173716257481471e-02 0.0000000000000000e+00 0.0000000000000000e+00
843 -5.7260306159767115e-03 4.4020593222116045e-02 0.0000000000000000e+00 0.0000000000000000e+00
844 1.2998193025451571e-02 5.3163734544115090e-02 0.0000000000000000e+00 0.0000000000000000e+00
845 1.7507619735730895e-02 5.5880939274375686e-02 0.0000000000000000e+00 0.0000000000000000e+00
846 5.8189906685310721e-03 5.0714273093040420e-02 0.0000000000000000e+00 0.0000000000000000e+00
847 6.2582456941651524e-03 5.0117567140775560e-02 0.0000000000000000e+00 0.0000000000000000e+00
848 4.8881409014523217e-02 5.9392609778308250e-02 0.0000000000000000e+00 0.0000000000000000e+00
849 -5.9940576668419641e-03 4.1816335326637401e-02 0.0000000000000000e+00 0.0000000000000000e+00
850 -7.5590012832188547e-03 4.0874362853394207e-02 0.0000000000000000e+00 0.0000000000000000e+00
851 -7.1498846760408843e-03 4.2066809420349467e-02 0.0000000000000000e+00 0.0000000000000000e+00
852 1.9309046909301478e-02 5.6253471900300937e-02 0.0000000000000000e+00 0.0000000000000000e+00
853 -7.2842862138708196e-03 4.1839587335910117e-02 0.0000000000000000e+00 0.0000000000000000e+00
854 3.4819760563745681e-04 4.7113336876160698e-02 0.0000000000000000e+00 0.0000000000000000e+00
855 4.7606179378306343e-02 6.4630554461359055e-02 0.0000000000000000e+00 0.0000000000000000e+00
856 3.0636504571481284e-02 5.8339580610320602e-02 0.0000000000000000e+00 0.0000000000000000e+00
857 6.1894544531149689e-02 6.5379629474946147e-02 0.0000000000000000e+00 0.0000000000000000e+00
858 5.9704370439069065e-02 6.6083490514779700e-02 0.0000000000000000e+00 0.0000000000000000e+00
859 7.2864569651191022e-02 6.7815902490641608e-02 0.0000000000000000e+00 0.0000000000000000e+00
860 6.5442620946098221e-02 6.6683625742838440e-02 0.0000000000000000e+00 0.0000000000000000e+00
861 3.4842925224750278e-02 6.2835828634351096e-02 0.0000000000000000e+00 0.0000000000000000e+00
862 -9.8988620562249635e-03 3.7758464094042675e-02 0.0000000000000000e+00 0.0000000000000000e+00
863 -5.2609372681519436e-03 4.3313488284477210e-02 0.0000000000000000e+00 0.0000000000000000e+00
864 2.1487328769526165e-02 5.6923598289983175e-02 0.0000000000000000e+00 0.0000000000000000e+00
865 3.7755177662455279e-02 6.2897993513362088e-02 0.0000000000000000e+00 0.0000000000000000e+00
866 7.7471390368140006e-02 6.8888456817693899e-02 0.0000000000000000e+00 0.0000000000000000e+00
867 -7.1562483601761537e-04 4.5914946392602074e-02 0.0000000000000000e+00 0.0000000000000000e+00
868 3.4397097964403940e-02 5.8548111215996249e-02 0.0000000000000000e+00 0.0000000000000000e+00
869 -1.6510732733105269e-03 4.5265839998291431e-02 0.0000000000000000e+00 0.0000000000000000e+00
870 2.2543371055007481e-02 5.4281749770015229e-02 0.0000000000000000e+00 0.0000000000000000e+00
871 6.6506804893724680e-02 5.8927840817188659e-02 0.0000000000000000e+00 0.0000000000000000e+00
872 -3.2621734791221484e-03 7.6403038013996977e-03 0.0000000000000000e+00 0.0000000000000000e+00
873 6.7187677630557108e-02 6.8283323809145341e-02 0.0000000000000000e+00 0.0000000000000000e+00
94 4.1204271061941009e-02 6.3282139047336664e-02 0.0000000000000000e+00 0.0000000000000000e+00
875 8.5997805320037132e-03 5.1265771389715852e-02 0.0000000000000000e+00 0.0000000000000000e+00
876 7.7508988807843127e-02 6.8789611233207787e-02 0.0000000000000000e+00 0.0000000000000000e+00
874 7.4289282211250779e-02 6.4546623239691292e-02 0.0000000000000000e+00 0.0000000000000000e+00
878 2.9657684848840900e-02 5.3322812957515800e-02 0.0000000000000000e+00 0.0000000000000000e+00
879 5.5023132553447616e-02 2.3719702044560247e-02 0.0000000000000000e+00 0.0000000000000000e+00
880 -5.9633866457195501e-03 4.3119594105027477e-02 0.0000000000000000e+00 0.0000000000000000e+00
881 5.8028429660813702e-02 6.5257613588880256e-02 0.0000000000000000e+00 0.0000000000000000e+00
882 1.1700438953220777e-02 1.2789132175261834e-02 2.8601972208028253e-01 7.2002607485246972e-01
877 -1.3850954789017184e-03 4.5747458355536799e-02 0.0000000000000000e+00 0.0000000000000000e+00
884 -3.5912461075090357e-05 -8.4870824208705120e-03 2.8601972208028253e-01 7.2002607485246972e-01
885 1.3263195240946867e-02 2.6491654981243520e-02 2.8601972208028253e-01 7.2002607485246972e-01
883 1.3454135320292979e-02 1.5831239088943343e-02 2.8601972208028253e-01 7.2002607485246972e-01
887 -2.3629423601123287e-04 2.8580900895461975e-04 2.8601972208028253e-01 7.2002607485246972e-01
888 -6.7111075535033343e-03 -1.5420464763253552e-02 2.8601972208028253e-01 7.2002607485246972e-01
889 -1.3527182174478472e-03 -8.7018740533522723e-03 2.8601972208028253e-01 7.2002607485246972e-01
890 -1.6476308354954408e-03 -8.9958811211123119e-03 2.8601972208028253e-01 7.2002607485246972e-01
891 1.2670210981096313e-02 1.5488386360644778e-02 2.8601972208028253e-01 7.2002607485246972e-01
892 4.7416383568531645e-03 1.9903988294425398e-03 2.8601972208028253e-01 7.2002607485246972e-01
893 -9.1778816016487262e-03 -1.1499222993452740e-02 2.8601972208028253e-01 7.2002607485246972e-01
894 1.0398479891319118e-03 1.1746979244124968e-02 2.8601972208028253e-01 7.2002607485246972e-01
895 -9.7687546768927894e-03 -1.1983431654209821e-02 2.8601972208028253e-01 7.2002607485246972e-01
896 1.4543801254789716e-02 1.6066189481392164e-02 2.8601972208028253e-01 7.2002607485246972e-01
897 4.5708606383875854e-03 1.0391724072402589e-02 2.8601972208028253e-01 7.2002607485246972e-01
898 4.5100530136284733e-03 -7.1263805361286986e-03 2.8601972208028253e-01 7.2002607485246972e-01
899 1.7983585482485402e-03 -7.7355926767340155e-03 2.8601972208028253e-01 7.2002607485246972e-01
900 -1.4106667913114258e-03 1.0381160518063648e-02 2.8601972208028253e-01 7.2002607485246972e-01
901 -8.4741698504965865e-03 -1.1221687720693305e-02 2.8601972208028253e-01 7.2002607485246972e-01
902 6.4658446429494698e-03 1.3456267203140852e-02 2.8601972208028253e-01 7.2002607485246972e-01
903 1.8779986995700292e-03 9.4763738505152864e-03 2.8601972208028253e-01 7.2002607485246972e-01
904 7.8633434421632627e-03 2.4530653781678555e-02 2.8601972208028253e-01 7.2002607485246972e-01
905 -6.7066732757979728e-03 -2.2240971935034368e-03 2.8601972208028253e-01 7.2002607485246972e-01
906 3.7775220408628150e-03 2.2999560711426240e-02 2.8601972208028253e-01 7.2002607485246972e-01
886 9.2272641802206221e-03 1.4391258222566192e-02 2.8601972208028253e-01 7.2002607485246972e-01
908 2.2740440987082181e-04 1.1310836684054325e-02 2.8601972208028253e-01 7.2002607485246972e-01
909 2.7117752635579320e-03 9.9428992417504858e-03 2.8601972208028253e-01 7.2002607485246972e-01
910 2.5783841049686635e-03 2.2450734849203416e-02 2.8601972208028253e-01 7.2002607485246972e-01
907 -7.0177080114838981e-03 -2.2846185377972672e-03 2.8601972208028253e-01 7.2002607485246972e-01
