941 4 BEM3DMeshData
0 4.0062968801623466e-01 -8.4282491343263799e-01 1.0411322012587347e+00 3.3939221286511656e-01
2 6.5220082307799176e-01 -6.7081583363456720e-01 8.4257063414822719e-01 5.8098272194848122e-01
3 -7.7768192824471560e-02 9.5681148456894660e-01 -3.8335049503411345e-01 4.1830363645041970e+00
4 -1.3219701675145745e-02 9.0348922659554298e-01 -2.7901019537159016e-01 4.1881175661722132e+00
5 -1.4554097297925506e-01 1.0037543367624653e+00 -7.0613810269415112e-01 4.2299227204908281e+00
6 7.9985396767822334e-02 -9.4604332464614249e-01 1.4525801965141134e+00 4.8187556139798984e-02
7 5.1286629195040301e-01 -6.0434889432817729e-01 1.9226932297566244e+00 1.2244828727070600e+00
8 4.6334899091027548e-01 -6.8059346204768190e-01 1.9016275534715492e+00 1.0017290069920448e+00
9 1.1491876818382185e-01 7.8368338070417143e-01 -1.3424262447969879e-01 4.1026118952859649e+00
10 -7.7836471912929195e-02 9.5676915661403705e-01 -3.8335049499700452e-01 4.1830363640992729e+00
1 8.2677110582794255e-01 -4.6925507950911421e-01 5.1953756931086048e-01 6.1613194798879245e-01
12 -1.0158965632202928e+00 5.6215082947378869e-01 1.6385198662214126e-01 4.2032379493271305e-01
13 -9.7322222081614029e-01 6.4679748605690679e-01 2.0632566883187908e-01 4.2043370859238216e-01
14 5.2493911756517864e-01 -5.8377457314762793e-01 1.9548851649022931e+00 1.2920503954528335e+00
15 4.9615468340613461e-01 -6.3823105241840095e-01 1.8540686564453559e+00 1.1031524004491000e+00
16 6.0426811647868472e-01 -1.2585742047737219e-01 1.6842778969510637e+00 2.4544870156176906e+00
17 7.2590345827631395e-02 -9.4969200775747764e-01 1.3991582502884357e+00 3.6834050946699025e-02
18 -4.7624680389579482e-01 -8.8979555047373626e-01 8.0497406381137393e-01 -4.3859730671939740e-01
19 8.8389527106129892e-03 -9.6629057009839370e-01 1.3076603212197102e+00 -5.1672051223713808e-02
20 4.9839214578258673e-01 1.0639999832531246e+00 9.6188971408483537e-01 -4.3887375350119900e-01
21 8.2329444932130080e-01 7.7223202950567493e-01 5.1554531566878603e-01 -6.1139743953617098e-01
22 8.2190116049703699e-01 7.7305101258574682e-01 4.8134765924930478e-01 -5.7084162623024393e-01
23 4.9947963792916134e-01 1.0627777959876716e+00 9.6188971337645701e-01 -4.3887375420066838e-01
24 2.1011858854189192e-01 1.1785291488832881e+00 1.0711179241981941e+00 -1.3795849548097761e-01
25 -6.6845425507708903e-02 1.2062373089255460e+00 1.0904041951352490e+00 1.4329178992037220e-01
26 3.9992203871506382e-01 -8.4186136456069172e-01 1.0411322018573439e+00 3.3939221306025341e-01
27 -6.7999940039985662e-02 -9.5830234979451590e-01 1.0904179394734477e+00 -1.4324599593300055e-01
28 5.0125929500458066e-01 -7.8315950232216813e-01 9.6187938474834278e-01 4.3888569839558317e-01
29 2.3964263305490419e-01 6.5439668348723867e-01 3.5923980407861822e-01 3.9657394573847755e+00
30 5.0853856350696647e-01 2.3811650245316329e-01 1.1936280770835181e+00 3.2214211598540534e+00
31 4.5284893646875413e-01 3.5027593095777138e-01 9.7559778751143167e-01 3.3907364190115623e+00
32 5.3513101910780370e-01 -5.6881935262404248e-01 1.9211565229942424e+00 1.3203926231406746e+00
33 5.3515547480557091e-01 -5.7043935114862332e-01 1.9488046648750439e+00 1.3427322452256401e+00
34 1.9936848002996588e-01 -9.0615436348802725e-01 1.5908951652833963e+00 2.4593557788124418e-01
35 -1.1073920717267145e+00 -5.4744300132272730e-02 5.1426012192831154e-02 -4.2188798282348960e-01
36 -1.1132871145003478e+00 1.7385371429348162e-01 -2.9590141561480352e-02 -4.2493073280897803e-01
37 -9.2276801294793676e-01 -5.2705276963803249e-01 2.9376655464711154e-01 -4.6619627725367369e-01
38 -9.2641740772089287e-01 -4.8876935239270469e-01 1.0620807411585835e-01 -1.6980982424057989e-01
39 -1.0912976105930605e+00 -5.6942863323500861e-02 -7.3981536392191266e-02 4.0492498570302354e-01
40 -9.2625129588809663e-01 -4.8931231646083406e-01 4.5763621510255065e-02 -7.3168754729434432e-02
41 -8.6320194888502189e-01 8.0924879648410619e-01 3.6621868684916592e-01 5.0590928791173195e-01
42 -5.7668057323525668e-01 1.0567623936238979e+00 6.9448990509383546e-01 4.8557177092505621e-01
43 -9.7366179852548806e-01 6.4684216377744175e-01 2.0632566883187908e-01 4.2043370859238216e-01
44 -1.0640686929200251e+00 4.3625299982699012e-01 1.0667778164525139e-01 4.1477533661506799e-01
45 -8.9468610927985170e-01 7.7613962656260216e-01 3.0867626042419932e-01 4.6355311131087240e-01
46 -1.0965740433817863e+00 2.9295119524147772e-01 5.1423172487654531e-02 4.2188726776495622e-01
47 -1.1129846657140146e+00 1.5597815541171761e-01 -2.1687061396844627e-02 -4.2228135368755665e-01
48 -1.0678464792481321e+00 -2.2432505065517855e-01 1.0739522760037411e-01 -3.8287382955774091e-01
49 -1.0975640510626097e+00 2.8829797253333023e-01 -6.6442624204706952e-02 -4.1409697823801217e-01
50 6.0476259168821422e-01 -1.2670867822709087e-01 1.7242768575137015e+00 2.4487779622177803e+00
51 -1.0789291024301699e+00 3.7305755501908677e-01 8.7170642641408044e-02 4.4466628649831663e-01
52 -1.0695432800662470e+00 -1.5769641375723784e-01 -1.0319994567651457e-01 3.7773146027420734e-01
53 1.4649462139242284e+00 5.7069688873642577e-01 1.6605237942278277e+00 -2.4198703648098121e+00
54 1.5717793541778680e+00 3.3139143379615410e-01 1.4234180519457766e+00 -2.9364366833797018e+00
55 1.6395847794503142e+00 2.0216875632932479e-02 8.2073278358477053e-01 -3.4505594586802122e+00
56 4.5728385336610694e-01 1.0893122115313014e+00 9.9193969362824874e-01 -3.8965886788091197e-01
57 6.4455129837952529e-01 9.6431827551407845e-01 8.6309367245861768e-01 -5.8604885469360402e-01
58 8.2617516243915534e-01 7.7061999655668179e-01 5.1548397746474395e-01 -6.1132469710256265e-01
59 -7.2308284958395774e-01 9.5731595761486799e-01 4.8256301158942994e-01 4.6304165649278195e-01
60 -7.1463689583339041e-01 9.6204217675716008e-01 4.9137468981178545e-01 4.6268029288129819e-01
61 -1.0281807071315274e+00 5.3732583478975560e-01 1.5976841107982101e-01 4.4503330792216883e-01
62 9.9039104199520100e-01 3.8603330698451033e-01 6.0928467219569953e-02 -2.4349969506826974e-01
63 9.5009400988939041e-01 5.2738586896049400e-01 1.2240020379456529e-01 -2.8814039507369399e-01
64 1.0083247082415943e+00 1.7098199177919327e-02 2.0664541310468056e-02 1.3833082258511339e-01
65 9.9913182493160035e-01 3.7489125376629923e-01 5.8275212485192497e-02 -2.4365943251174058e-01
66 1.0055583076526795e+00 3.3785265479328219e-01 4.9052422769762342e-02 -2.4932704240107428e-01
67 8.2597048633511427e-01 7.7059262592219768e-01 5.1821344977589312e-01 -6.1456164317035245e-01
68 -9.2394960081576083e-01 -4.9226153875529682e-01 7.1080619805622094e-02 -1.1364660979481900e-01
69 -1.0928255731206065e+00 -3.5713534677905043e-02 -6.6442623311068816e-02 4.1409697732768103e-01
70 -9.2042032199915735e-01 -4.9752780066386398e-01 1.4902260293883240e-01 -2.3826344864621157e-01
71 1.6035685957589902e+00 -6.8075342469129163e-01 -7.0697693590093258e-01 -4.2349475161030883e+00
72 1.6484433805511556e+00 -4.9538312465103046e-01 -1.3634452918750187e-01 -4.1476347946046417e+00
73 1.6450352226685991e+00 -4.2115565462241678e-01 -1.3371161281193347e-01 -4.0863830064553834e+00
74 2.2715397294418777e-01 -9.1301036481018216e-01 1.1082830787603599e+00 1.5133686353950171e-01
75 4.0069573834559835e-01 -8.4365665116577226e-01 1.0411322012587345e+00 3.3939221286511656e-01
76 6.5247470035270139e-01 -6.7159611643804074e-01 8.4257063414822742e-01 5.8098272194848133e-01
77 -1.1140284863388388e+00 1.0081755997922756e-01 -2.8706236489827786e-03 -4.0710195332088867e-01
78 -1.0668864164409728e+00 -2.2476727845525690e-01 1.0739522760037411e-01 -3.8287382955774091e-01
79 -9.8082706195548608e-01 -4.2919378494344651e-01 2.4066186209365792e-01 -4.8313922904868056e-01
80 -8.7463229407436616e-01 -5.8385318823668431e-01 3.6621874410393829e-01 -5.0590937262952806e-01
81 -9.8651598065630508e-01 -4.1977486122297569e-01 2.0632580281659896e-01 -4.2043398676074600e-01
82 -9.2619720029877350e-01 -4.8779119986055108e-01 1.0010329690662269e-01 -1.6004925609585141e-01
83 -4.2408606736227467e-01 -9.1184568183540082e-01 8.5021740125824685e-01 -4.0911461252934161e-01
84 -4.8118626687089494e-01 -8.8841889948342445e-01 8.1870857739425396e-01 -4.5603797799522966e-01
85 -4.5117401974510291e-01 -9.0392979757645098e-01 8.5974585935866488e-01 -4.5192009680191947e-01
86 -7.5241437294733371e-02 -9.7262224717234957e-01 1.1984805752195491e+00 -1.4265169739847178e-01
87 9.0612700934246351e-02 -9.4627321001862719e-01 1.4311562058207081e+00 6.1372339303374358e-02
88 -9.0631299210976446e-01 -5.5016027146854884e-01 3.0868291882029197e-01 -4.6355280688861589e-01
89 -1.1077359865789618e+00 -5.5002349239892223e-02 5.1426012213212795e-02 -4.2188798299069619e-01
90 -9.2328752619382815e-01 -5.2722904641493307e-01 2.9376655467409452e-01 -4.6619627729649454e-01
91 -4.0461817677557221e-01 1.2171240272565549e+00 7.9875145065946240e-01 4.7468067107033318e-01
92 -8.9956591501832395e-01 7.7469515802157474e-01 8.7004152038300503e-02 1.3910580611515400e-01
93 -8.9834259927460636e-01 7.7582990464612733e-01 9.2334724419848177e-02 1.4762854383304980e-01
94 1.0007355326667087e+00 3.5009882454523777e-01 4.4259177503976489e-02 -2.1263025171338595e-01
95 1.0112520394039843e+00 3.3258304787906645e-02 2.2563586641658001e-02 1.6656506336723584e-01
96 1.0074510591368848e+00 3.1880627205749429e-01 2.4772275625426433e-02 -1.4416891637853052e-01
97 5.1298359892601286e-01 -6.0454419315162689e-01 1.9226932261480352e+00 1.2244828704089006e+00
98 7.9968898520946574e-02 -9.4632227240380407e-01 1.4525801961856308e+00 4.8187556128901986e-02
99 4.5720432768922248e-01 1.0888233637806175e+00 9.9193969384636493e-01 -3.8965886796659349e-01
100 6.4399949957370528e-01 9.6387860676136983e-01 8.6309367186949248e-01 -5.8604885429358233e-01
101 8.2610227634830513e-01 7.7052042403435195e-01 5.1900602665260809e-01 -6.1550157892057933e-01
102 -4.4819002071948355e-01 1.1233051879847404e+00 8.0642465620369119e-01 4.2032414045273986e-01
103 -5.2920531542853633e-01 1.0852495824120350e+00 6.9461901939051940e-01 4.3424803856235594e-01
104 1.6045286528297849e+00 -6.8137602292902499e-01 -7.0592290144185810e-01 -4.2286336176041850e+00
105 1.5572582259355414e+00 -7.6951663100509093e-01 -1.2145654635330667e+00 -4.2290425229186734e+00
106 1.6308607515467091e+00 -6.2029713075637760e-01 -3.8696087667854656e-01 -4.1810449512214314e+00
107 -6.1052247639463963e-01 -8.1636715030110718e-01 7.2444549231963473e-01 -5.4482813098606209e-01
108 -9.2006431252095955e-01 -4.9722784306115575e-01 1.6814431270573471e-01 -2.6883602235802728e-01
109 -1.0686053810759606e+00 -1.5940332529222856e-01 -1.0782526950735398e-01 3.8909380714301917e-01
110 -1.0959822679615860e+00 2.9276155891648498e-01 5.1423172300599534e-02 4.2188726777589480e-01
111 -1.1056834006864833e+00 7.3206917280220524e-02 -2.9590865303864500e-02 4.2492990246800261e-01
112 9.9389915691810216e-01 3.9206926698850936e-01 7.2413172248967650e-02 -2.7922015139790896e-01
113 8.2557760213888276e-01 7.7047757625720714e-01 5.0665956642390009e-01 -6.0085961837560786e-01
114 8.2403050172740233e-01 7.7176181382218434e-01 4.8396611205691237e-01 -5.7394691163088962e-01
115 -1.3279066460062050e-02 9.0343034494817176e-01 -2.7901019533196952e-01 4.1881175655774836e+00
116 -1.4555843751287612e-01 1.0037052444262682e+00 -7.0613810268269772e-01 4.2299227204222198e+00
117 1.0119054791174635e+00 4.0311440655001057e-02 1.6749017698728112e-02 1.3001241136701849e-01
118 1.0018561143365359e+00 3.5950132532966861e-01 6.5085023262601280e-02 -2.9522869439788652e-01
119 1.0116010444809149e+00 1.6362763957452703e-02 4.9563114310012486e-02 3.0748686673566089e-01
120 -5.7262974313131210e-01 -8.4213259079855585e-01 7.0185317457238905e-01 -4.8055042303761819e-01
121 -6.9002563309622078e-01 -7.5721287267489967e-01 5.9798311793465075e-01 -5.2804810079193298e-01
122 5.8067506080579279e-01 1.0106351379195964e+00 9.2041042064262923e-01 -5.3115150395455824e-01
123 6.1641283754497433e-01 9.8330138530437150e-01 9.0494096400506707e-01 -5.7805028427109484e-01
124 8.1880676328730462e-01 7.7429779186274306e-01 4.4222156100530852e-01 -5.2444105666171248e-01
125 -5.1112514533833497e-01 1.0928390913447854e+00 7.1612747537505705e-01 4.3217751910816565e-01
126 -1.1350097356005312e-03 1.2063521181829728e+00 1.1035432489729193e+00 8.1472812417995935e-02
127 -2.7927050379177754e-01 1.1766179213844867e+00 9.6550469304150199e-01 3.2759905776351056e-01
128 5.8278651765150469e-01 1.0101228169468863e+00 9.2041042064262923e-01 -5.3115150395455824e-01
129 6.1848897288049554e-01 9.8271626038354642e-01 9.0494096400506707e-01 -5.7805028427109484e-01
130 8.2325322520035582e-01 7.7172728992119355e-01 4.9143669795283906e-01 -5.8280645695074085e-01
131 4.2187394566593761e-04 -9.5459974422278626e-01 1.1035432125099491e+00 -8.1472421602539299e-02
132 -5.1603757968082609e-01 -8.6216499868957019e-01 7.1612804543175390e-01 -4.3217738212501022e-01
133 -2.8099659290785878e-01 -9.3811940894279966e-01 9.6550476682052511e-01 -3.2759892314981087e-01
134 9.7052149448453129e-01 -1.6883976887696603e-01 1.1564355986079285e-01 3.1506938021448289e-01
135 8.2872640733067504e-01 -4.6723547087864958e-01 5.0229347587428708e-01 5.9568176785173377e-01
136 1.0062098153910601e+00 -2.4089788747688190e-02 5.6375985878368985e-02 2.8310654675891128e-01
137 9.6916805273803064e-01 -1.7369406426273748e-01 1.1692330040360537e-01 3.1462457154662293e-01
138 1.0113519674001090e+00 2.8231962829384050e-01 2.3032863739446310e-02 -1.6996676437891947e-01
139 9.2408272450467177e-01 -2.8644629195938476e-01 1.9785778186854353e-01 3.7684489628820039e-01
140 9.7354860838893265e-01 -1.5317835244876682e-01 1.6690650022421183e-01 4.6780768201832895e-01
141 8.2575547056925214e-01 -4.6621641015922388e-01 5.3100368231103623e-01 6.2972988383783757e-01
142 1.6490618190116149e+00 -4.9553836978745402e-01 -1.3634452918750184e-01 -4.1476347946046408e+00
143 1.6613524725548072e+00 -1.5123636181151415e-01 5.6929158447620631e-01 -3.7440488901069680e+00
144 1.6461818421951722e+00 -4.2173229581498767e-01 -1.3456621851442643e-01 -4.1125007545435697e+00
145 8.2901071942746274e-01 -4.6804632201534241e-01 5.0227981971108926e-01 5.9566557268331832e-01
146 8.2638272634588528e-01 -4.7058801205520007e-01 5.1811363267003308e-01 6.1444326769279511e-01
147 -1.0545811308629891e+00 4.5640320754772246e-01 1.0739522434384093e-01 3.8287381276514032e-01
148 -1.1052037527064640e+00 1.4216719502523392e-01 -2.8706226203994759e-03 4.0710190906725435e-01
149 8.2596499992359707e-01 7.7140064594235636e-01 5.0768703897134060e-01 -6.0207812248301873e-01
150 5.5151723921488494e-01 1.0331830071341213e+00 9.5632320456789577e-01 -5.0172269689492888e-01
151 8.2438573482843303e-01 7.7270164501131511e-01 4.8471591852711948e-01 -5.7483612493978686e-01
152 -5.8246888667446617e-01 -8.2874203805092361e-01 6.9449653503518760e-01 -4.8557641325580858e-01
153 -8.7359133512998777e-01 -5.8398451498263759e-01 3.6621874410393823e-01 -5.0590937262952795e-01
154 -9.8550737513855902e-01 -4.1977994588983164e-01 2.0632580277991902e-01 -4.2043398668600263e-01
155 8.1985881735684496e-01 7.7265232521891147e-01 4.8499895001824050e-01 -5.7517177871011538e-01
156 -5.3523002259945685e-01 -8.5570733363145257e-01 6.9464231037152835e-01 -4.3424088303366254e-01
157 -9.0529805149907439e-01 -5.4997097453947075e-01 3.0868291884478255e-01 -4.6355280648327912e-01
158 -9.2255089710994764e-01 -5.2730755321441203e-01 2.9376655464711154e-01 -4.6619627725367369e-01
159 -1.0761270924244151e+00 -2.0292375099452387e-01 1.0667984270287864e-01 -4.1477529023192966e-01
160 -9.0578968054257436e-01 -5.4997393835381581e-01 3.0868291884478249e-01 -4.6355280648327907e-01
161 -7.1564183244216995e-01 -7.4201041912102794e-01 5.2165539599000132e-01 -4.8246509000128956e-01
162 -1.0676180706251768e+00 4.1815596937015020e-01 -1.0319994977033181e-01 -3.7773147395088136e-01
163 -1.0941663382790801e+00 3.1123412998160438e-01 -7.3981440914502886e-02 -4.0492516247897775e-01
164 -8.9946316706735829e-01 7.7648488747965116e-01 9.0214674345683601e-02 1.4423892083619178e-01
165 1.4594683890849227e+00 5.7987903916626560e-01 1.7147762071003452e+00 -2.4345086608666935e+00
166 1.2836620491644337e+00 8.3724469236579302e-01 1.8923990808365962e+00 -1.8086115810038312e+00
167 1.1044006231179497e+00 1.0191008068114389e+00 1.9093712922811492e+00 -1.3011300315609506e+00
168 9.1286799309301825e-01 1.1563924457057839e+00 1.8697733479345862e+00 -8.8170121884683883e-01
169 9.8991525041240447e-01 1.1063271664775089e+00 1.9394922346239321e+00 -1.0628903749341450e+00
170 5.3315199718353357e-01 1.3169505226212210e+00 1.5325927051168091e+00 -2.4755762268227441e-01
171 -4.4601209043727924e-01 1.1940180592790413e+00 7.6245658442604358e-01 4.9097930794420341e-01
172 -8.9900780423261772e-01 7.7515149313334719e-01 9.2334724198983364e-02 1.4762854347992208e-01
173 -8.9533287365279868e-01 7.8113972689746869e-01 1.4179462401905407e-01 2.2670705954679840e-01
174 -9.2586323638134160e-01 -4.8743476031158162e-01 1.0010329690662270e-01 -1.6004925609585144e-01
175 -4.8109798740281479e-01 -8.8805396178285811e-01 8.1870857739425396e-01 -4.5603797799522966e-01
176 -9.2234680296057425e-01 -4.9336155915894075e-01 1.4070406727324589e-01 -2.2496343270042463e-01
177 6.5172542946810119e-01 -6.6882441816599980e-01 8.4257063430059698e-01 5.8098272205354562e-01
178 -1.0678400712208347e+00 4.1810075559393667e-01 -1.0319994955625220e-01 -3.7773147316730921e-01
179 -1.1145593689132065e+00 1.0199510499487403e-01 -2.8706236489827786e-03 -4.0710195332088867e-01
180 -1.0914801542072650e+00 -1.3797021388117311e-01 8.7170890000109844e-02 -4.4466659273701370e-01
181 2.1229065569318198e-01 -9.1600520384983242e-01 1.0711163941537307e+00 1.3796476016816939e-01
182 5.0213251843904394e-01 -7.8396633166111029e-01 9.6187938679502183e-01 4.3888569881810169e-01
183 -6.7177815655521653e-02 -9.5856353543646677e-01 1.0904179382393588e+00 -1.4324599528281698e-01
184 1.3920985149547329e+00 6.9427420040321874e-01 1.8072786136545720e+00 -2.1421775351922965e+00
185 7.9174731214919680e-01 1.2237278819021906e+00 1.8765692975276733e+00 -6.7181788680728405e-01
186 1.2156364531433193e+00 9.1585718448953191e-01 1.9310318548330998e+00 -1.5925965507402993e+00
187 -7.2367548614067012e-01 9.5747156288586388e-01 4.8256301158942994e-01 4.6304165649278195e-01
188 -1.0286772855266286e+00 5.3726280069471122e-01 1.5976841107982104e-01 4.4503330792216889e-01
189 -9.1134007779292348e-01 7.5346916650162599e-01 2.9375878730248800e-01 4.6619343793165441e-01
190 -8.9675321205375713e-01 7.7968432949906252e-01 9.0447944999788421e-02 1.4461188352385726e-01
191 -1.0392216935214313e+00 5.0353041651536790e-01 -1.3106439496279729e-01 -3.7663099189460919e-01
192 7.9834819054165534e-02 -9.4618768146505272e-01 1.4525801965141136e+00 4.8187556139798991e-02
193 4.6326910851519443e-01 -6.8075297748976560e-01 1.9016275534715494e+00 1.0017290069920450e+00
194 -4.9192799829798695e-01 1.1679950999433872e+00 7.2693053088019510e-01 5.0766574846604362e-01
195 -2.8468791129481447e-01 1.2717776826862393e+00 8.7864893268741495e-01 4.1448497959573771e-01
196 -8.9713559852033942e-01 7.7952562336696241e-01 1.1718460987814525e-01 1.8735955973932447e-01
197 1.5934824466439470e+00 2.6020587016800256e-01 1.3249720839779553e+00 -3.1203347372371901e+00
198 5.0267995053075887e-01 -7.8334024949979009e-01 9.6187938474834278e-01 4.3888569839558317e-01
199 6.2348475936539915e-01 -6.9368514414230265e-01 9.0493568003757729e-01 5.7805252606433655e-01
200 8.2530046113662014e-01 -4.7058391207719935e-01 4.5024265814643238e-01 5.3395346634774032e-01
201 -9.2404177121499320e-01 -4.9205537208724498e-01 7.1080620444897255e-02 -1.1364661081691832e-01
202 -1.0928562912374793e+00 -3.5443519310574920e-02 -6.6442623311068816e-02 4.1409697732768103e-01
203 -9.2052956411692577e-01 -4.9729402844149306e-01 1.4902260335422449e-01 -2.3826344931035748e-01
204 -1.0691739183856053e+00 -1.5773420356983531e-01 -1.0319994567651460e-01 3.7773146027420745e-01
205 -9.2379254103739261e-01 -4.9216988870494160e-01 7.1080619805622081e-02 -1.1364660979481896e-01
206 -9.2589371209409321e-01 -4.8921671401385786e-01 4.5763621510255072e-02 -7.3168754729434446e-02
207 8.2319055622760917e-01 7.7291397581611543e-01 5.1554531540137083e-01 -6.1139743921903700e-01
208 3.9698040495356496e-01 1.1172771133703745e+00 1.0411397950403423e+00 -3.3937330883771677e-01
209 6.4828665021230103e-01 9.6116574972705049e-01 8.4257987015568558e-01 -5.8098180497998075e-01
210 -6.9010294520769555e-01 -7.5706215923644959e-01 5.9798311782766456e-01 -5.2804810069745889e-01
211 -2.5033760745940548e-01 -9.6374231492158624e-01 1.0520548687708153e+00 -3.0879163315609287e-01
212 -2.9971303576868935e-01 -9.5170008218742275e-01 9.5126421173559117e-01 -3.2481444490559425e-01
213 2.4994736897495728e-01 1.1695773789515247e+00 1.1159449747469572e+00 -1.8004305268999793e-01
214 -4.4515552161646502e-02 1.2065422205490324e+00 1.1461407420560072e+00 1.3439073314847266e-01
215 1.3923481057577889e+00 6.9481596739514428e-01 1.8072786117392328e+00 -2.1421775329220338e+00
216 7.9235000305450931e-01 1.2242517115993177e+00 1.8765692992419929e+00 -6.7181788742101600e-01
217 1.2165119592569438e+00 9.1587509794166588e-01 1.9310318549419645e+00 -1.5925965508300843e+00
218 9.7957107933572640e-01 4.5162635223877989e-01 1.1633581237619249e-01 -3.5072953673075902e-01
219 9.1912499702363426e-01 6.0112517701052559e-01 1.8763578531533406e-01 -3.5514306897833559e-01
220 8.2122314047465350e-01 7.7307064038675699e-01 4.7384285850906022e-01 -5.6194150471354964e-01
221 -1.3224396090932511e-02 9.0339476268311547e-01 -2.7901019537159016e-01 4.1881175661722132e+00
222 1.1495858980259621e-01 7.8359527329210876e-01 -1.3424262447969879e-01 4.1026118952859649e+00
223 -1.4551271951128142e-01 1.0037096098281790e+00 -7.0613810269415112e-01 4.2299227204908281e+00
224 2.1135069319779176e-01 -9.1717316911322733e-01 1.0711163941537307e+00 1.3796476016816939e-01
225 5.0138522141004838e-01 -7.8522372730920287e-01 9.6187938679502183e-01 4.3888569881810169e-01
226 -6.7372019224184218e-02 -9.5939164469814864e-01 1.0904179382393588e+00 -1.4324599528281698e-01
227 1.5920934668986039e-01 1.3620198443394052e+00 1.2552648211382844e+00 1.3762050667760761e-01
228 -5.6519343315351978e-01 1.1192582432021383e+00 6.5719847672290654e-01 5.2344800552981086e-01
229 5.5354363392298422e-01 -7.4968841630728145e-01 9.5632312375367778e-01 5.0172287718581177e-01
230 8.2714475036050961e-01 -4.6728463524624647e-01 4.9522793150731947e-01 5.8730257090511939e-01
231 8.2464693918004717e-01 -4.7112431677160566e-01 4.5866651141716008e-01 5.4394351409760711e-01
232 2.2667691505568732e-01 -9.1242829382983481e-01 1.1082830778841799e+00 1.5133686391659595e-01
233 -1.7891829415563160e-01 -9.5322701320959180e-01 1.0426105695062375e+00 -2.4772206328006724e-01
234 4.0107579328318482e-01 -8.4229416896645770e-01 1.0411322018573439e+00 3.3939221306025347e-01
235 3.0565371373397954e-01 1.3599186698578676e+00 1.3037584857876892e+00 3.0258713644613173e-03
236 1.0290612142036020e+00 1.0797562992703993e+00 1.8496768816917664e+00 -1.1005393602134561e+00
237 3.6917055156336276e-01 1.3519682103633350e+00 1.3738563351196553e+00 -5.8915152292481648e-02
238 1.4659968110449915e+00 5.6925754314542032e-01 1.6710400995732484e+00 -2.4351957071753567e+00
239 1.0293383441818109e+00 1.0795092160161779e+00 1.8512812837351329e+00 -1.1014939634827130e+00
240 -1.0765004979267152e+00 -2.0321473567596726e-01 1.0667984268467443e-01 -4.1477529016115100e-01
241 -1.0958086597761854e+00 3.0069130821075385e-01 -7.5087830834797004e-02 -4.3301240227250598e-01
242 -1.0624789384378492e+00 4.3733011834384916e-01 -1.1659515106155700e-01 -3.9761534020691480e-01
243 7.2629237254829934e-02 -9.4939399866592045e-01 1.3991582524956379e+00 3.6834057165366488e-02
244 8.9035284201539056e-03 -9.6599722391847909e-01 1.3076603225512291e+00 -5.1672051276328630e-02
245 3.3583836990580118e-01 -8.2218029907055967e-01 1.7349196918629719e+00 5.4833661487015639e-01
246 1.6032934541437398e+00 2.2582619199579271e-01 1.2784566275743723e+00 -3.1839368594825559e+00
247 1.5668608394178660e+00 3.4284795260542539e-01 1.4162776936730057e+00 -2.8777670753677662e+00
248 4.0286901418175730e-01 1.3466633843467508e+00 1.4868136913354302e+00 -9.4915554065399574e-02
249 3.6945054944411315e-01 1.3516242803891274e+00 1.3738563351196553e+00 -5.8915152292481648e-02
250 6.4967128388823969e-01 9.5917079927448456e-01 8.4257987015568558e-01 -5.8098180497998075e-01
251 6.0437478725944227e-01 9.9567338432249386e-01 8.9450302015083294e-01 -5.4373077377715928e-01
252 8.2664664846972191e-01 7.6888615283737571e-01 5.2171506182706917e-01 -6.1871428810237128e-01
253 -8.9734883778052088e-01 7.7976462928680390e-01 1.1718460969603978e-01 1.8735955944816679e-01
254 -4.7130404583789609e-01 1.1828620881813479e+00 7.4503560904151311e-01 5.0396146891937899e-01
255 -4.2410747402707455e-01 -9.1162281223939701e-01 8.5021739911634131e-01 -4.0911461149868183e-01
256 -9.2611028286516073e-01 -4.8753177072916298e-01 1.0010329690662270e-01 -1.6004925609585144e-01
257 -9.2694381580248753e-01 -4.8665216443694259e-01 1.0011160924551357e-01 -1.6006254620413971e-01
258 -6.1028711201894459e-01 -8.1625003476861668e-01 7.2444549231963473e-01 -5.4482813098606209e-01
259 -9.1975924903963091e-01 -4.9721708065250270e-01 1.6814431270573471e-01 -2.6883602235802728e-01
260 2.3592644754446546e-01 6.5610897529682777e-01 3.2254719382886937e-01 3.9329402765257364e+00
261 2.3952992021415909e-01 6.5435062086758089e-01 3.5923980410616629e-01 3.9657394576888865e+00
262 -1.0760112527166539e+00 -2.0320667701318829e-01 1.0667984268467444e-01 -4.1477529016115106e-01
263 -1.0624808419163012e+00 4.3722800709130560e-01 -1.1659515106155700e-01 -3.9761534020691480e-01
264 -1.1073145373186626e+00 -5.5640412491620730e-02 5.1426012213212809e-02 -4.2188798299069630e-01
265 -2.0330517587199415e-01 -9.6907880819149073e-01 1.0297494201101833e+00 -2.5211027597390712e-01
266 1.0393034822430167e-01 -9.4213566625270551e-01 1.4677118187603595e+00 8.1908865394977715e-02
267 2.0477245788177786e-01 -9.0353015424526206e-01 1.6109099923731349e+00 2.5739436746559241e-01
268 2.1304318104080802e-01 -9.1558562693255530e-01 1.0711163938170707e+00 1.3796476012480602e-01
269 7.9873489397002853e-02 -9.4604700586577450e-01 1.4525801961856308e+00 4.8187556128901986e-02
270 4.6325913606851099e-01 -6.8062213982889763e-01 1.9016275530380309e+00 1.0017290067636784e+00
271 -7.5121501843722654e-02 -9.7246154949939323e-01 1.1984805752195489e+00 -1.4265169739847175e-01
272 -9.0100822488797971e-01 7.7417763481508839e-01 4.4858831390670893e-02 7.1722139182921460e-02
273 -1.1129255851743449e+00 1.7399603676455200e-01 -2.9590141561480352e-02 -4.2493073280897803e-01
274 -1.0667464158100151e+00 4.2125524026299876e-01 -1.0782436164365898e-01 -3.8909423175611924e-01
275 1.0128441172637057e+00 1.2726263994682158e-02 2.6204038668797190e-02 1.6706022413144905e-01
276 8.3026044457752834e-01 -4.6826520449685993e-01 4.9742022851416245e-01 5.8990246801590562e-01
277 8.3022864704348120e-01 -4.6794587355362860e-01 5.1702495877403698e-01 6.1315218345194933e-01
278 -7.5039060297257432e-02 -9.7251766014927343e-01 1.1984805752195491e+00 -1.4265169739847178e-01
279 2.2408638236425354e-01 1.1762036758039485e+00 1.1082893822452660e+00 -1.5130048683156766e-01
280 -2.6498681305858118e-01 1.1800214633577135e+00 1.0186138925095074e+00 3.3273494716046514e-01
281 1.0027338089444731e+00 -3.3665278958422196e-02 6.3701910149418617e-02 2.9961715023975538e-01
282 9.3410659330992263e-01 -2.6745928023103860e-01 2.5898765216874386e-01 5.1150399886135356e-01
283 1.0002110195600231e+00 -5.4611065563117012e-02 6.9420983931889127e-02 2.9026195891460782e-01
284 -3.7348995298350002e-01 1.1508773715469793e+00 8.7741904414877125e-01 3.8097619347379286e-01
285 -4.4881393269461012e-01 1.1228644418436604e+00 8.0642465606835401e-01 4.2032414128464463e-01
286 2.0870074691877649e-01 1.1783133021357157e+00 1.0711179242881173e+00 -1.3795849549255959e-01
287 -1.1144915291891659e+00 1.0226836860740755e-01 -2.8706236515790126e-03 -4.0710195368907759e-01
288 1.4095779038455789e+00 6.6881347570467231e-01 1.8050246738415991e+00 -2.2215817031709384e+00
289 1.2822998806843917e+00 8.4314530910212160e-01 1.9231146825225849e+00 -1.7952064339132869e+00
290 -9.2615046253782629e-01 -4.8845371341474897e-01 1.0620807411585832e-01 -1.6980982424057983e-01
291 -1.0909683259805181e+00 -5.6720217126598554e-02 -7.3981536392191266e-02 4.0492498570302354e-01
292 -9.2609848907371595e-01 -4.8905331568307975e-01 4.5763621510255072e-02 -7.3168754729434446e-02
293 -6.5145020238897688e-01 1.0088152683695120e+00 5.7082554190067181e-01 4.6761796791658844e-01
294 1.6613878413848195e+00 -1.5145018152941017e-01 5.6929158447620642e-01 -3.7440488901069684e+00
295 -3.7283516287965618e-01 1.1513872436767487e+00 8.7741904358153677e-01 3.8097619322749909e-01
296 1.6032770849666602e+00 2.2637001020842715e-01 1.2784566276639269e+00 -3.1839368597055877e+00
297 1.5669415016669364e+00 3.4324785118464018e-01 1.4162776937761470e+00 -2.8777670755773412e+00
298 1.6609655468771694e+00 -1.5074495242988808e-01 5.6929158447620642e-01 -3.7440488901069684e+00
299 1.5934038134350401e+00 2.5974885691015837e-01 1.3249720837955483e+00 -3.1203347368076177e+00
300 1.2834455196979628e+00 8.3661084721448808e-01 1.8923990824495338e+00 -1.8086115825453546e+00
301 1.4593296397588764e+00 5.7927065568485514e-01 1.7147762104448929e+00 -2.4345086656150277e+00
302 -5.3004635216578067e-01 1.0856862200789108e+00 6.9461901939051940e-01 4.3424803856235594e-01
303 -7.0728018487698463e-01 9.6855553484395585e-01 5.2164678329806524e-01 4.8245712094656490e-01
304 -1.8937480501463960e-01 1.1959115332925325e+00 9.9990138109252036e-01 2.4473431003434254e-01
305 -4.4853091062426387e-01 1.1233912289647627e+00 8.0642465606835390e-01 4.2032414128464457e-01
306 -5.2961870603642225e-01 1.0854639338029313e+00 6.9461901928923409e-01 4.3424803892411756e-01
307 -6.7354025755538019e-02 1.2066262831877355e+00 1.0904041933523267e+00 1.4329179017413871e-01
308 -2.5017855810196471e-01 -9.6383424139680063e-01 1.0520548680565305e+00 -3.0879163294644102e-01
309 -2.9964284533915753e-01 -9.5180911393385703e-01 9.5126421353173751e-01 -3.2481444505154178e-01
310 6.0381589268458891e-01 9.9659108036900568e-01 8.9450302015083294e-01 -5.4373077377715928e-01
311 2.2376780032996069e-01 1.1768688355108226e+00 1.1082893817831529e+00 -1.5130048676848135e-01
312 4.5708246586895251e-01 1.0892400864826417e+00 9.9193969384636504e-01 -3.8965886796659349e-01
313 -4.7616383588959382e-01 -8.8944890195491655e-01 8.0497406381137404e-01 -4.3859730671939745e-01
314 -1.0390943791828751e+00 5.0311274372454107e-01 -1.3106439496279729e-01 -3.7663099189460919e-01
315 -8.9651232758135380e-01 7.7929012377362628e-01 9.0447944605107702e-02 1.4461188289282553e-01
316 -8.9356732045999698e-01 7.8371223582711025e-01 1.7328754753826539e-01 2.7705923712028102e-01
317 7.2502232913087938e-02 -9.4942846810299941e-01 1.3991582502884352e+00 3.6834050946699011e-02
318 -4.2401046775974044e-01 -9.1147878304514440e-01 8.5021740125824685e-01 -4.0911461252934161e-01
319 1.0033343252518261e+00 3.5240435569909212e-01 5.2777253401063727e-02 -2.4730838441306308e-01
320 9.9998967835313213e-01 -6.1655343754001751e-02 4.0090660048868257e-02 1.6762645616462726e-01
321 9.9918502462644343e-01 3.7339430319987243e-01 6.7453435540985346e-02 -2.8203527922030314e-01
322 2.0462886923295484e-01 -9.0350399671653514e-01 1.6109099923731349e+00 2.5739436746559241e-01
323 -2.0345843848843237e-01 -9.6902914980531185e-01 1.0297494201101838e+00 -2.5211027597390717e-01
324 -7.2332047561124724e-01 9.5724210952718936e-01 4.8256301175309424e-01 4.6304165705764971e-01
325 -3.7308408886917005e-01 1.1513135202668785e+00 8.7741904414877125e-01 3.8097619347379286e-01
326 -5.1100875225993270e-01 1.0929047746485760e+00 7.1612747537505705e-01 4.3217751910816565e-01
327 -2.7932978550520160e-01 1.1768404096837832e+00 9.6550469304150199e-01 3.2759905776351056e-01
328 -8.6307531455174602e-01 8.0951129948780864e-01 3.6621868684916603e-01 5.0590928791173218e-01
329 2.0483193092144159e-01 -9.0351365377136905e-01 1.6109099914885812e+00 2.5739437459321995e-01
330 -2.0325392290650621e-01 -9.6912229007100714e-01 1.0297494189268799e+00 -2.5211027568420263e-01
331 7.2520717333382112e-02 -9.4953798253325594e-01 1.3991582524956381e+00 3.6834057165366495e-02
332 8.8289031230201140e-03 -9.6613545808797507e-01 1.3076603225512291e+00 -5.1672051276328630e-02
333 3.3582233859554445e-01 -8.2232735905838017e-01 1.7349196918629719e+00 5.4833661487015639e-01
334 -9.6861708124864299e-01 6.5641549037810343e-01 2.4066167589931076e-01 4.8313898256042281e-01
335 4.6160804260708088e-01 -8.1146451542489417e-01 9.9194020324828980e-01 3.8965906454586069e-01
336 2.5331042648496166e-01 -9.0434741862019286e-01 1.1159449624995657e+00 1.8004319076953268e-01
337 -4.3612212136070028e-02 -9.5761166196578962e-01 1.1461418565859272e+00 -1.3439087201245378e-01
338 6.0835568765672576e-01 -7.0922845229778442e-01 8.9450076211109297e-01 5.4373230483300983e-01
339 2.5194494992750005e-01 -9.0412113794773230e-01 1.1159449624995657e+00 1.8004319076953268e-01
340 5.5506900867639186e-01 -7.4800149999391308e-01 9.5632312416258025e-01 5.0172287740033727e-01
341 -1.1660920202952868e-03 -9.5458824352374638e-01 1.1035432125099491e+00 -8.1472421602539299e-02
342 5.3509785321976389e-01 -5.6897299706190163e-01 1.9211565191530358e+00 1.3203926205006498e+00
343 1.9924924468412752e-01 -9.0626212494165970e-01 1.5908951652294039e+00 2.4593557787289749e-01
344 -1.0944409424410213e+00 3.1125404379517624e-01 -7.3981440914502886e-02 -4.0492516247897775e-01
345 -1.0413868641462916e+00 -3.0688878650642498e-01 1.5976987890499200e-01 -4.4503419407284789e-01
346 5.5133023978642304e-01 1.0326632456000806e+00 9.5632320425987549e-01 -5.0172269673332992e-01
347 7.6772377944061021e-01 1.2355864822457747e+00 1.7637853622107891e+00 -6.0082357401681552e-01
348 5.4008410742660162e-01 1.3154525587310022e+00 1.5886605958638906e+00 -2.6109295755060852e-01
349 1.1926547429427508e+00 9.3896595656250303e-01 1.9448155692956035e+00 -1.5396772998957888e+00
350 -3.6795851594981810e-01 1.2333303320043110e+00 8.0688571871745363e-01 4.4599305589301724e-01
351 -5.1356335726313473e-01 1.1522631088681996e+00 6.7619215446985914e-01 4.8693188236862350e-01
352 -2.5444361992200820e-02 1.3423782626063494e+00 1.0873397157809328e+00 2.6776213305789209e-01
353 -1.0947376859778575e+00 3.0154354499616398e-01 -7.5087830834797004e-02 -4.3301240227250598e-01
354 -8.9455753644355007e-01 7.8168669746133190e-01 1.4179462420745981e-01 2.2670705984802922e-01
355 -1.0975094903478704e+00 2.8770676276916896e-01 -6.6442624204706952e-02 -4.1409697823801217e-01
356 -1.0680359952065668e+00 -2.2505411124892755e-01 1.0739522760037415e-01 -3.8287382955774102e-01
357 -1.1144301070039218e+00 1.0176280376655333e-01 -2.8706236515790126e-03 -4.0710195368907759e-01
358 -5.3494099633968750e-01 -8.5532215798426003e-01 6.9464231021004885e-01 -4.3424088293271712e-01
359 -9.0546467959875987e-01 -5.5031585316256604e-01 3.0868291882029197e-01 -4.6355280688861589e-01
360 -9.2233047329876849e-01 -5.2767345338639349e-01 2.9376655467409440e-01 -4.6619627729649443e-01
361 1.6463747534130773e+00 -4.2191510169252694e-01 -1.3456621851442643e-01 -4.1125007545435697e+00
362 1.6307923122518386e+00 -6.2013233711478299e-01 -3.8696087667854667e-01 -4.1810449512214323e+00
363 -3.3338303620762499e-01 1.2550254172894291e+00 8.5677138312589829e-01 4.5035657983112531e-01
364 -4.4524597815748440e-02 1.3421214267123298e+00 1.0419649872639614e+00 2.7526320189505399e-01
365 -5.3906828928708572e-01 1.1364714865984054e+00 7.3099912042017046e-01 5.6484114149109832e-01
366 -1.8999531263281499e-01 -9.5360754431564909e-01 9.9991790677665671e-01 -2.4470852264262682e-01
367 1.6402196254107144e+00 1.9282473172276632e-02 8.2436888613876780e-01 -3.4658465147249653e+00
368 2.9296541962765044e-01 -8.8925089659081347e-01 1.0817570824030396e+00 2.2314264696934979e-01
369 -2.1119177817089285e-01 -9.5003886232170598e-01 1.0173250545407990e+00 -2.7196521614387781e-01
370 -5.6542426127652312e-04 -9.5471759888003349e-01 1.1035432127788487e+00 -8.1472421622391628e-02
371 -4.9189052505624398e-01 1.1683972476427740e+00 7.2693052995624541e-01 5.0766574782078588e-01
372 -8.9706771753677750e-01 7.7958475217890633e-01 1.1718460940422996e-01 1.8735955898160928e-01
373 -3.3299025146439554e-01 1.2543920178650172e+00 8.5205512373436709e-01 4.4787750724420361e-01
374 -4.2003501355134426e-01 1.2093964992867374e+00 8.2061555644267103e-01 5.0902615564262343e-01
375 -8.9366795757087636e-01 7.8348024324193166e-01 1.7328754794018331e-01 2.7705923776288383e-01
376 3.3588712989735220e-01 -8.2243379653347659e-01 1.7349196881535254e+00 5.4833661369775322e-01
377 -7.1492779062392042e-01 -7.4196534288691884e-01 5.2165539599000144e-01 -4.8246509000128962e-01
378 -1.7862088133602089e-01 -9.5374551695423093e-01 1.0426105700388790e+00 -2.4772206292197541e-01
379 -1.1057384762886171e+00 7.3538171684717990e-02 -2.9590865294982983e-02 4.2492990234046246e-01
380 -5.8415297677444722e-01 -8.2931925537669438e-01 6.9449653507394571e-01 -4.8557641328290735e-01
381 -2.8289789048564673e-01 -9.3877895947853074e-01 9.6550476723705203e-01 -3.2759892329113982e-01
382 -8.7508354357093920e-01 -5.8461867429354619e-01 3.6621874410393823e-01 -5.0590937262952795e-01
383 -5.8846242335214716e-01 1.1048445612651849e+00 6.2427376319632399e-01 5.1843511902332184e-01
384 -9.2677859269651852e-01 -4.8652757433387067e-01 1.0011160933977217e-01 -1.6006254635484421e-01
385 -4.4605877744755673e-01 1.1938837699600802e+00 7.6245658332632804e-01 4.9097930723604827e-01
386 -8.9913163031273768e-01 7.7490744324317173e-01 9.2334724198983309e-02 1.4762854347992202e-01
387 -8.9546225118878564e-01 7.8087700191436249e-01 1.4179462406941504e-01 2.2670705962731758e-01
388 -1.0657108404765887e+00 -1.7529210827727723e-01 -1.1659534032713964e-01 3.9761598629247774e-01
389 -1.0926482688419517e+00 -4.7051165964474673e-02 -7.5087874664939588e-02 4.3301265842503245e-01
390 4.9726568937555510e-01 1.0635181100243998e+00 9.6188971408483537e-01 -4.3887375350119900e-01
391 -6.7832489524755915e-02 1.2060298170567225e+00 1.0904041933523265e+00 1.4329179017413865e-01
392 1.0048038028977548e+00 3.2887453066762279e-01 4.0193639319030416e-02 -2.1528130306605878e-01
393 1.0066549546492358e+00 3.0879360926563715e-01 2.6764258083172496e-02 -1.6455790758078689e-01
394 -1.0945477076028474e+00 3.1102472450860386e-01 -7.3981440856217218e-02 -4.0492516215996072e-01
395 -8.9967327706106048e-01 7.7616282922515090e-01 9.0214674722065208e-02 1.4423892143796613e-01
396 9.3839772709794533e-01 1.1419810783090361e+00 1.8720302153028578e+00 -9.2806523885004411e-01
397 1.2830158958415141e+00 8.4296113383106075e-01 1.9231146822616012e+00 -1.7952064336696614e+00
398 7.8449815823408708e-01 1.2313096063299207e+00 1.8200662411998185e+00 -6.4457941252606155e-01
399 1.6688651785941762e+00 -2.5726388324926130e-01 3.8831317253681324e-01 -3.9290434097627327e+00
400 9.9546836417077922e-01 -7.9603596870785137e-02 7.3652684882585695e-02 2.8077710635052627e-01
401 2.2403111503127948e-01 1.1767529007081796e+00 1.1082893822452660e+00 -1.5130048683156766e-01
402 -2.6512485927565155e-01 1.1804858141785131e+00 1.0186138925095074e+00 3.3273494716046514e-01
403 -4.4639873953812068e-02 1.2069288491944601e+00 1.1461407420560075e+00 1.3439073314847269e-01
404 -6.7718417080683380e-02 1.2070658862986907e+00 1.0904041951352490e+00 1.4329178992037220e-01
405 4.9818833058746625e-01 1.0646530746221530e+00 9.6188971337645701e-01 -4.3887375420066838e-01
406 9.9432689992713907e-01 3.9237845967021190e-01 7.2413172248967636e-02 -2.7922015139790890e-01
407 1.0090923047761191e+00 -5.2074552764853621e-03 3.4149685481943602e-02 1.9333674267200274e-01
408 -1.0369603334245028e+00 5.0652557611347659e-01 -1.3006072471407787e-01 -3.7000890633630984e-01
409 -1.1131126740122899e+00 1.5527051510891438e-01 -2.1687061396844627e-02 -4.2228135368755665e-01
410 -9.2039559316636743e-01 -4.9742700886520402e-01 1.4902260335422449e-01 -2.3826344931035748e-01
411 -1.0434825184400065e+00 -2.3881879658422703e-01 -1.3106439453482527e-01 3.7663099226641489e-01
412 -9.1981812166433696e-01 -4.9731679349436664e-01 1.6814431270573479e-01 -2.6883602235802739e-01
413 -3.7677542722423585e-01 -9.1622034955376519e-01 8.7742166713946523e-01 -3.8097733329657807e-01
414 -7.2389740192286578e-01 -7.3544088931790008e-01 4.9137587915047176e-01 -4.6268003122221152e-01
415 -4.4870659924169887e-02 1.2068247660547624e+00 1.1461407415466958e+00 1.3439073308875335e-01
416 8.2374207996030469e-01 7.7134002421949277e-01 5.0369905897563438e-01 -5.9734868224916993e-01
417 5.3523962765163990e-01 -5.6894533981119588e-01 1.9211565191530355e+00 1.3203926205006495e+00
418 1.9937468070573683e-01 -9.0639365027483487e-01 1.5908951652294039e+00 2.4593557787289749e-01
419 -9.8692371845624194e-01 -4.2046500296494405e-01 2.0632580281659896e-01 -4.2043398676074600e-01
420 -9.2263811954192165e-01 -4.9369076621841218e-01 1.4070406727324589e-01 -2.2496343270042463e-01
421 -1.1068864741040887e+00 -5.4491388035096136e-02 5.1426012192831154e-02 -4.2188798282348960e-01
422 -9.6869253651615572e-01 6.5615084423844106e-01 2.4066167589931073e-01 4.8313898256042276e-01
423 9.5266534473840958e-01 5.2572500341834638e-01 1.2163603770399913e-01 -2.8936331859442888e-01
424 8.2185910579126398e-01 7.7382750548334955e-01 4.8134765938734969e-01 -5.7084162639395464e-01
425 5.3527402482656672e-01 -5.6891187800997933e-01 1.9211565229942424e+00 1.3203926231406746e+00
426 5.3523920718365903e-01 -5.7055442903321185e-01 1.9488046648750443e+00 1.3427322452256403e+00
427 1.9939291300167558e-01 -9.0629328669168907e-01 1.5908951652833963e+00 2.4593557788124418e-01
428 -7.2343053939686097e-01 9.5680215668130408e-01 4.8256301175309418e-01 4.6304165705764960e-01
429 1.6533289617673592e+00 -4.6971164731387133e-01 -7.4325564139592862e-02 -4.1283652662917776e+00
430 1.6646884932578270e+00 -3.5894736346218087e-01 1.6341561291200205e-01 -4.0210748309918971e+00
431 1.6233971380061702e+00 -6.4687818337705849e-01 -4.4952116230844297e-01 -4.1985474395176681e+00
432 -2.3096336725121197e-01 1.2883915640946453e+00 9.0732822134146696e-01 3.7719146501641060e-01
433 -9.0300804371225563e-01 7.6996993661381563e-01 5.6676874436038013e-02 9.0617311034095746e-02
434 -1.0925364762983525e+00 -4.6784276820870219e-02 -7.5087874664939588e-02 4.3301265842503250e-01
435 -1.0162674347180323e+00 5.6234882787344753e-01 1.6385198663900644e-01 4.2032379497597666e-01
436 -1.0637636352854654e+00 4.3640581652588184e-01 1.0667778160405306e-01 4.1477533645488412e-01
437 -1.0753865293100957e+00 -2.0254983954089048e-01 1.0667984270287864e-01 -4.1477529023192966e-01
438 -1.0616216952284234e+00 4.3819855111933914e-01 -1.1659515096549614e-01 -3.9761533987932596e-01
439 2.5379427489202316e-01 1.3625125879782540e+00 1.3223382683355545e+00 5.4811856918119385e-02
440 3.0629286225575936e-01 1.3596477445468547e+00 1.3037584863234881e+00 3.0258713657048439e-03
441 5.2495614526924195e-01 -5.8361514556769223e-01 1.9548851674309118e+00 1.2920503971240840e+00
442 2.0474121306963122e-01 -9.0336109476158455e-01 1.6109099914885812e+00 2.5739437459321995e-01
443 1.0388969001520604e-01 -9.4201788303315748e-01 1.4677118180062283e+00 8.1908865352891769e-02
444 6.0485451420817293e-01 -1.2659288235010263e-01 1.7242768575137015e+00 2.4487779622177803e+00
445 6.1071779977685114e-01 -2.3244080762206865e-01 1.8401767368265407e+00 2.2437607845372951e+00
446 -8.9793897390611255e-01 7.7647528689020839e-01 8.6491516861175344e-02 1.3828618397199940e-01
447 -4.9135742441563346e-01 1.1688221843785698e+00 7.2579312420408237e-01 5.0934788784149021e-01
448 -8.9616641198828739e-01 7.7991264154034690e-01 9.0680027080727713e-02 1.4498294587200508e-01
449 -2.1188227312658942e-01 -9.4997908836317313e-01 1.0173250543231744e+00 -2.7196521608569946e-01
450 -5.1756539967452408e-01 -8.6218733920702628e-01 7.1612804543175423e-01 -4.3217738212501045e-01
451 -1.0912513192659858e+00 -1.3772444882880391e-01 8.7170890047962066e-02 -4.4466659298111216e-01
452 1.0320446875471025e+00 1.0782319954167934e+00 1.8992487279991266e+00 -1.1300341160595713e+00
453 3.7172719168911478e-01 1.3516368825888092e+00 1.4029684314616766e+00 -6.0163567825969148e-02
454 -3.7595715008765318e-01 -9.1623359540293547e-01 8.7742166712785941e-01 -3.8097733329153882e-01
455 -7.3175063362647463e-01 -7.3189733852456518e-01 4.8256910418220272e-01 -4.6304229466715302e-01
456 -7.2304115949772552e-01 -7.3579947483211527e-01 4.9137587939394944e-01 -4.6268003145147035e-01
457 -2.9970370849054484e-01 -9.5196970361477518e-01 9.5126421173559106e-01 -3.2481444490559419e-01
458 -1.0674123097519681e+00 4.2057414095924939e-01 -1.0782436176136392e-01 -3.8909423218086847e-01
459 -2.6725178694986407e-01 -9.4126663995860149e-01 1.0186553653176347e+00 -3.3268399937140242e-01
460 -2.8518105222130330e-01 1.2719368939041455e+00 8.7864893193459259e-01 4.1448498018588187e-01
461 -7.1479519247626722e-01 9.6185346991393872e-01 4.9137468948700014e-01 4.6268029257547916e-01
462 -5.1115078604568598e-01 1.0926477887772779e+00 7.1612747570213686e-01 4.3217751930555587e-01
463 6.1072204119716422e-01 -2.3242020536073843e-01 1.8401767376406128e+00 2.2437607855299082e+00
464 6.0492198702327205e-01 -1.2659078193543433e-01 1.7242768569793081e+00 2.4487779614588474e+00
465 5.0855295232038644e-01 2.3810621065265791e-01 1.1936280772990118e+00 3.2214211604356375e+00
466 6.1057155769617000e-01 -2.3235771175360714e-01 1.8401767376406128e+00 2.2437607855299082e+00
467 6.0472671061496430e-01 -1.2657126753029369e-01 1.7242768569793081e+00 2.4487779614588474e+00
468 5.0838981232395697e-01 2.3812100355421784e-01 1.1936280772990118e+00 3.2214211604356375e+00
469 -1.1049079455673754e+00 9.0649997761601708e-02 -2.1687060309594684e-02 4.2228135428169528e-01
470 -1.0428653930267444e+00 -2.4121154883959783e-01 -1.3006072438455030e-01 3.7000890695999866e-01
471 4.0396839909891202e-01 1.3467601782375120e+00 1.4868136917356800e+00 -9.4915554090950816e-02
472 3.0609391539257857e-01 1.3597778734692600e+00 1.3037584858566178e+00 3.0258713646212922e-03
473 3.6927646479217946e-01 1.3517004729224729e+00 1.3738563351196553e+00 -5.8915152292481648e-02
474 1.4891189800720444e+00 5.2535127952553839e-01 1.6658912986909340e+00 -2.5728612069400305e+00
475 1.6227607355003748e+00 1.5268669573097132e-01 1.1559744616828211e+00 -3.3172928138974966e+00
476 1.6569739378065382e+00 -5.0407620170932588e-02 7.7590350330487312e-01 -3.6116995340379492e+00
477 -8.9655047883161798e-01 7.7916155326828695e-01 9.0447944811196987e-02 1.4461188322232954e-01
478 -4.7097136323718508e-01 1.1825484154763179e+00 7.4503560944510050e-01 5.0396146871456760e-01
479 1.0112166637426427e+00 2.8926509045223042e-01 2.4197470004882479e-02 -1.7148740735144241e-01
480 -1.0655149734130132e+00 -1.7505976403449847e-01 -1.1659534046229747e-01 3.9761598675339593e-01
481 6.0400254874355641e-01 9.9639855055364079e-01 8.9450301976603896e-01 -5.4373077354325916e-01
482 -9.6855179382220591e-01 6.5598269484946081e-01 2.4066167589931073e-01 4.8313898256042276e-01
483 -1.1050101371602350e+00 1.4212134406271748e-01 -2.8706226203994759e-03 4.0710190906725435e-01
484 -1.0785772744316724e+00 3.7279516415324038e-01 8.7170642641408030e-02 4.4466628649831658e-01
485 1.0061113854399544e+00 -2.2699426476425699e-02 5.5734518035157353e-02 2.8148961036615761e-01
486 1.0111393244666174e+00 2.8849119056236916e-01 2.4197470002506920e-02 -1.7148740733460685e-01
487 1.0054455685081731e+00 3.3694210723395523e-01 4.9052422764657717e-02 -2.4932704237512815e-01
488 4.4894905056090040e-01 3.5416006994154614e-01 9.8452289449520636e-01 3.4403952042903705e+00
489 -9.2024202525681720e-01 -4.9734465610677070e-01 1.4902260293883235e-01 -2.3826344864621155e-01
490 -1.0433477588267472e+00 -2.3877063046938746e-01 -1.3106439453482527e-01 3.7663099226641489e-01
491 1.0085434166636644e+00 -5.5986341206875900e-03 3.4149685481943595e-02 1.9333674267200271e-01
492 6.2286083161859651e-01 -6.9433566160325466e-01 9.0493568080038189e-01 5.7805252655159900e-01
493 8.2485081858335285e-01 -4.7135632432332436e-01 4.5024265843181011e-01 5.3395346668617660e-01
494 -1.0908416561496173e+00 -5.7021035520105637e-02 -7.3981536392191280e-02 4.0492498570302360e-01
495 -9.2598918341565062e-01 -4.8864113918718810e-01 1.0620807402872326e-01 -1.6980982410126472e-01
496 -2.1007665401950054e-01 1.1912716202743376e+00 1.0173229177052756e+00 2.7196625831265109e-01
497 2.8882896265290781e-01 1.1565829561683489e+00 1.0817585652318316e+00 -2.2314201745701240e-01
498 2.9221044493501114e-01 -8.8887727574705222e-01 1.0817570826460916e+00 2.2314264701948611e-01
499 -1.0907315483867299e+00 -1.3893083358170114e-01 8.7170890000109844e-02 -4.4466659273701370e-01
500 -9.6873803846650053e-01 6.5628880218410590e-01 2.4066167589931073e-01 4.8313898256042276e-01
501 -1.1053010352662802e+00 1.4224874748717778e-01 -2.8706226203994759e-03 4.0710190906725435e-01
502 -1.0678458923564422e+00 4.1833720721038725e-01 -1.0319994977033180e-01 -3.7773147395088130e-01
503 -8.9979467963871362e-01 7.7634749341724874e-01 9.0214674722065194e-02 1.4423892143796610e-01
504 4.5114200100918544e-01 3.5288083016180799e-01 9.4376968647324799e-01 3.3255044911949194e+00
505 8.2546862045325486e-01 7.7002149187699498e-01 4.9907678863012706e-01 -5.9186702201834984e-01
506 8.2256922348049988e-01 7.7147852777139292e-01 5.1500421121779749e-01 -6.1075573091075774e-01
507 5.9792161129664889e-01 -8.4896858654274376e-02 1.6435396584500646e+00 2.5086469415806110e+00
508 4.5120805135385500e-01 3.5277352068262330e-01 9.4376968647324799e-01 3.3255044911949194e+00
509 9.8645401309275427e-01 4.1249287250674604e-01 7.7428264197114807e-02 -2.7532290912282675e-01
510 9.7303461694109339e-01 4.6751714387025001e-01 1.2224047115521643e-01 -3.4856855431598993e-01
511 -2.6821131730910347e-01 -9.4160443747921396e-01 1.0186553653176347e+00 -3.3268399937140242e-01
512 -4.5481576450290981e-02 -9.5777458219294531e-01 1.1461418562897780e+00 -1.3439087197772881e-01
513 1.5423883797390920e+00 4.0959910983672243e-01 1.5190876382599543e+00 -2.7713227520338690e+00
514 3.9828388932787051e-01 1.1155068253126592e+00 1.0411397950403423e+00 -3.3937330883771677e-01
515 1.1043676351773128e+00 1.0185935533112855e+00 1.9093712922811492e+00 -1.3011300315609506e+00
516 1.3921938318724942e+00 6.9450209269595553e-01 1.8072786117392330e+00 -2.1421775329220343e+00
517 1.4596030615898843e+00 5.7949097323241616e-01 1.7147762071003452e+00 -2.4345086608666935e+00
518 4.5274627275846946e-01 3.5022721477045865e-01 9.7559778761293137e-01 3.3907364193643290e+00
519 -9.2710757213887840e-01 -4.8687822965030247e-01 1.0011160933977223e-01 -1.6006254635484429e-01
520 1.0016089555261121e+00 -3.4456790777770585e-02 4.2452590586141481e-02 2.0441455747809703e-01
521 9.9230922224861851e-01 -8.5059237895838830e-02 6.1384359092578014e-02 2.3192030682691880e-01
522 4.2930441765688199e-01 3.9338802019498664e-01 8.3317585867787225e-01 3.5028730924539389e+00
523 4.5129266880858609e-01 3.5287200638006083e-01 9.4376968663850669e-01 3.3255044917772314e+00
524 2.3605456621598908e-01 6.5613074709477515e-01 3.2254719382705632e-01 3.9329402765036292e+00
525 6.0799989804567489e-01 -7.0843796473917520e-01 8.9450076222435482e-01 5.4373230544086371e-01
526 6.5257622986289843e-01 -6.7029804154597539e-01 8.4257063430059675e-01 5.8098272205354540e-01
527 8.2899532411332943e-01 -4.6680387706235527e-01 5.0229347611892949e-01 5.9568176814186102e-01
528 6.0404416514476766e-01 9.9581063197544462e-01 8.9450301976603885e-01 -5.4373077354325905e-01
529 8.2627626113366426e-01 7.7007036553279817e-01 5.1818306908997991e-01 -6.1452561399306349e-01
530 -1.1129756669477986e+00 1.5563780863727017e-01 -2.1687061396844627e-02 -4.2228135368755665e-01
531 -1.0292826328379177e+00 -3.3287770360896701e-01 1.6385410401531730e-01 -4.2032923152644297e-01
532 -9.8669143368100232e-01 -4.2003003470971362e-01 2.0632580277991902e-01 -4.2043398668600263e-01
533 8.2932751604879795e-01 -4.6624316486686063e-01 5.1980165213652207e-01 6.1644513008652035e-01
534 8.2847854608792570e-01 -4.6625137632794117e-01 5.4827563367272281e-01 6.5021310135021004e-01
535 -1.0927885617489543e+00 -3.5612176499330878e-02 -6.6442623311068816e-02 4.1409697732768103e-01
536 -1.0956024166345777e+00 3.0102530007006001e-01 -7.5087830834797004e-02 -4.3301240227250598e-01
537 -1.0368137349394426e+00 5.0683755737368585e-01 -1.3006072471407787e-01 -3.7000890633630984e-01
538 5.5547444388844669e-01 -7.4895966787118107e-01 9.5632312375367778e-01 5.0172287718581177e-01
539 -4.7731699266362193e-01 1.1780881679066706e+00 7.4245491608082603e-01 5.0617003575234132e-01
540 1.5154609254912688e-01 1.3608904101143284e+00 1.2035099220299725e+00 1.3527850585619286e-01
541 -2.8246889817047371e-01 -9.3819926953234223e-01 9.6550476682052500e-01 -3.2759892314981087e-01
542 -4.4874633381451076e-02 -9.5757435156908521e-01 1.1461418565859272e+00 -1.3439087201245378e-01
543 -1.1062194342973517e+00 7.3328113141490125e-02 -2.9590865294982983e-02 4.2492990234046246e-01
544 1.0063614321260770e+00 -2.1830906949862366e-02 5.5734518034325040e-02 2.8148961036195397e-01
545 1.0008802861523505e+00 -6.0225647766286278e-02 5.1327110708251716e-02 2.1460813223594227e-01
546 8.2973002047141686e-01 -4.6741940483443789e-01 5.1698060351326458e-01 6.1309958149429000e-01
547 -1.0910340567076375e+00 -5.6897521803220372e-02 -7.3981536392191266e-02 4.0492498570302354e-01
548 -9.2621573472615770e-01 -4.8860384739703838e-01 1.0620807402872329e-01 -1.6980982410126474e-01
549 -1.1059042246949653e+00 7.3414021168580756e-02 -2.9590865303864500e-02 4.2492990246800261e-01
550 -1.0436582851820462e+00 -2.3867557933490763e-01 -1.3106439453482527e-01 3.7663099226641489e-01
551 1.0095462752102935e+00 3.7099506956270983e-02 1.8871487284109537e-02 1.4760836550423198e-01
552 8.2355268286437955e-01 -4.7314503142154740e-01 4.4609799306171205e-01 5.2903820954389225e-01
553 8.2544880329201598e-01 7.7110586242886248e-01 4.9937793830050131e-01 -5.9222416256795429e-01
554 -1.0912077310766877e+00 -1.3819194131286597e-01 8.7170890047962080e-02 -4.4466659298111222e-01
555 1.2155395153558195e+00 9.1604959948006359e-01 1.9310318549419643e+00 -1.5925965508300839e+00
556 1.5667881548543985e+00 3.4308319592957870e-01 1.4162776937761470e+00 -2.8777670755773412e+00
557 9.0828723247431048e-02 -9.4634122530804454e-01 1.4311562058229526e+00 6.1372339303470601e-02
558 1.0398948498513605e-01 -9.4221436639524847e-01 1.4677118180062283e+00 8.1908865352891769e-02
559 -4.5100071866556374e-01 -9.0410598537642139e-01 8.5974585948203974e-01 -4.5192009686677070e-01
560 -6.5096558695293905e-01 1.0084912593304809e+00 5.7082554104360295e-01 4.6761796721448107e-01
561 -9.7332484464706315e-01 6.4683733196005122e-01 2.0632566883742007e-01 4.2043370860367313e-01
562 -5.7631640536310780e-01 1.0566203766600808e+00 6.9448990454748294e-01 4.8557177054305872e-01
563 9.3780033073078106e-01 1.1418921335746961e+00 1.8720302162386324e+00 -9.2806523931395746e-01
564 5.8604318627841545e-01 -7.2393642406518155e-01 9.2040814929816006e-01 5.3115146832376881e-01
565 2.1134791704318420e-01 -9.1575871443132517e-01 1.0711163938170707e+00 1.3796476012480602e-01
566 -2.8200132799984956e-01 -9.3809511262432754e-01 9.6550476723705203e-01 -3.2759892329113982e-01
567 2.5242041404928467e-01 -9.0431794939961285e-01 1.1159449623576485e+00 1.8004319074663622e-01
568 -1.0693633408584875e+00 -1.5748439155673186e-01 -1.0319994567651460e-01 3.7773146027420745e-01
569 -6.5974668629576727e-01 -7.8222922637837822e-01 5.7086189805088472e-01 -4.6761089904500180e-01
570 -1.7998896203435841e-01 -9.5335800662024317e-01 1.0426105695062375e+00 -2.4772206328006724e-01
571 8.2496305428048566e-01 7.7079461534193916e-01 5.1534976334249860e-01 -6.1116552938597912e-01
572 5.5020533889825340e-01 1.0328207959672193e+00 9.5632320425987583e-01 -5.0172269673333014e-01
573 1.0123238357719937e+00 1.2862665955374719e-02 2.6204038668797187e-02 1.6706022413144903e-01
574 5.9787825021379426e-01 -8.4761533187151683e-02 1.6435396584500646e+00 2.5086469415806110e+00
575 8.2955588510806355e-01 -4.6830879312414642e-01 4.9742022851416257e-01 5.8990246801590573e-01
576 8.2835474635836803e-01 -4.6882396573786256e-01 4.9700206718993389e-01 5.8940656056572394e-01
577 1.6566546447463883e+00 -9.8314153539229343e-02 6.6478307242196066e-01 -3.6395500020457576e+00
578 -6.5896773470372472e-01 -7.8178765621490531e-01 5.7086189805088472e-01 -4.6761089904500180e-01
579 -6.1025231835012017e-01 -8.1635731803293310e-01 7.2444549231963473e-01 -5.4482813098606209e-01
580 -4.5094476397961181e-01 -9.0391995061569763e-01 8.5974585935866488e-01 -4.5192009680191947e-01
581 -2.0958474722607856e-01 1.1916076240364990e+00 1.0173229177052756e+00 2.7196625831265114e-01
582 -1.2453802042999285e-03 1.2061325611046456e+00 1.1035432493730941e+00 8.1472812935745861e-02
583 -5.1771654222505747e-01 -8.6294028972217729e-01 7.1612804577698175e-01 -4.3217738233335246e-01
584 -9.8194710794057338e-01 -4.2936426976285091e-01 2.4066186202271578e-01 -4.8313922890626110e-01
585 -1.0921882739069784e+00 -4.6813874161265936e-02 -7.5087874664939588e-02 4.3301265842503245e-01
586 -1.0633957017963140e+00 4.3633128526849990e-01 1.0667778164525139e-01 4.1477533661506799e-01
587 -1.0652363188017633e+00 -1.7499701142533133e-01 -1.1659534032713964e-01 3.9761598629247774e-01
588 8.2427722018510630e-01 7.7223102234470231e-01 4.8396611205691237e-01 -5.7394691163088962e-01
589 5.8281354515518868e-01 1.0107190490461044e+00 9.2041042001444195e-01 -5.3115150359204322e-01
590 8.2334388623363752e-01 7.7244248938613935e-01 4.9143669851013061e-01 -5.8280645761164607e-01
591 5.8798444156768170e-01 -7.2361201905624017e-01 9.2040814929816028e-01 5.3115146832376892e-01
592 8.2906047926680659e-01 -4.6837084336535217e-01 4.9700206718993389e-01 5.8940656056572394e-01
593 8.2904058941827574e-01 -4.6639099661709610e-01 5.5666699152221655e-01 6.6016461200792365e-01
594 -7.5061903244650410e-02 -9.7275329533363386e-01 1.1984805752195491e+00 -1.4265169739847178e-01
595 4.6345511930188515e-01 -6.8075984560536984e-01 1.9016275530380309e+00 1.0017290067636784e+00
596 5.2505654115820777e-01 -5.8367812084710247e-01 1.9548851649022931e+00 1.2920503954528335e+00
597 -2.0939297257983319e-01 1.1918058945602992e+00 1.0173229179410261e+00 2.7196625837567551e-01
598 2.9008518299646102e-01 1.1569872027982444e+00 1.0817585649095602e+00 -2.2314201739053521e-01
599 -4.8100702202497281e-01 -8.8813974274030316e-01 8.1870857739425396e-01 -4.5603797799522966e-01
600 -9.2232919158796667e-01 -4.9349203675066189e-01 1.4070406727324589e-01 -2.2496343270042463e-01
601 4.0272601035370914e-01 1.3468589286864383e+00 1.4998291402915005e+00 -9.5746437286528485e-02
602 -1.0693552043799464e+00 -1.5769571061336501e-01 -1.0319994567651460e-01 3.7773146027420745e-01
603 1.6491033799782642e+00 -4.9574831036005007e-01 -1.3634452918750181e-01 -4.1476347946046399e+00
604 1.6687256915256943e+00 -2.5739338527855427e-01 3.8831317253681324e-01 -3.9290434097627327e+00
605 6.1057566385737716e-01 -2.3250196455090727e-01 1.8401767368265407e+00 2.2437607845372951e+00
11 -6.5081608630037713e-01 1.0085516921820261e+00 5.7082554190067181e-01 4.6761796791658844e-01
607 6.0227404138971496e-01 -1.0313173111843787e-01 1.6741188710468473e+00 2.5081725263577237e+00
608 9.9945517607003986e-01 3.7429798690686356e-01 5.8275316057390565e-02 -2.4365986556624056e-01
609 1.0057319970365342e+00 3.3628093846750640e-01 4.8786780792796962e-02 -2.4867022556253154e-01
610 1.1488097945361486e-01 7.8360567652681878e-01 -1.3424262448452917e-01 4.1026118954335873e+00
611 -7.7810297770956716e-02 9.5671931072294303e-01 -3.8335049503411345e-01 4.1830363645041970e+00
612 2.2626344145790109e-01 -9.1270100487568584e-01 1.1082830787603599e+00 1.5133686353950171e-01
613 -6.1040616771593248e-01 -8.1658883919525793e-01 7.2444549231963473e-01 -5.4482813098606209e-01
614 -1.0544712618173158e+00 4.5650334088193423e-01 1.0739522434384091e-01 3.8287381276514021e-01
615 -8.6298675377142742e-01 8.0929771424489783e-01 3.6621868684916592e-01 5.0590928791173195e-01
616 -6.5927568579964402e-01 -7.8198320078718986e-01 5.7086189804148835e-01 -4.6761089861759031e-01
617 1.6650379384127674e+00 -2.2491854382550108e-01 4.1982553568816205e-01 -3.8416290371314661e+00
618 -5.8376179236547299e-01 -8.2892238717163935e-01 6.9449653503518771e-01 -4.8557641325580864e-01
619 1.6685088067200713e+00 -2.5697518842617528e-01 3.8831317253681324e-01 -3.9290434097627327e+00
620 2.9155182987515121e-01 -8.9033200328644335e-01 1.0817570824030394e+00 2.2314264696934974e-01
621 -2.1199925994461644e-01 -9.5101507379447592e-01 1.0173250545407992e+00 -2.7196521614387781e-01
622 -1.6741472583018391e-03 -9.5553034687408755e-01 1.1035432127788491e+00 -8.1472421622391669e-02
623 6.4468996886655705e-01 9.6390093833504975e-01 8.6309367245861734e-01 -5.8604885469360379e-01
624 8.2592830788957028e-01 7.7051641763173606e-01 5.0665956642390009e-01 -6.0085961837560786e-01
625 -5.7278279158596734e-01 -8.4198457700184604e-01 7.0185317342715925e-01 -4.8055042225349315e-01
626 -6.0996963852213637e-01 -8.1693316934301863e-01 7.3602200014757124e-01 -5.5284355795632001e-01
627 8.2844886286048436e-01 -4.6708703005167362e-01 5.5666699076339665e-01 6.6016461110802094e-01
628 9.9886593103227272e-01 3.7720687135321185e-01 5.2375520008983989e-02 -2.1899172802053826e-01
629 1.0029877615027250e+00 3.5242224512876430e-01 5.7404163138113314e-02 -2.7053282567643200e-01
630 5.8723900735214540e-01 -7.2414852068353475e-01 9.2040814932728854e-01 5.3115146834057836e-01
631 -4.1927449831314823e-01 1.2098325181352161e+00 8.2061555623438664e-01 5.0902615551342512e-01
632 -8.9285916518116437e-01 7.8390552903744437e-01 1.7450249425964937e-01 2.7900174376054659e-01
633 1.6399984319894734e+00 1.9511914892900578e-02 8.2436888613876780e-01 -3.4658465147249653e+00
634 -1.0359649837641212e+00 5.0722458035597107e-01 -1.3006072471407787e-01 -3.7000890633630984e-01
635 1.4098261867048572e+00 6.6921926769463369e-01 1.8050246737396212e+00 -2.2215817030454259e+00
636 9.3812800205613345e-01 1.1424109862578815e+00 1.8720302160828055e+00 -9.2806523923670581e-01
637 6.2133526151859397e-01 -6.9479580558138510e-01 9.0493568003757729e-01 5.7805252606433655e-01
638 6.0429420021685942e-01 -1.2570859500870013e-01 1.6842778969510639e+00 2.4544870156176910e+00
639 1.6394224592943980e+00 1.9814566918495230e-02 8.2223178452163959e-01 -3.4568616217773069e+00
640 6.9831655913277191e-01 1.2640721913087134e+00 1.7067018340166167e+00 -4.9031203513466143e-01
641 4.4768429258382453e-01 1.3377264440366636e+00 1.4880472818498802e+00 -1.4592247078396509e-01
642 1.1041103526919760e+00 1.0183931448462369e+00 1.9093712896397343e+00 -1.3011300420634577e+00
643 -7.1490752803595892e-01 9.6150640380839247e-01 4.9137468948700025e-01 4.6268029257547921e-01
644 1.0051466658462762e+00 3.2953941335729953e-01 4.0193639319030409e-02 -2.1528130306605875e-01
645 1.0068546469334330e+00 3.0963025935635424e-01 2.6764258083172503e-02 -1.6455790758078692e-01
646 9.9275195399835059e-01 -8.4306348936082243e-02 6.1384359092578007e-02 2.3192030682691878e-01
647 4.4906547641824845e-01 3.5409792367186332e-01 9.8452289449520636e-01 3.4403952042903705e+00
648 2.3967431283915097e-01 6.5437402349877327e-01 3.5923980410616629e-01 3.9657394576888865e+00
649 -8.9925952533115250e-01 7.7517730341157187e-01 8.8597360305960576e-02 1.4165309282722516e-01
650 -1.0956653171122022e+00 3.0118133903060962e-01 -7.5087830834797004e-02 -4.3301240227250598e-01
651 9.8698771302503718e-01 4.1365087294698671e-01 7.0385224448478875e-02 -2.4957919214553409e-01
652 1.0016479244486809e+00 -2.8748793054402338e-02 4.7621789001322495e-02 2.3392873608588086e-01
653 -7.1530676065643117e-01 -7.4197841526895436e-01 5.2165539558663543e-01 -4.8246508962822732e-01
654 -1.8980366845464444e-01 -9.5285397014372442e-01 9.9991790661663671e-01 -2.4470852260346534e-01
655 5.1279371927309014e-01 -6.0444280187196830e-01 1.9226932261480347e+00 1.2244828704089001e+00
656 3.3573897381611051e-01 -8.2227067369538887e-01 1.7349196881535254e+00 5.4833661369775322e-01
657 5.3510553946307027e-01 -5.7057357818126930e-01 1.9488046638140994e+00 1.3427322444946461e+00
658 -8.9413119349096104e-01 7.7566831620608712e-01 3.0867626071278181e-01 4.6355311174424985e-01
659 -5.2971161448036541e-01 1.0848967309217357e+00 6.9461901928923386e-01 4.3424803892411745e-01
660 -9.1086902463680519e-01 7.5294924582726441e-01 2.9375878718619081e-01 4.6619343820187775e-01
661 -1.0975152767862930e+00 2.8797844545699547e-01 -6.6442624204706965e-02 -4.1409697823801223e-01
662 -8.9427881739965376e-01 7.7612251163074886e-01 3.0867626071278176e-01 4.6355311174424974e-01
663 -9.1093228667301984e-01 7.5337552201675728e-01 2.9375878718619081e-01 4.6619343820187775e-01
664 -5.7271193551177668e-01 -8.4214516628994673e-01 7.0185317342715925e-01 -4.8055042225349315e-01
665 -6.0979949449976800e-01 -8.1700904647767725e-01 7.3602200014757124e-01 -5.5284355795632001e-01
666 1.0054472276171575e+00 2.9919951677396528e-01 2.1520722465583099e-02 -1.4139186196850856e-01
667 -1.0691376495965965e+00 -1.5942061956062950e-01 -1.0782526916867502e-01 3.8909380658610926e-01
668 -6.9317609445571637e-02 1.3358606827144759e+00 1.0583358279189747e+00 2.9895385463114982e-01
669 6.9871422062821531e-01 1.2642139603842901e+00 1.7067018358232047e+00 -4.9031203565366932e-01
670 -1.0409357627282272e+00 -3.0791447795628446e-01 1.5976987875970777e-01 -4.4503419428389868e-01
671 9.0722929946855949e-02 -9.4610872631407650e-01 1.4311562058229526e+00 6.1372339303470601e-02
672 4.9616090180909489e-01 -6.3807967311894909e-01 1.8540686564396986e+00 1.1031524004457340e+00
673 -6.6576069978786040e-02 -9.5826049140571601e-01 1.0904179394734477e+00 -1.4324599593300055e-01
674 -9.2606980264949068e-01 -4.8923088518603974e-01 4.5763621510255065e-02 -7.3168754729434432e-02
675 -4.8127252512228702e-01 -8.8819837550248792e-01 8.1870857739425373e-01 -4.5603797799522955e-01
676 -9.2264111270871507e-01 -4.9342271910869157e-01 1.4070406727324586e-01 -2.2496343270042460e-01
677 -9.2578898219658767e-01 -4.8759770227445387e-01 1.0010329690662265e-01 -1.6004925609585136e-01
678 -5.3613381908710067e-01 -8.5529924452404071e-01 6.9464231021004874e-01 -4.3424088293271706e-01
679 -4.5391830908069480e-01 -8.9085591430881605e-01 8.0644249957570313e-01 -4.2031821539418324e-01
680 2.3601501686458459e-01 6.5604634086496372e-01 3.2254719382886937e-01 3.9329402765257364e+00
681 -7.7755068111908354e-02 9.5677504356399345e-01 -3.8335049499700452e-01 4.1830363640992729e+00
682 2.3592473950515713e-01 6.5601514595059174e-01 3.2254719382705632e-01 3.9329402765036292e+00
683 -9.1064870044657653e-01 7.5338903380125377e-01 2.9375878730248800e-01 4.6619343793165441e-01
684 -5.1706357707797090e-01 -8.6207572089088602e-01 7.1612804577698175e-01 -4.3217738233335246e-01
685 1.6605023870801827e+00 -1.8264405053411537e-01 4.8168604735532022e-01 -3.7654816081964095e+00
686 4.5966123408797921e-01 -8.1082940926851887e-01 9.9194020316532050e-01 3.8965906451326821e-01
687 6.4687375980363848e-01 -6.7374177590340789e-01 8.6309360494209164e-01 5.8604884380488831e-01
688 2.5116498584996083e-01 -9.0461731180740668e-01 1.1159449623576485e+00 1.8004319074663622e-01
689 2.2432918458596235e-01 1.1761305161705078e+00 1.1082893817831532e+00 -1.5130048676848137e-01
690 -4.4891484103905976e-01 1.1237163927875646e+00 8.0642465620369119e-01 4.2032414045273986e-01
691 2.0973789306719964e-01 1.1786522556183483e+00 1.0711179242881175e+00 -1.3795849549255962e-01
692 2.8989577932164962e-01 1.1566900591777272e+00 1.0817585652318316e+00 -2.2314201745701240e-01
693 -7.0675019030699815e-01 9.6804505802520935e-01 5.2164678347652016e-01 4.8245712111161304e-01
694 -1.8915967209365775e-01 1.1949965316606097e+00 9.9990137991385586e-01 2.4473431021216741e-01
695 5.3527130120515665e-01 -5.7061263404390505e-01 1.9488046638140999e+00 1.3427322444946466e+00
696 -4.7087475850596372e-01 1.1825178641180363e+00 7.4503560980575834e-01 5.0396146800290909e-01
697 6.0228776495458447e-01 -1.0300558289046274e-01 1.6741188717687174e+00 2.5081725274392328e+00
698 -4.1993512542464118e-01 1.2095235605824366e+00 8.2061555703068212e-01 5.0902615600736556e-01
699 -5.6501656579934256e-01 1.1198589814070297e+00 6.5719847606858017e-01 5.2344800500865041e-01
700 -1.0543058035419883e+00 4.5636424022178296e-01 1.0739522434384093e-01 3.8287381276514032e-01
701 -1.0925829076077225e+00 -3.5638872759182622e-02 -6.6442623311068816e-02 4.1409697732768103e-01
702 8.2374041959300193e-01 7.7037351857421710e-01 5.1074515628657580e-01 -6.0570481646996832e-01
703 8.2604011896908835e-01 7.6786456552052740e-01 5.8079281620954049e-01 -6.8877600074955825e-01
704 -4.5318946013820544e-01 -8.9087067766803274e-01 8.0644249872643503e-01 -4.2031821540276987e-01
705 -7.3243672026339879e-01 -7.3150838039761890e-01 4.8256910444493462e-01 -4.6304229491925369e-01
706 -5.6540667122704280e-01 1.1193528823027310e+00 6.5719847672290654e-01 5.2344800552981086e-01
707 -4.9226448963950525e-01 1.1680955230142434e+00 7.2693053086499626e-01 5.0766574845542922e-01
708 -8.9390878886082381e-01 7.7601807283783719e-01 3.0867626042419932e-01 4.6355311131087240e-01
709 -7.0648301632480659e-01 9.6827485193868101e-01 5.2164678329806535e-01 4.8245712094656495e-01
710 1.4665021152395723e+00 5.6877824567610002e-01 1.6744747608860699e+00 -2.4402010164355716e+00
711 6.0442692547488297e-01 -1.2575146890440259e-01 1.6842778965987468e+00 2.4544870151042613e+00
712 5.9804205017645740e-01 -8.4836852615354119e-02 1.6435396581033328e+00 2.5086469410513708e+00
713 -1.7760359211611790e-01 1.1960731836715963e+00 1.0425870309741678e+00 2.4775291107651912e-01
714 -1.0786472693696114e+00 3.7319212245014366e-01 8.7170642641408017e-02 4.4466628649831652e-01
715 -1.0688795580847654e+00 -1.5924529744410640e-01 -1.0782526950735397e-01 3.8909380714301911e-01
716 1.6044470529446686e+00 -6.8109277998700535e-01 -7.0592290144185832e-01 -4.2286336176041859e+00
717 1.6304329592056925e+00 -6.2001005733796710e-01 -3.8696087667854667e-01 -4.1810449512214323e+00
718 8.7610775456540349e-03 -9.6604728484653635e-01 1.3076603212197102e+00 -5.1672051223713808e-02
719 5.8310353011371285e-01 1.0102667477540519e+00 9.2041042001444195e-01 -5.3115150359204322e-01
720 -3.7749473188994814e-01 -9.1620482081728438e-01 8.7742166712785941e-01 -3.8097733329153882e-01
721 -7.3303351833601837e-01 -7.3162475557121420e-01 4.8256910418220272e-01 -4.6304229466715302e-01
722 -7.2442790861571815e-01 -7.3557798071673708e-01 4.9137587939394933e-01 -4.6268003145147024e-01
723 -2.1025043065452084e-01 -9.4994548590307726e-01 1.0173250543231744e+00 -2.7196521608569946e-01
724 -9.0139852997841363e-01 7.7356777104722818e-01 4.4858831390670907e-02 7.1722139182921488e-02
725 -5.8882428085007354e-01 1.1040312453415480e+00 6.2427376319632399e-01 5.1843511902332184e-01
726 -4.0511053160674415e-01 1.2162431877006838e+00 7.9875145090427280e-01 4.7468067121581875e-01
727 2.0954628719751450e-01 1.1792118736647104e+00 1.0711179241981938e+00 -1.3795849548097758e-01
728 -1.0686802864102893e+00 -1.5913972602084928e-01 -1.0782526916867501e-01 3.8909380658610920e-01
729 -9.2405126963066053e-01 -4.9224831486888931e-01 7.1080620444897241e-02 -1.1364661081691831e-01
730 -6.9015949096625817e-01 -7.5731709115986279e-01 5.9798311782766445e-01 -5.2804810069745889e-01
731 -2.6541193820439651e-01 1.1804601906273378e+00 1.0186138925659509e+00 3.3273494668288922e-01
732 -8.9543148188241972e-01 7.8176970597441775e-01 1.4067384044377257e-01 2.2491510480593127e-01
733 -1.0369181121729019e+00 5.0766005272672510e-01 -1.3006072471407787e-01 -3.7000890633630984e-01
734 -8.9364090923112849e-01 7.8457426081559523e-01 1.7272563899977128e-01 2.7616083470638469e-01
735 1.0072541827741865e+00 1.2828521198633702e-03 2.9917504206422800e-02 1.7633460411219348e-01
736 9.7076043753853214e-01 -1.6810196448044748e-01 1.1564355986731002e-01 3.1506938023223885e-01
737 3.9725851488541003e-01 1.1167957314091104e+00 1.0411397947967258e+00 -3.3937330825153095e-01
738 -1.0428828318476264e+00 -2.4148826465949091e-01 -1.3006072438455024e-01 3.7000890695999855e-01
739 -9.1998798486477185e-01 -4.9748429166552643e-01 1.6814431270573471e-01 -2.6883602235802728e-01
740 5.5154199182819130e-01 1.0329392639744315e+00 9.5632320456789577e-01 -5.0172269689492888e-01
741 5.9783254443652056e-01 -8.4859828528513204e-02 1.6435396581033328e+00 2.5086469410513708e+00
742 2.5320209254759679e-01 1.3625458312047709e+00 1.3223382681289910e+00 5.4811856909557193e-02
743 7.8380060684616659e-01 1.2314041195345014e+00 1.8200662421139369e+00 -6.4457941284979803e-01
744 -1.3171051309909587e-02 9.0348194379689084e-01 -2.7901019533196952e-01 4.1881175655774836e+00
745 -9.0141402793304970e-01 7.7374877082545201e-01 4.4858831390670900e-02 7.1722139182921474e-02
746 -1.0391578049351438e+00 5.0284468951396644e-01 -1.3106439496279729e-01 -3.7663099189460919e-01
747 -9.8200891167753779e-01 -4.2887357762254419e-01 2.4066186209365792e-01 -4.8313922904868056e-01
748 -4.7619540726682852e-01 -8.8958402448598006e-01 8.0497406265029858e-01 -4.3859730608677511e-01
749 -9.0061265429335313e-01 7.7325131103863942e-01 9.9031091311222536e-02 1.5833496982128767e-01
750 4.4910825677942201e-01 3.5415239758746431e-01 9.8452289432802731e-01 3.4403952037061667e+00
751 3.8051856595912698e-01 1.3465138878245502e+00 1.4116511324350962e+00 -7.2440459637303750e-02
752 -2.6486217937987272e-01 1.1800148833939927e+00 1.0186138925659509e+00 3.3273494668288922e-01
753 -5.7627884457565137e-01 1.0565065236417035e+00 6.9448990509383546e-01 4.8557177092505621e-01
754 -1.1135127231681445e+00 1.7361447817176373e-01 -2.9590141571502387e-02 -4.2493073295289996e-01
755 -1.0417644354255835e+00 -3.0710695567074975e-01 1.5976987875970777e-01 -4.4503419428389868e-01
756 6.0765625581933946e-01 -7.0865310868543963e-01 8.9450076211109286e-01 5.4373230483300983e-01
757 4.6054033351054757e-01 -8.1105384742702924e-01 9.9194020324829024e-01 3.8965906454586086e-01
758 6.4926102097238159e-01 -6.7377656030542232e-01 8.6309360524633050e-01 5.8604884401146939e-01
759 -1.1133511825989084e+00 1.7228705054233237e-01 -2.9590141571502387e-02 -4.2493073295289996e-01
760 -1.0282662846177542e+00 -3.3249443357556341e-01 1.6385410401531733e-01 -4.2032923152644303e-01
761 -6.5822096193611845e-01 -7.8179888481393023e-01 5.7086189804148835e-01 -4.6761089861759031e-01
762 -6.0979930193888676e-01 -8.1711125309509680e-01 7.3602200090297187e-01 -5.5284355852371925e-01
763 -1.0769488304231134e-03 1.2064165895701975e+00 1.1035432489729193e+00 8.1472812417995935e-02
764 -2.0969128749949445e-01 1.1919624796267831e+00 1.0173229179410261e+00 2.7196625837567551e-01
765 2.8991741223137241e-01 1.1571239636689654e+00 1.0817585649095602e+00 -2.2314201739053521e-01
766 -5.1123798857175307e-01 1.0923623301972358e+00 7.1612747570213686e-01 4.3217751930555587e-01
767 -1.6780785157189809e-03 1.2058824279551255e+00 1.1035432493730941e+00 8.1472812935745861e-02
768 -2.7945698799837831e-01 1.1763177439932526e+00 9.6550469391924276e-01 3.2759905806133099e-01
769 -7.1501175438461961e-01 9.6209259542551495e-01 4.9137468981178539e-01 4.6268029288129814e-01
770 6.4824468317358486e-01 9.6003897387993198e-01 8.4257987071276397e-01 -5.8098180481710116e-01
771 4.5293603839564034e-01 3.5027495977456974e-01 9.7559778761293137e-01 3.3907364193643290e+00
772 1.1501018518406181e-01 7.8369843775707781e-01 -1.3424262448452917e-01 4.1026118954335873e+00
773 -1.1049509668659239e+00 9.0367580019026228e-02 -2.1687060309594681e-02 4.2228135428169522e-01
774 -1.0164851132138315e+00 5.6213822872491281e-01 1.6385198662214126e-01 4.2032379493271305e-01
775 -1.0962317388061216e+00 2.9305892455048577e-01 5.1423172300599534e-02 4.2188726777589480e-01
776 9.0789840705125163e-02 -9.4618281358527978e-01 1.4311562058207086e+00 6.1372339303374365e-02
777 -1.0922165519533382e+00 -4.6961524925990414e-02 -7.5087874664939588e-02 4.3301265842503250e-01
778 -1.0159966889397840e+00 5.6204145071848721e-01 1.6385198663900641e-01 4.2032379497597655e-01
779 -1.0634795636124745e+00 4.3607596701760121e-01 1.0667778160405310e-01 4.1477533645488435e-01
780 -1.0678914392541121e+00 4.1586362561930001e-01 -1.0319994955625220e-01 -3.7773147316730921e-01
781 -8.6290711281280463e-01 8.0911247890955695e-01 3.6621868684916603e-01 5.0590928791173218e-01
782 -1.0291442423422568e+00 -3.3274766978542808e-01 1.6385410407989523e-01 -4.2032923169210240e-01
783 -2.5014949109051027e-01 -9.6368153225360798e-01 1.0520548680565305e+00 -3.0879163294644102e-01
784 -4.4607221143741840e-02 1.2064165298365026e+00 1.1461407415466958e+00 1.3439073308875335e-01
785 -1.1120022415165998e+00 1.5583757833085626e-01 -2.1687061396844627e-02 -4.2228135368755665e-01
786 -8.7490068716718850e-01 -5.8410544182068957e-01 3.6621874410393818e-01 -5.0590937262952784e-01
787 -5.8341693856882992e-01 -8.2869769173770513e-01 6.9449653507394560e-01 -4.8557641328290729e-01
788 1.5235522685486371e+00 4.5693243085066071e-01 1.5876849292507329e+00 -2.6873320724195784e+00
789 6.4852196127971518e-01 -6.7366064522208213e-01 8.6309360494209175e-01 5.8604884380488831e-01
790 4.6094787641224488e-01 -8.1109147359315947e-01 9.9194020316532039e-01 3.8965906451326821e-01
791 1.8432244392690644e-01 1.3628135886359376e+00 1.2000712379256882e+00 1.0858223677249057e-01
792 4.0277385554883605e-01 1.3467107921465038e+00 1.4868136915839376e+00 -9.4915554081263856e-02
793 -2.9953654111596872e-01 -9.5169317324909453e-01 9.5126421353173751e-01 -3.2481444505154178e-01
794 -1.0283430055120339e+00 5.3718379704979669e-01 1.5976841085874269e-01 4.4503330730635737e-01
795 -1.0787142627114081e+00 3.7297166670512394e-01 8.7170642641408030e-02 4.4466628649831658e-01
796 -1.0296041208803994e+00 -3.3323594890856623e-01 1.6385410407989523e-01 -4.2032923169210240e-01
797 -7.1619572526913966e-01 -7.4215325889073391e-01 5.2165539558663543e-01 -4.8246508962822721e-01
798 -1.0945384590950764e+00 3.0933219016448688e-01 -7.3981440856217204e-02 -4.0492516215996066e-01
799 8.2417644320119976e-01 -4.6954694822032411e-01 4.7478511826406589e-01 5.6305895294570185e-01
800 4.2918053302770098e-01 3.9338966325155267e-01 8.3317585869098498e-01 3.5028730925090681e+00
801 -1.9028550580299297e-01 -9.5312294689540233e-01 9.9991790677665671e-01 -2.4470852264262682e-01
802 -5.3544845844250699e-01 -8.5529632385899113e-01 6.9464231037152868e-01 -4.3424088303366276e-01
803 -1.9102209144011484e-01 -9.5291721528897166e-01 9.9991790661663649e-01 -2.4470852260346532e-01
804 -3.3297919980551460e-01 1.2536276152592205e+00 8.3623218871512983e-01 4.3956027928993296e-01
805 9.8369176969740346e-02 1.3608708147051245e+00 1.1190206457052001e+00 1.7225650454438945e-01
806 1.1479246346053880e+00 9.8226603879794194e-01 1.9751459728534759e+00 -1.4345404097793675e+00
807 6.1918788848101802e-01 1.2960327361641841e+00 1.6424180888499613e+00 -3.6603820140183108e-01
808 1.6650588024643862e+00 -2.2459205684332062e-01 4.1982553568816217e-01 -3.8416290371314670e+00
809 -2.8478960299424089e-01 1.2719832200379044e+00 8.7864893223682039e-01 4.1448497985581528e-01
810 -1.1052014563280550e+00 1.4242081893820605e-01 -2.8706226203994768e-03 4.0710190906725452e-01
811 -1.1045733306993542e+00 9.0508307168452234e-02 -2.1687060309594681e-02 4.2228135428169522e-01
812 8.2943819196119728e-01 -4.6709241110564770e-01 5.2338034475994133e-01 6.2068918670064588e-01
813 -4.2387571023548726e-01 -9.1154080064087917e-01 8.5021739911634131e-01 -4.0911461149868183e-01
814 1.6653755595188917e+00 -2.2482417708544689e-01 4.1982553568816217e-01 -3.8416290371314670e+00
815 4.9625377062299370e-01 -6.3809110686829928e-01 1.8540686564453559e+00 1.1031524004491000e+00
816 1.0012645287182618e+00 -6.0827230905670132e-02 5.1334672426248076e-02 2.1463974917586548e-01
817 8.2556455041153309e-01 7.7063174006674529e-01 4.9937793847598544e-01 -5.9222416277606504e-01
818 1.5950972235085294e+00 2.5491751323279477e-01 1.2852185209645040e+00 -3.0476284233045230e+00
819 1.4592100943575268e+00 5.8390207098941238e-01 1.6868720737127938e+00 -2.3726358030469132e+00
820 -2.5689901626457234e-01 1.0713825944549706e+00 -1.2145664068970223e+00 4.2290458076541642e+00
821 -1.8898160532695593e-01 1.1956203427591694e+00 9.9990137991385564e-01 2.4473431021216735e-01
822 -7.0689989378347573e-01 9.6854143632369727e-01 5.2164678347652027e-01 4.8245712111161310e-01
823 -1.7804211540834841e-01 1.1965857196631646e+00 1.0425870303825915e+00 2.4775291142058423e-01
824 -3.7335846248398097e-01 1.1516785898421298e+00 8.7741904358153677e-01 3.8097619322749909e-01
825 -1.0622767524758299e+00 4.3760724584771826e-01 -1.1659515096549614e-01 -3.9761533987932596e-01
826 -1.0672351951132910e+00 4.2081513789296165e-01 -1.0782436164365898e-01 -3.8909423175611924e-01
827 6.9863662118879866e-01 1.2648203750413174e+00 1.7067018362737707e+00 -4.9031203578311078e-01
828 4.4811059188169156e-01 1.3385160222591175e+00 1.4880472851897359e+00 -1.4592247111148157e-01
829 9.7998950614067570e-01 4.5151466754255254e-01 1.1633581237619249e-01 -3.5072953673075902e-01
830 6.4436584003866759e-01 9.6403076766817430e-01 8.6309367186949248e-01 -5.8604885429358233e-01
831 2.4966914865623047e-01 1.1696201042160570e+00 1.1159449746482186e+00 -1.8004305166647427e-01
832 1.0291203735996162e+00 1.0796910546406504e+00 1.8512812840392368e+00 -1.1014939636636518e+00
833 2.5360829490908227e-01 1.3628581143343648e+00 1.3223382687158376e+00 5.4811856933882394e-02
834 7.8422090495628938e-01 1.2315806873217223e+00 1.8200662423501379e+00 -6.4457941293344911e-01
835 2.4942668952496716e-01 1.1693856666258837e+00 1.1159449746482186e+00 -1.8004305166647427e-01
836 9.7459023403554745e-01 -1.5489944876132505e-01 1.0658774454948630e-01 3.0393482350244538e-01
837 3.9684580372649686e-01 1.1161061885265040e+00 1.0411397947967258e+00 -3.3937330825153089e-01
838 5.5632025424398102e-01 -7.4870992692533467e-01 9.5632312416258025e-01 5.0172287740033727e-01
839 2.9384936312236409e-01 -8.8892036651806161e-01 1.0817570826460914e+00 2.2314264701948605e-01
840 1.5937877972290497e+00 2.5988079009772841e-01 1.3249720839779555e+00 -3.1203347372371906e+00
841 -7.2422243348533877e-01 -7.3623149601962767e-01 4.9137587915047154e-01 -4.6268003122221130e-01
842 4.4896014202942114e-01 3.5404640003462917e-01 9.8452289432802731e-01 3.4403952037061667e+00
843 2.3958526094022070e-01 6.5426829251102825e-01 3.5923980407861822e-01 3.9657394573847755e+00
844 -2.5025392611702940e-01 -9.6390198365494251e-01 1.0520548687708153e+00 -3.0879163315609287e-01
845 8.2821212266388633e-01 -4.6557160791767171e-01 5.0933535414488496e-01 6.0403289861234166e-01
846 -4.5252764589335814e-01 -8.9091260629332802e-01 8.0644249957570291e-01 -4.2031821539418313e-01
847 8.6331542020330082e-02 1.3581599044083448e+00 1.1684438961153187e+00 1.9050259886174492e-01
848 7.9179504947648449e-01 1.2238581236053063e+00 1.8765692988449330e+00 -6.7181788727886727e-01
849 -1.0545270872631900e+00 4.5668519538497943e-01 1.0739522434384091e-01 3.8287381276514021e-01
850 -9.7351642549815454e-01 6.4709429287717679e-01 2.0632566883741998e-01 4.2043370860367296e-01
851 6.1841380690072834e-01 9.8341221617096197e-01 9.0494096354103926e-01 -5.7805028509596801e-01
852 -1.0679862842908618e+00 -2.2461561332223032e-01 1.0739522760037411e-01 -3.8287382955774091e-01
853 1.8430630538992510e-01 1.3628052680247469e+00 1.2000712389048092e+00 1.0858223686108126e-01
854 2.4983076306974755e-01 1.1699034121858907e+00 1.1159449747469574e+00 -1.8004305268999796e-01
855 -1.7801926940517226e-01 1.1960016587005744e+00 1.0425870303825919e+00 2.4775291142058431e-01
856 1.8493083405395738e-01 1.3634163461451267e+00 1.2000712375584730e+00 1.0858223673926500e-01
857 -6.0971846948655606e-01 -8.1687803837773865e-01 7.3602200090297176e-01 -5.5284355852371914e-01
858 1.0376658935680785e-01 -9.4217321682481170e-01 1.4677118187603595e+00 8.1908865394977715e-02
859 -4.7600019213312039e-01 -8.8950527288904246e-01 8.0497406265029858e-01 -4.3859730608677511e-01
860 4.9636145036790907e-01 -6.3819354425103747e-01 1.8540686564396986e+00 1.1031524004457340e+00
861 -2.6655817271100585e-01 -9.4150420993340977e-01 1.0186553662648499e+00 -3.3268399918473945e-01
862 -4.5095476649149652e-01 -9.0380913310726174e-01 8.5974585948203974e-01 -4.5192009686677070e-01
863 -2.0327257896322648e-01 -9.6891853852064080e-01 1.0297494189268797e+00 -2.5211027568420263e-01
864 -2.6764080385784683e-01 -9.4151010282158243e-01 1.0186553662648499e+00 -3.3268399918473945e-01
865 -1.7933206390282322e-01 -9.5351839358006607e-01 1.0426105700388790e+00 -2.4772206292197541e-01
866 -1.0651919634575251e+00 -1.7521806239023735e-01 -1.1659534046229747e-01 3.9761598675339593e-01
867 -5.7646632525131380e-01 1.0569422080994102e+00 6.9448990454748272e-01 4.8557177054305861e-01
868 1.5877691276093733e-01 1.3619771710515900e+00 1.2552648207292079e+00 1.3762050663275865e-01
869 -6.9546444868257756e-02 1.3358553115947021e+00 1.0583358281211799e+00 2.9895385468826774e-01
870 -1.0959471602719262e+00 2.9309322621919021e-01 5.1423172487654531e-02 4.2188726776495622e-01
871 6.0420623301770249e-01 -1.2575404838767978e-01 1.6842778965987468e+00 2.4544870151042613e+00
872 6.0245439197445672e-01 -1.0309087323367511e-01 1.6741188710468473e+00 2.5081725263577237e+00
873 -3.7725792838492744e-01 -9.1712105064822380e-01 8.7742166713946523e-01 -3.8097733329657807e-01
874 -1.4549251854426204e-01 1.0037662820301305e+00 -7.0613810268269772e-01 4.2299227204222198e+00
875 -1.0968810758014134e+00 2.8725413778938358e-01 -6.6442624204706965e-02 -4.1409697823801228e-01
876 1.6464041378620473e+00 -4.2238924923942184e-01 -1.3512838373287928e-01 -4.1296811799920086e+00
877 -4.5334622114231798e-01 -8.9158028636298436e-01 8.0644249872643492e-01 -4.2031821540276981e-01
878 1.6034437621895956e+00 2.2604810138381937e-01 1.2784566276639271e+00 -3.1839368597055882e+00
879 1.5914517094614458e-01 1.3625953146083809e+00 1.2552648214366908e+00 1.3762050671032328e-01
880 -6.9136012794618534e-02 1.3366340428333987e+00 1.0583358278024779e+00 2.9895385459824225e-01
881 5.2514214719386942e-01 -5.8370594429333489e-01 1.9548851674309118e+00 1.2920503971240840e+00
882 1.2826886093246541e+00 8.4324826627060623e-01 1.9231146822604759e+00 -1.7952064336686109e+00
883 -6.5115934365588635e-01 1.0089111136269588e+00 5.7082554104360295e-01 4.6761796721448107e-01
884 8.2486878971974797e-01 -4.6967311906997788e-01 4.5946937313971747e-01 5.4489564689089298e-01
885 -1.1046799233960680e+00 9.0466600313499429e-02 -2.1687060309594688e-02 4.2228135428169533e-01
886 -9.2665929142826919e-01 -4.8671280734585470e-01 1.0011160924551359e-01 -1.6006254620413973e-01
887 5.8550853879380571e-01 -7.2515600980268435e-01 9.2040814932728865e-01 5.3115146834057847e-01
888 1.5720874192280181e+00 3.3139279540029493e-01 1.4234180521007918e+00 -2.9364366836994900e+00
889 4.4787236390771207e-01 1.3378176346900537e+00 1.4880472850200874e+00 -1.4592247109484530e-01
890 8.2711318132912393e-01 -4.6854261306378120e-01 5.1953756899240844e-01 6.1613194761113266e-01
891 8.2841501562883191e-01 -4.6452625811966414e-01 5.0218999153736121e-01 5.9555904331771969e-01
892 1.5724243232929733e+00 3.3111440848977958e-01 1.4234180522909807e+00 -2.9364366840918401e+00
893 -1.0436088611321637e+00 -2.3894516259039666e-01 -1.3106439453482527e-01 3.7663099226641489e-01
894 -9.8172770855031743e-01 -4.2862699422052924e-01 2.4066186202271578e-01 -4.8313922890626110e-01
895 -9.0016256149886320e-01 7.7385449661175254e-01 8.7004152038300503e-02 1.3910580611515400e-01
896 1.6049875445768578e+00 -6.8105784851938045e-01 -7.0530686920582042e-01 -4.2249434488654787e+00
897 -1.0383647743468345e+00 5.0294448341873044e-01 -1.3106439496279729e-01 -3.7663099189460919e-01
898 -5.2266488769938735e-01 1.1473461124126993e+00 7.0152314423215534e-01 5.1657300455858468e-01
899 6.0238698032495297e-01 -1.0310380288127552e-01 1.6741188717687174e+00 2.5081725274392328e+00
900 5.1286747069842975e-01 -6.0450019583879622e-01 1.9226932297566244e+00 1.2244828727070600e+00
901 2.2557039534676548e-01 -9.1232499896373154e-01 1.1082830778841799e+00 1.5133686391659595e-01
902 -1.0425757136380631e+00 -2.4134296354664714e-01 -1.3006072438455030e-01 3.7000890695999866e-01
903 1.0070324453528834e+00 4.4770334762389563e-04 2.9917504206422800e-02 1.7633460411219348e-01
904 -1.0282466277783737e+00 5.3688094035237621e-01 1.5976841085874269e-01 4.4503330730635737e-01
905 -5.8891656152302896e-01 1.1041445506760186e+00 6.2427376319632399e-01 5.1843511902332184e-01
906 1.4101586768223151e+00 6.6886424707378866e-01 1.8050246738970843e+00 -2.2215817032392282e+00
907 1.2838799331904851e+00 8.3679578481000960e-01 1.8923990808365962e+00 -1.8086115810038312e+00
908 1.4657603170995754e+00 5.6949077263243952e-01 1.6710400994226269e+00 -2.4351957069558567e+00
909 -6.8988888142222993e-01 -7.5713010079236376e-01 5.9798311793465075e-01 -5.2804810079193298e-01
910 1.3242182853094198e+00 7.9194366550965145e-01 1.9030510352419696e+00 -1.9298792494639747e+00
911 -4.4535983604891616e-01 1.1946799320369281e+00 7.6245658298563534e-01 4.9097930701666126e-01
912 4.2911554295051213e-01 3.9331162405532361e-01 8.3317585867787225e-01 3.5028730924539389e+00
913 -1.8846691239928209e-01 1.1951545597187307e+00 9.9990138109252003e-01 2.4473431003434243e-01
914 9.5264096648215069e-01 5.2492465898894991e-01 1.2163603770399913e-01 -2.8936331859442888e-01
915 6.4825186112061228e-01 -6.7295603070202759e-01 8.6309360524633050e-01 5.8604884401146939e-01
916 -9.0008976054560463e-01 7.7406187001551274e-01 8.7004152038300503e-02 1.3910580611515400e-01
917 9.7078216184915134e-01 -1.5967720993935372e-01 8.9748544065712213e-02 2.5591786387363941e-01
918 8.2675580439512208e-01 -4.6912944218354358e-01 5.6183234836919516e-01 6.6629033142491900e-01
919 -5.7255059910097017e-01 -8.4197387137895308e-01 7.0185317457238905e-01 -4.8055042303761819e-01
920 -1.7839313186391978e-01 1.1967379547822810e+00 1.0425870309741683e+00 2.4775291107651920e-01
921 -4.0515065836284503e-01 1.2163419065437782e+00 7.9875145144560744e-01 4.7468067153752219e-01
922 9.9999923027423421e-01 -3.8726595061041147e-02 3.4543742305432876e-02 1.6371705994833283e-01
923 4.5111193378592751e-01 3.5278267755587828e-01 9.4376968663850658e-01 3.3255044917772310e+00
924 -1.0412749736972149e+00 -3.0723177172898763e-01 1.5976987890499203e-01 -4.4503419407284794e-01
925 1.0019238760756772e+00 -3.3613990844081287e-02 4.2452590586141474e-02 2.0441455747809700e-01
926 -1.0425314983043275e+00 -2.4123342148135840e-01 -1.3006072438455024e-01 3.7000890695999855e-01
927 6.1925511749188411e-01 9.8204706205284897e-01 9.0494096354103926e-01 -5.7805028509596801e-01
928 6.4847611033862007e-01 9.6071826215609035e-01 8.4257987071276397e-01 -5.8098180481710116e-01
929 -7.3255051259251203e-01 -7.3213657075490068e-01 4.8256910444493462e-01 -4.6304229491925369e-01
930 1.2696686511983581e+00 8.5638211733721936e-01 1.9269990415445157e+00 -1.7734901008516801e+00
931 -2.7950874355718253e-01 1.1766119940754693e+00 9.6550469391924276e-01 3.2759905806133099e-01
932 6.0694859830215453e-01 -7.0693367818908426e-01 8.9450076222435482e-01 5.4373230544086371e-01
933 4.5740571443389588e-01 1.0888271496130015e+00 9.9193969362824874e-01 -3.8965886788091197e-01
934 -1.0667222856610659e+00 4.1870039514680868e-01 -1.0782436176136392e-01 -3.8909423218086847e-01
935 4.2920338122439849e-01 3.9326159664414717e-01 8.3317585869098498e-01 3.5028730925090681e+00
936 -9.0033451003276566e-01 7.7260962467524519e-01 1.0280528095459046e-01 1.6436929899377409e-01
937 -4.4437004665820207e-02 -9.5742411249955517e-01 1.1461418562897780e+00 -1.3439087197772881e-01
938 4.5282069906594546e-01 3.5013950760705620e-01 9.7559778751143167e-01 3.3907364190115623e+00
939 -3.3286986158155346e-01 1.2544556741985300e+00 8.5205512416888785e-01 4.4787750747260674e-01
940 6.2145717354738295e-01 -6.9588176723486506e-01 9.0493568080038189e-01 5.7805252655159900e-01
606 5.0843161216703647e-01 2.3799970674886928e-01 1.1936280770835181e+00 3.2214211598540534e+00
