642 4 BEM3DMeshData
0 -3.0856368280793883e-02 -4.9141861191666875e-01 4.8890550571413055e-01 5.3973556591015104e-01
1 1.9129052831628822e-02 -4.2932635711393086e-01 2.9626809865875092e-01 4.7313308204660587e-01
2 1.9679312209222474e-02 -4.4098339166862144e-01 2.9626809865875092e-01 4.7313308204660587e-01
3 -2.7463933800327722e-01 -5.3234932277115798e-01 1.2245557139075991e+00 3.6892098135490353e-01
4 -2.2862148061970675e-01 -5.3454759119033501e-01 1.1104390726839433e+00 4.4337567731088168e-01
5 -2.7529850068650474e-01 -5.3365437500860036e-01 1.2245557139075987e+00 3.6892098135490342e-01
6 -9.4660594186676661e-02 -8.1238145672056214e-02 1.6667030405338315e-01 -3.7889938341944929e-01
7 -1.9088084107712253e-01 -3.6703385721156161e-02 3.3832881418478183e-01 -4.9938863230884173e-01
8 -1.5032096207198686e-01 -5.3906409366308812e-02 2.6216349114017679e-01 -4.5740349815083658e-01
9 -1.9466684644137269e-01 -5.5394477134228903e-01 9.9306091760022830e-01 4.9335646769050384e-01
10 -1.8528703634652122e-01 -5.4554382024858539e-01 9.7572820305573171e-01 5.0051222128757467e-01
11 -2.4323855471369848e-01 -5.4808158359230408e-01 1.1296384661512793e+00 4.2915072520669911e-01
12 -2.3995223569875032e-01 -2.2212790726285167e-02 4.2792217970586444e-01 -5.3110611449573397e-01
13 -2.7354295800542372e-01 -1.3896697290697908e-02 4.9412655199868405e-01 -5.4549942894319337e-01
14 -3.7809284641955132e-01 -4.4443143858845383e-03 6.4887478919325037e-01 -5.5648375281561657e-01
15 3.9185619737131486e-02 -2.2963825561064727e-01 1.4855342395348149e-34 -6.5047691737172570e-18
16 6.1220032762556886e-02 -3.3124133712258269e-01 4.9534638434672359e-02 2.1402002330401426e-01
17 5.4224277464211795e-02 -2.7520307292179236e-01 1.2197446241577715e-02 1.0546773935820715e-01
18 -2.5051762952077991e-02 -4.7471794336661488e-01 4.7451655874963161e-01 5.4241887665746547e-01
19 1.0015039515861263e-02 -4.4149819961818548e-01 3.3832881418478183e-01 4.9938863230884173e-01
20 -4.9585207049124974e-02 -4.9512751386845538e-01 5.6145059442509748e-01 5.5635589548410935e-01
21 -6.9470649200748791e-01 -5.2543673566798961e-02 1.2453011536443861e+00 -3.5374068758444993e-01
22 -7.1078608778473185e-01 -5.0995143921984627e-02 1.2231480852840484e+00 -3.6465077332371182e-01
23 -7.8896319754447530e-01 -7.2900157609780011e-02 1.3105686704353017e+00 -2.9869189283938663e-01
24 5.9112990707727728e-02 -3.1856273572500959e-01 4.8982935533002848e-02 2.1414291971149296e-01
25 3.9112749865566454e-02 -2.2833933196884426e-01 1.1890965119682846e-33 -1.9501434419387894e-17
26 5.2921157451640624e-02 -2.6891196897879183e-01 1.2690637175514935e-02 1.1123377968828400e-01
27 3.8445663150107827e-02 -2.2533512768946193e-01 3.8631004552176754e-33 -4.5498746151666464e-17
28 -6.3796241363542738e-03 -1.5639314863780773e-01 3.5003074932465544e-02 -1.8570725996403287e-01
29 3.8951811154206858e-02 -2.2852448184281665e-01 3.3438980659421926e-33 -3.9007142632315265e-17
30 5.6464832052710433e-02 -2.9532821162288447e-01 3.5003074932465544e-02 1.8570725996403287e-01
31 5.1443991987414721e-02 -3.7350002056558007e-01 1.3411918445881665e-01 3.4783967184222397e-01
32 5.7039268027466200e-02 -2.9759551564264020e-01 3.4497657407904461e-02 1.8341883964853922e-01
33 1.4357983396047548e-02 -1.8490073514151822e-01 1.2197446241577715e-02 -1.0546773935820715e-01
34 5.4190971023940611e-02 -2.7516840411882404e-01 1.2197446241577715e-02 1.0546773935820715e-01
35 4.0166084512973960e-02 -2.3462426800394545e-01 0.0000000000000000e+00 6.5011904387192093e-18
36 5.6060076191458724e-02 -3.4818293222246988e-01 9.4014140096529683e-02 2.9535947914074012e-01
37 6.0330133705776598e-02 -3.1628152263588144e-01 3.8401100272322602e-02 1.9635392472113888e-01
38 -2.5352154273067889e-01 -5.2423859059575240e-01 1.1816624408259702e+00 3.9603749319989995e-01
39 -2.2916339761548615e-01 -5.4800435855222296e-01 1.0943104332687348e+00 4.4895239660198361e-01
40 -2.7388929283205010e-01 -5.2557266559610072e-01 1.2303750464655392e+00 3.6455427705866850e-01
41 -1.8111059886081426e-01 -5.3316349146178932e-01 9.7572820305573149e-01 5.0051222128757467e-01
42 -1.8578588084464692e-01 -5.2863937738351530e-01 9.9306091760022830e-01 4.9335646769050384e-01
43 -2.4228902348004802e-01 -5.4596794464169007e-01 1.1296384661512791e+00 4.2915072520669906e-01
44 5.3273628733246654e-02 -2.7128500947077228e-01 1.2975382420318298e-02 1.1208279481544131e-01
45 -1.2183077669667486e-01 -5.3575792394461019e-01 7.8721972142545682e-01 5.4707872701925186e-01
46 -9.6112582743847319e-02 -5.2646327593006592e-01 7.1045357303207535e-01 5.5777492401845863e-01
47 -1.7180025559145271e-01 -5.5802568194903324e-01 9.2290209630794984e-01 5.1585383113520300e-01
48 -7.6335014222435313e-02 -9.3430403039588189e-02 1.3688762718395497e-01 -3.4984573043055023e-01
49 -7.4235524345812043e-02 -9.4866755962473251e-02 1.3411918445881665e-01 -3.4783967184222397e-01
50 -1.7124740179504142e-01 -4.5416817933384236e-02 2.9626809865875081e-01 -4.7313308204660570e-01
51 1.4394852571387742e-02 -1.8493989897803598e-01 1.2197446241577715e-02 -1.0546773935820715e-01
52 4.0195359391082285e-02 -2.3459710420342447e-01 1.0031694196188275e-32 -5.8510713948472888e-17
53 -8.6078143582174749e-03 -1.6099782004576121e-01 3.8401100272322609e-02 -1.9635392472113894e-01
54 2.4178593796295274e-02 -4.2405212133951281e-01 2.7164108367189627e-01 4.5620288597631203e-01
55 -1.9260676467865574e-02 -4.7823718418151712e-01 4.5095238094450224e-01 5.3538953095443909e-01
56 -6.2008651254285311e-03 -4.6871727510677469e-01 4.0494178438776468e-01 5.2630869080820297e-01
57 -2.2310331590814048e-01 -5.3971244772279658e-01 1.0899377942918733e+00 4.5382887798642202e-01
58 -9.5274917050299085e-02 -8.1846682646594421e-02 1.6667030405338312e-01 -3.7889938341944923e-01
59 -5.8767805933969054e-02 -1.0694669517105582e-01 1.0692964784092698e-01 -3.1023550731070487e-01
60 -1.5222268503518532e-01 -5.4707207560284049e-02 2.6216349114017673e-01 -4.5740349815083653e-01
61 -4.9641790293773781e-02 -1.1551070433535880e-01 9.4014140096529655e-02 -2.9535947914074001e-01
62 -9.8819292040541296e-02 -8.0139090988751452e-02 1.7271955515923607e-01 -3.8494345452525774e-01
63 -1.3807528922690673e-01 -5.8219185742961657e-02 2.4018959432584092e-01 -4.3807980236396432e-01
64 2.6338845603848103e-02 -4.1814418371752282e-01 2.6477546089615916e-01 4.5706719967658760e-01
65 7.3307677485499219e-03 -4.4859530707813944e-01 3.4878209492755591e-01 5.0175734841160691e-01
66 -2.6439830183377266e-02 -4.8008778320755485e-01 4.7872446313188677e-01 5.4300198268577637e-01
67 -3.9915109069519811e-01 -2.9103380925495563e-03 7.1251952077939018e-01 -5.5805323460678624e-01
68 -5.3086192447575398e-01 -9.9145437243787476e-03 9.2506668392088409e-01 -5.1584591671308599e-01
69 -4.5291641992596249e-01 -3.7744637894627023e-03 7.9796736440312732e-01 -5.4533760324285008e-01
70 3.9643866276218340e-02 -2.3099452014547114e-01 2.4173818815267730e-33 -3.3150115962645734e-17
71 5.3283408426520552e-02 -2.7004420641800558e-01 1.2095346082162037e-02 1.0608930495033665e-01
72 1.4592108009563396e-02 -1.8342166109355676e-01 1.2095346082162041e-02 -1.0608930495033668e-01
73 5.7622819599181252e-02 -2.9745807369031979e-01 3.1555999614104047e-02 1.6986184842234822e-01
74 5.3411784671267996e-02 -2.7031061395672090e-01 1.2095346082162037e-02 1.0608930495033665e-01
75 5.6900114020383051e-02 -3.4469201496406443e-01 8.8290988854772295e-02 2.8721843927978125e-01
76 -1.8019255034086520e-01 -5.3041448007240954e-01 9.7572820305573149e-01 5.0051222128757467e-01
77 -1.2641164401987873e-01 -5.1761646159226748e-01 8.1952416224914360e-01 5.4582866756351711e-01
78 -1.8032613136972417e-01 -5.1305211116461791e-01 9.9306091760022819e-01 4.9335646769050379e-01
79 3.0999043009870372e-02 -4.1073954160182402e-01 2.4018959432584092e-01 4.3807980236396432e-01
80 5.0790796783218538e-02 -3.8561924490727650e-01 1.4611257427563862e-01 3.6310333083574914e-01
81 -5.4179547783906257e-01 -1.0301240002404973e-02 9.2506668392088409e-01 -5.1584591671308599e-01
82 -6.2644423395518789e-01 -2.6817027592173970e-02 1.0899377942918733e+00 -4.5382887798642202e-01
83 -6.0571885328930186e-01 -1.9849084969213265e-02 1.0256231707880579e+00 -4.8055568483566635e-01
84 4.3488862536623825e-02 -3.9477870373224505e-01 1.8137938601655884e-01 3.9276566029618676e-01
85 5.8176684261403849e-02 -3.1216248131722119e-01 4.8109510998316778e-02 2.1614644748618919e-01
86 5.3345528706311963e-02 -3.4950777833987706e-01 1.0744318662038026e-01 3.0948665712793677e-01
87 5.6942053939426085e-02 -2.9435628155452420e-01 3.1555999614104047e-02 1.6986184842234822e-01
88 5.1650480353250879e-02 -3.6636906880270220e-01 1.2649151083410279e-01 3.3217029082347804e-01
89 5.6257471591919864e-02 -3.4143160551794605e-01 8.8290988854772282e-02 2.8721843927978113e-01
90 -1.0544066994184464e-01 -7.8178467363628337e-02 1.8137938601655881e-01 -3.9276566029618670e-01
91 -1.5064815606821266e-01 -5.2687435676799205e-02 2.6477546089615916e-01 -4.5706719967658765e-01
92 -5.9956794321210483e-02 -1.0782053451206010e-01 1.0744318662038024e-01 -3.0948665712793677e-01
93 3.8537687134728750e-02 -2.2582346890581473e-01 2.2074859744101001e-33 -2.5999283515237984e-17
94 3.9030994434459655e-02 -2.2908392935693878e-01 3.2045689798612677e-33 -3.7381845022635455e-17
95 -6.3294869402198365e-03 -1.5888604611741522e-01 3.5003074932465544e-02 -1.8570725996403287e-01
96 -6.2650456738182447e-01 -2.6730880068467303e-02 1.0899377942918733e+00 -4.5382887798642202e-01
97 -6.2752879311378651e-01 -2.9093815261593745e-02 1.1104390726839433e+00 -4.4337567731088168e-01
98 -7.0299240948565600e-01 -4.9840072649724176e-02 1.2245557139075991e+00 -3.6892098135490353e-01
99 5.7032141680587400e-02 -2.9738500025352826e-01 3.4497657407904461e-02 1.8341883964853922e-01
100 5.7931738292760201e-02 -3.0075925150396626e-01 3.4035828107358619e-02 1.8256278542634427e-01
101 5.0638574655448312e-02 -3.6686855223945924e-01 1.3289836422742191e-01 3.4293139398804801e-01
102 -6.2586038124867469e-03 -1.5752047962131011e-01 3.5003074932465544e-02 -1.8570725996403287e-01
103 -5.9476392851823745e-03 -1.5721421448280756e-01 3.4497657407904468e-02 -1.8341883964853925e-01
104 -7.8744818584881443e-02 -1.0143376904286940e-01 1.3411918445881665e-01 -3.4783967184222397e-01
105 3.9780559879668831e-02 -2.3131767365292868e-01 2.5595808157342298e-33 -3.5100122783977830e-17
106 3.8857030434443267e-02 -2.2652660465485353e-01 3.0591803078364378e-33 -3.8999090626074234e-17
107 -1.7807922814673036e-01 -5.3040959395443410e-01 9.6906492104313957e-01 5.0267212642755188e-01
108 -3.1993087232449224e-01 -5.5652116264883777e-01 1.2935045649084049e+00 3.1560623700112278e-01
109 -3.1780463414561966e-01 -5.2980086384459602e-01 1.3204743552583829e+00 2.9229956815556501e-01
110 -5.4773923083975262e-01 -1.3233653708346907e-02 9.6906492104313968e-01 -5.0267212642755188e-01
111 -5.4314147452135186e-01 -1.3061153418458748e-02 9.6906492104313968e-01 -5.0267212642755188e-01
112 -6.2752139221651404e-01 -2.9082999730086139e-02 1.1104390726839433e+00 -4.4337567731088168e-01
113 -1.9888660248106260e-01 -3.5051361759348101e-02 3.4878209492755596e-01 -5.0175734841160691e-01
114 -3.5730584853870923e-01 -4.3040605597683976e-03 6.4185192748951281e-01 -5.6435866619051500e-01
115 -4.6320488946163502e-01 -3.6662896243149878e-03 8.2271700875432041e-01 -5.4839327977941210e-01
116 -3.7337989820874667e-01 -3.6509849523992397e-03 6.6350479162267506e-01 -5.6165941423120935e-01
117 -9.5817539657904571e-02 -5.2412580993405322e-01 7.1045357303207535e-01 5.5777492401845863e-01
118 -1.2505488994964858e-01 -5.4943505069983656e-01 7.8721972142545693e-01 5.4707872701925198e-01
119 -1.6504463403920200e-01 -5.3588290731513633e-01 9.2290209630794984e-01 5.1585383113520300e-01
120 -4.0840132513533467e-01 -3.1974920743432838e-03 7.1251952077939018e-01 -5.5805323460678624e-01
121 -2.7236771184207603e-01 -1.6465668890977340e-02 4.7872446313188677e-01 -5.4300198268577637e-01
122 -3.2421175089732834e-01 -8.1290361122129985e-03 5.7380941471445923e-01 -5.5756832292798364e-01
123 -5.0880799668686213e-03 -1.5797075657996007e-01 3.1555999614104061e-02 -1.6986184842234830e-01
124 -7.3492588998853525e-02 -9.9208414026967451e-02 1.2649151083410279e-01 -3.3217029082347804e-01
125 -5.5377203046025648e-03 -1.5847583581360269e-01 3.4035828107358633e-02 -1.8256278542634435e-01
126 -1.5064659347549383e-01 -5.2578020043686904e-02 2.6477546089615916e-01 -4.5706719967658760e-01
127 -9.8495479114039622e-02 -7.9801328240493755e-02 1.7271955515923604e-01 -3.8494345452525769e-01
128 -1.9961289613299196e-01 -3.5113213629118172e-02 3.4878209492755585e-01 -5.0175734841160680e-01
129 5.8150026209007270e-02 -3.1242567732595100e-01 4.8109510998316764e-02 2.1614644748618911e-01
130 3.8429858220619298e-02 -2.2494943355015956e-01 7.3260455797978137e-34 -1.6255376985752507e-17
131 5.2912649898392720e-02 -2.6907309418285164e-01 1.2975382420318298e-02 1.1208279481544131e-01
132 -8.3693423157927729e-02 -9.3846051502480987e-02 1.4611257427563862e-01 -3.6310333083574914e-01
133 -5.8657622710463410e-02 -1.0724716359299317e-01 1.0692964784092701e-01 -3.1023550731070493e-01
134 1.4427951611170688e-02 -1.8243831548358011e-01 1.2690637175514939e-02 -1.1123377968828402e-01
135 -1.6666112631155389e-02 -1.4560523984627591e-01 4.8109510998316778e-02 -2.1614644748618919e-01
136 5.7518160641815717e-02 -2.9714450965055161e-01 3.1555999614104047e-02 1.6986184842234822e-01
137 5.6796954684415209e-02 -3.4442970200926332e-01 8.8290988854772295e-02 2.8721843927978119e-01
138 -1.6023191636318548e-01 -5.0944323582095163e-02 2.7164108367189627e-01 -4.5620288597631203e-01
139 -2.5935373230982878e-01 -1.9458148234936527e-02 4.5095238094450224e-01 -5.3538953095443909e-01
140 -2.2936277153239976e-01 -2.5922657185991856e-02 4.0494178438776468e-01 -5.2630869080820297e-01
141 -5.4942267076055717e-01 -1.3933918893198238e-02 9.7572820305573149e-01 -5.0051222128757467e-01
142 -4.6072526360077415e-01 -4.2558060188669037e-03 8.1952416224914360e-01 -5.4582866756351711e-01
143 -5.5475038526724285e-01 -1.5412422961716958e-02 9.9306091760022830e-01 -4.9335646769050384e-01
144 3.8312377071531116e-02 -2.2451206620067982e-01 2.7593574680126250e-33 -3.2499104394047471e-17
145 -2.8502123481250546e-01 -5.3441301032270150e-01 1.2453011536443861e+00 3.5374068758444993e-01
146 -3.2257844721510831e-01 -5.4446106217410151e-01 1.3105686704353017e+00 2.9869189283938663e-01
147 -2.7957564891856262e-01 -5.3862249961366837e-01 1.2231480852840484e+00 3.6465077332371182e-01
148 -2.6016550187708554e-01 -5.3791421249795035e-01 1.1816624408259702e+00 3.9603749319989995e-01
149 -2.2509499194937502e-01 -5.4447564858707531e-01 1.0899377942918733e+00 4.5382887798642202e-01
150 5.6031151112388718e-02 -3.4815252942623270e-01 9.4014140096529655e-02 2.9535947914074001e-01
151 3.0975629093479687e-02 -4.1071653630401200e-01 2.4018959432584092e-01 4.3807980236396432e-01
152 5.0758778435922199e-02 -3.8564912733847101e-01 1.4611257427563859e-01 3.6310333083574908e-01
153 -6.5804874961616888e-01 -3.3401463905419482e-02 1.1296384661512791e+00 -4.2915072520669906e-01
154 -7.1827498023271286e-01 -5.1898739011879136e-02 1.2303750464655392e+00 -3.6455427705866850e-01
155 -7.2040854049760761e-01 -5.4510067550527078e-02 1.2453011536443861e+00 -3.5374068758444993e-01
156 1.4499570012631824e-02 -1.8600044812337133e-01 1.2197446241577717e-02 -1.0546773935820716e-01
157 -4.9632797851900390e-02 -1.1541821727740562e-01 9.4014140096529683e-02 -2.9535947914074012e-01
158 -1.2370778159967094e-02 -4.5970122010338105e-01 4.2792217970586444e-01 5.3110611449573397e-01
159 -3.0124453399103728e-02 -4.7000649967895552e-01 4.9412655199868405e-01 5.4549942894319337e-01
160 1.7834030062505165e-02 -4.4094373778730006e-01 3.0786305834269151e-01 4.8596184242002971e-01
161 5.8987356727473933e-02 -3.1834906540168162e-01 4.8982935533002848e-02 2.1414291971149296e-01
162 5.3880410828254455e-02 -3.5302624548926598e-01 1.0692964784092700e-01 3.1023550731070487e-01
163 5.2889397127356068e-02 -2.6922335484290577e-01 1.2690637175514935e-02 1.1123377968828400e-01
164 -1.8528207309583458e-01 -5.4548100244078801e-01 9.7572820305573171e-01 5.0051222128757467e-01
165 -1.7193582739429861e-01 -5.5836669354024193e-01 9.2290209630794984e-01 5.1585383113520300e-01
166 -2.3010887363428378e-01 -5.5022774979530420e-01 1.0943104332687348e+00 4.4895239660198361e-01
167 -5.3080403114237362e-01 -1.0070257823410249e-02 9.2506668392088409e-01 -5.1584591671308599e-01
168 -5.8868208872183547e-01 -1.9258949295485901e-02 1.0256231707880581e+00 -4.8055568483566641e-01
169 -6.2096703934821418e-01 -2.6566961457450782e-02 1.0899377942918733e+00 -4.5382887798642202e-01
170 5.0299496080693076e-02 -3.6976419347903244e-01 1.3688762718395497e-01 3.4984573043055023e-01
171 5.7634669766315878e-02 -3.0089237602634672e-01 3.5003074932465544e-02 1.8570725996403287e-01
172 5.3678569084217420e-02 -3.8856607836690504e-01 1.3411918445881665e-01 3.4783967184222397e-01
173 -3.4580985886999305e-01 -6.5705016376448383e-03 6.0327178246309854e-01 -5.5964072451765035e-01
174 -4.0693982063470646e-01 -3.3638105073683284e-03 7.1045357303207535e-01 -5.5777492401845863e-01
175 -4.6857455307687690e-01 -4.6254329494514398e-03 8.2903337735786020e-01 -5.4416047518293476e-01
176 -2.8574204740853476e-01 -1.5713326607037455e-02 4.8890550571413055e-01 -5.3973556591015104e-01
177 -1.7426130751784186e-01 -4.6767429880103878e-02 2.9626809865875092e-01 -4.7313308204660587e-01
178 -2.8609098949304074e-01 -1.7162600660349962e-02 4.7788633313730866e-01 -5.3727627424904156e-01
179 -5.7304889278171733e-01 -1.5594914573537949e-02 9.9306091760022830e-01 -4.9335646769050384e-01
180 -5.5184423696168128e-01 -1.3398525286830946e-02 9.8220276197069922e-01 -5.0315389013412148e-01
181 -5.8138552217792538e-01 -1.6175628166506421e-02 9.9306091760022830e-01 -4.9335646769050384e-01
182 -5.6228016178336571e-01 -1.4294305014611645e-02 9.7572820305573171e-01 -5.0051222128757467e-01
183 -6.5823941298867072e-01 -3.3688873977912120e-02 1.1296384661512793e+00 -4.2915072520669911e-01
184 4.4370667614595433e-02 -3.8610417947922199e-01 1.7271955515923609e-01 3.8494345452525786e-01
185 7.2177298565608960e-03 -4.4689612627165087e-01 3.4878209492755596e-01 5.0175734841160691e-01
186 2.6391641737187256e-02 -4.1795102755790436e-01 2.6477546089615916e-01 4.5706719967658760e-01
187 4.4341507751961245e-02 -3.8469018403321265e-01 1.7271955515923607e-01 3.8494345452525774e-01
188 -2.0806171346496971e-01 -5.5930913760751899e-01 1.0256231707880581e+00 4.8055568483566641e-01
189 1.4788189176247288e-02 -1.8480237217721901e-01 1.2095346082162039e-02 -1.0608930495033667e-01
190 -1.8714637072052984e-02 -1.4582778185971615e-01 4.8982935533002848e-02 -2.1414291971149296e-01
191 -4.5868985385117772e-02 -1.2036517944762391e-01 8.8290988854772295e-02 -2.8721843927978125e-01
192 -7.3323184372019054e-02 -9.9579461765289992e-02 1.2649151083410279e-01 -3.3217029082347804e-01
193 -5.3923995741361527e-03 -1.5887619362156014e-01 3.4035828107358633e-02 -1.8256278542634435e-01
194 -7.4526026498308806e-02 -9.5318954266245343e-02 1.3289836422742191e-01 -3.4293139398804801e-01
195 -2.3887795395363726e-01 -5.3445421478961364e-01 1.1328123820901272e+00 4.2625835074894969e-01
196 -2.4116526831971105e-01 -5.4344100765103198e-01 1.1296384661512793e+00 4.2915072520669911e-01
197 -4.0714302180448009e-01 -3.0562894180683545e-03 7.1045357303207535e-01 -5.5777492401845863e-01
198 -3.1640737593222890e-01 -8.7381220375894776e-03 5.6145059442509748e-01 -5.5635589548410935e-01
199 -4.6660441217479420e-01 -3.6155131035680473e-03 7.8721972142545693e-01 -5.4707872701925198e-01
200 -6.2560149254462533e-03 -1.5374934837131518e-01 3.5003074932465544e-02 -1.8570725996403287e-01
201 -7.5741910588750280e-02 -9.6795762409570857e-02 1.3411918445881665e-01 -3.4783967184222397e-01
202 -6.0263849750563344e-03 -1.5543234088267158e-01 3.4497657407904468e-02 -1.8341883964853925e-01
203 5.2929001517272652e-02 -2.6946244189886043e-01 1.2690637175514935e-02 1.1123377968828400e-01
204 3.8367398892688136e-02 -2.2502652684412675e-01 4.3956273478786884e-34 -9.7532261914515045e-18
205 3.8807725294479234e-02 -2.2700214944805883e-01 2.6800589199649235e-33 -3.2500362679034615e-17
206 -5.3195805635835010e-03 -1.5778030962488510e-01 3.4035828107358626e-02 -1.8256278542634433e-01
207 -1.2967376179530091e-01 -6.2782625786394319e-02 2.2507392063356085e-01 -4.2749907082056998e-01
208 -1.5799104176799106e-01 -5.0286824585705159e-02 2.7164108367189627e-01 -4.5620288597631203e-01
209 5.2399409885656154e-02 -3.7124538501733056e-01 1.2649151083410279e-01 3.3217029082347804e-01
210 5.0505395675511322e-02 -3.6582665460964814e-01 1.3289836422742191e-01 3.4293139398804801e-01
211 -5.2453338133128702e-01 -1.0036012620010300e-02 9.2290209630794984e-01 -5.1585383113520300e-01
212 -6.3488767862187334e-01 -2.8093501956575489e-02 1.0943104332687348e+00 -4.4895239660198361e-01
213 -7.2132557859217250e-01 -5.4817872252598251e-02 1.2453011536443861e+00 -3.5374068758444993e-01
214 -7.8907541516287394e-01 -7.3105445641057878e-02 1.3105686704353017e+00 -2.9869189283938663e-01
215 -7.1424302556658625e-01 -5.1514832353937626e-02 1.2231480852840484e+00 -3.6465077332371182e-01
216 -2.2997922702596521e-01 -5.4994904884145857e-01 1.0943104332687348e+00 4.4895239660198361e-01
217 -2.6009400414090916e-01 -5.3778908286710181e-01 1.1816624408259702e+00 3.9603749319989995e-01
218 -2.8153308270591654e-01 -5.4018829901684640e-01 1.2303750464655392e+00 3.6455427705866850e-01
219 -7.1613258035551741e-02 -5.0229821588344892e-01 6.4185192748951281e-01 5.6435866619051500e-01
220 -2.6946840219702433e-02 -4.7260593954232055e-01 4.7788633313730855e-01 5.3727627424904145e-01
221 -7.9563605856593708e-02 -5.1028628118277475e-01 6.6350479162267517e-01 5.6165941423120946e-01
222 -1.0539552624624034e-01 -7.8265774887650047e-02 1.8137938601655881e-01 -3.9276566029618670e-01
223 -1.5056268974451337e-01 -5.2760644199568545e-02 2.6477546089615916e-01 -4.5706719967658765e-01
224 -2.1743032276538296e-01 -3.0423853291421447e-02 3.7600476842715758e-01 -5.0969429356249707e-01
225 -6.8150057807730158e-01 -4.2180567443960711e-02 1.1816624408259702e+00 -3.9603749319989995e-01
226 -7.6563734778609382e-01 -6.6947574242576163e-02 1.2935045649084049e+00 -3.1560623700112278e-01
227 -2.1310752322271237e-01 -2.9732006456131607e-02 3.7600476842715758e-01 -5.0969429356249707e-01
228 -1.5024001952998370e-01 -5.4241329843576901e-02 2.6216349114017679e-01 -4.5740349815083658e-01
229 -2.6745397726821690e-01 -1.6852306297774435e-02 4.7451655874963172e-01 -5.4241887665746558e-01
230 -1.3727208785143527e-01 -5.3970635228966268e-01 8.3422824305241328e-01 5.4062010245489889e-01
231 -8.0796187928096813e-02 -5.1827768816685704e-01 6.6350479162267506e-01 5.6165941423120935e-01
232 -1.3170140176502895e-01 -5.3915162077287004e-01 8.2271700875432041e-01 5.4839327977941210e-01
233 -1.7955601570354643e-01 -5.3486487458067555e-01 9.6906492104313957e-01 5.0267212642755188e-01
234 -1.2969752045917768e-01 -5.3061512395132870e-01 8.2092873533874944e-01 5.4577390447918939e-01
235 -1.7806796645546472e-01 -5.3041528594069109e-01 9.6906492104313957e-01 5.0267212642755188e-01
236 -3.4952306434843178e-01 -5.0974272227661240e-03 6.2358098060873379e-01 -5.5658974199218247e-01
237 -2.2979884813955842e-01 -2.6046721922729315e-02 4.0494178438776468e-01 -5.2630869080820297e-01
238 -3.1543701707753141e-01 -8.7906044027936236e-03 5.6145059442509748e-01 -5.5635589548410935e-01
239 -6.6041923565520322e-01 -3.4319188913768964e-02 1.1328123820901272e+00 -4.2625835074894969e-01
240 -6.0901169493515628e-01 -2.8247358381343134e-02 1.1060077580236189e+00 -4.4160634373173258e-01
241 -2.7603410922686655e-01 -1.6097544754215130e-02 4.7788633313730866e-01 -5.3727627424904156e-01
242 -1.6965071997583528e-01 -4.5510554778248641e-02 2.9626809865875092e-01 -4.7313308204660587e-01
243 -7.6769965464339340e-02 -9.4675278545502728e-02 1.3688762718395495e-01 -3.4984573043055017e-01
244 4.4994655814208320e-02 -3.8077789411773905e-01 1.6667030405338309e-01 3.7889938341944912e-01
245 9.9554896403664141e-03 -4.4078590253227606e-01 3.3832881418478178e-01 4.9938863230884162e-01
246 2.7316343345616816e-02 -4.2217359891946776e-01 2.6216349114017673e-01 4.5740349815083653e-01
247 3.8734537554186162e-02 -2.2615681901071974e-01 2.5493169231970320e-33 -3.2499242188395202e-17
248 -7.6079991878082717e-02 -9.7453141993203138e-02 1.3289836422742191e-01 -3.4293139398804801e-01
249 1.4690583202545267e-02 -1.8330981610562971e-01 1.2095346082162041e-02 -1.0608930495033668e-01
250 -4.5183255578470694e-02 -1.1778979168466447e-01 8.8290988854772295e-02 -2.8721843927978125e-01
251 -1.8683032579201873e-02 -1.4476572595335199e-01 4.8982935533002848e-02 -2.1414291971149296e-01
252 -8.0795373697592399e-01 -8.4294126395657101e-02 1.3587389955007274e+00 -2.5854152221152110e-01
253 -7.7233180445295158e-01 -7.2917333922466188e-02 1.3204743552583829e+00 -2.9229956815556501e-01
254 5.0415350504587432e-02 -3.6544387278045670e-01 1.3411918445881668e-01 3.4783967184222409e-01
255 5.8122202532009150e-02 -3.0361738625173673e-01 3.5003074932465537e-02 1.8570725996403284e-01
256 -6.7262772863894149e-02 -4.9298452500456974e-01 6.2358098060873379e-01 5.5658974199218247e-01
257 -1.9477468897762241e-02 -1.4474191802887193e-01 4.9534638434672359e-02 -2.1402002330401426e-01
258 1.3948341152887020e-02 -1.8166003389685753e-01 1.2975382420318300e-02 -1.1208279481544134e-01
259 3.8991335521822816e-02 -2.2809723803515161e-01 1.5854620159577125e-33 -2.6001912559183850e-17
260 -5.3045740229818852e-02 -4.9642399750583693e-01 5.7380941471445901e-01 5.5756832292798342e-01
261 -7.8553842403668681e-02 -5.2158694222682256e-01 6.4887478919325037e-01 5.5648375281561657e-01
262 -1.2841064698817498e-01 -5.4886441571351696e-01 7.9796736440312743e-01 5.4533760324285008e-01
263 -6.4762269109406567e-01 -3.3671248114665861e-02 1.1328123820901272e+00 -4.2625835074894969e-01
264 -2.8493126790762383e-02 -5.0048173889298109e-01 4.7788633313730866e-01 5.3727627424904156e-01
265 -2.8162906808555904e-01 -5.4037428152424560e-01 1.2303750464655392e+00 3.6455427705866850e-01
266 -3.1010853794484067e-01 -5.3939899188116869e-01 1.2935045649084049e+00 3.1560623700112278e-01
267 -3.1699666307051649e-01 -5.2844333906325036e-01 1.3204743552583824e+00 2.9229956815556496e-01
268 -1.2386964258829245e-02 -4.6197691635784821e-01 4.2792217970586455e-01 5.3110611449573419e-01
269 -6.1712037360692387e-03 -4.6232176277405140e-01 4.0494178438776468e-01 5.2630869080820297e-01
270 -1.9316659807936669e-02 -4.7782035963028052e-01 4.5095238094450230e-01 5.3538953095443920e-01
271 2.4481274190176837e-02 -4.3055832005932515e-01 2.7164108367189627e-01 4.5620288597631209e-01
272 3.4083092109493236e-02 -4.0383153235152180e-01 2.2507392063356083e-01 4.2749907082056993e-01
273 1.4498566819626170e-02 -1.8267072382698601e-01 1.2690637175514935e-02 -1.1123377968828400e-01
274 1.4344017137313224e-02 -1.8213175493479636e-01 1.2690637175514939e-02 -1.1123377968828402e-01
275 3.8308982657931041e-02 -2.2478434618905202e-01 4.3956273478786884e-34 -9.7532261914515045e-18
276 -6.5558579369632031e-01 -3.3522482307398085e-02 1.1296384661512793e+00 -4.2915072520669911e-01
277 -6.4444920589936483e-01 -3.3178150552731989e-02 1.1328123820901272e+00 -4.2625835074894969e-01
278 -6.1009964745669254e-01 -2.7975266983022374e-02 1.1060077580236189e+00 -4.4160634373173258e-01
279 -7.9007063775386521e-01 -6.9057876617805866e-02 1.2935045649084049e+00 -3.1560623700112278e-01
280 -7.7449674940370727e-01 -7.3105071664401708e-02 1.3204743552583829e+00 -2.9229956815556501e-01
281 -8.1316246314781904e-01 -8.4828345943704531e-02 1.3587389955007274e+00 -2.5854152221152110e-01
282 -3.7159075405613995e-01 -3.6191886056770001e-03 6.6350479162267506e-01 -5.6165941423120935e-01
283 -4.6338720292183772e-01 -4.2971639438821492e-03 8.3422824305241339e-01 -5.4062010245489900e-01
284 -1.2926745778208437e-01 -5.2912860255482463e-01 8.2271700875432041e-01 5.4839327977941210e-01
285 6.0298897374200217e-02 -3.1631156754443823e-01 3.8401100272322596e-02 1.9635392472113886e-01
286 5.9155055323918515e-02 -3.1827512405220748e-01 4.8982935533002848e-02 2.1414291971149296e-01
287 3.9031100071679245e-02 -2.2758716525584935e-01 1.1890965119682846e-33 -1.9501434419387894e-17
288 5.2930554183124902e-02 -2.6859572237663742e-01 1.2690637175514935e-02 1.1123377968828400e-01
289 -1.9119647949432839e-01 -3.7161897572163115e-02 3.3832881418478172e-01 -4.9938863230884156e-01
290 -2.3255135885204631e-01 -2.6719986825238885e-02 4.0494178438776468e-01 -5.2630869080820297e-01
291 -3.1793108142185855e-01 -9.1522597015529818e-03 5.6145059442509748e-01 -5.5635589548410935e-01
292 2.3233627591276819e-02 -4.2886634733337897e-01 2.8168096092254946e-01 4.6920996034135043e-01
293 -4.6950322938342615e-01 -4.0043989014935649e-03 7.8721972142545693e-01 -5.4707872701925198e-01
294 3.8756399854458126e-02 -2.2635034763631059e-01 2.8140618659631698e-33 -3.4125380812986348e-17
295 3.8133889855827857e-02 -2.2201975232173984e-01 2.4218510770371805e-33 -3.0874280078975444e-17
296 5.7496751051615981e-02 -2.9791175480752119e-01 3.4035828107358626e-02 1.8256278542634433e-01
297 -3.1979976822387612e-01 -5.3734519067118391e-01 1.3157382331435754e+00 2.9614632239432526e-01
298 -4.5704154478308563e-02 -1.1907277229303616e-01 8.8290988854772295e-02 -2.8721843927978125e-01
299 -1.8829873200461224e-02 -1.4541893263831329e-01 4.8982935533002848e-02 -2.1414291971149296e-01
300 2.4204255546813644e-02 -4.2435034791518589e-01 2.7164108367189627e-01 4.5620288597631203e-01
301 -6.0904299822943115e-03 -4.6307517989420560e-01 4.0494178438776468e-01 5.2630869080820297e-01
302 -1.9276714079629609e-02 -4.7853273116385248e-01 4.5095238094450224e-01 5.3538953095443909e-01
303 -1.3572734382985502e-01 -5.4485320104221313e-01 8.2903337735786020e-01 5.4416047518293476e-01
304 -1.7076195127428206e-01 -5.5203976674720046e-01 9.2506668392088409e-01 5.1584591671308599e-01
305 -2.0797171733061606e-01 -5.5913469590781995e-01 1.0256231707880579e+00 4.8055568483566635e-01
306 -5.8664930895965930e-02 -1.0714967734300755e-01 1.0692964784092700e-01 -3.1023550731070487e-01
307 -6.9316598962550394e-02 -5.0846034497732218e-01 6.2358098060873368e-01 5.5658974199218236e-01
308 5.3895511987633350e-02 -3.5328936824712776e-01 1.0692964784092698e-01 3.1023550731070487e-01
309 4.3330175563479241e-02 -3.9516036629721446e-01 1.8137938601655881e-01 3.9276566029618670e-01
310 5.8800343297535890e-02 -3.1649263095557711e-01 4.8109510998316785e-02 2.1614644748618922e-01
311 -1.3811269157889555e-01 -5.8274192608431030e-02 2.4018959432584086e-01 -4.3807980236396427e-01
312 -1.7671958516711633e-01 -4.3987765485374489e-02 3.0786305834269151e-01 -4.8596184242002982e-01
313 -7.8991739395114935e-01 -6.9165598356695182e-02 1.2935045649084049e+00 -3.1560623700112278e-01
314 -6.9857687540806890e-01 -5.0640659854900939e-02 1.2303750464655392e+00 -3.6455427705866850e-01
315 -7.7434140334367352e-01 -7.3246079239452977e-02 1.3204743552583829e+00 -2.9229956815556501e-01
316 5.7351887585915647e-02 -3.4673580294377848e-01 8.8290988854772323e-02 2.8721843927978130e-01
317 4.5426012984438623e-02 -3.8256540179065479e-01 1.6667030405338318e-01 3.7889938341944934e-01
318 -5.4313328503768499e-01 -1.3122422463198245e-02 9.6906492104313968e-01 -5.0267212642755188e-01
319 6.1187871300715846e-02 -3.3114477433284256e-01 4.9534638434672353e-02 2.1402002330401423e-01
320 -3.1005322621255510e-01 -5.3930692398339675e-01 1.2935045649084049e+00 3.1560623700112278e-01
321 -3.1692525434499297e-01 -5.2831138085567542e-01 1.3204743552583829e+00 2.9229956815556501e-01
322 5.3690760720500962e-02 -2.7129232842607959e-01 1.2095346082162037e-02 1.0608930495033665e-01
323 -3.3732310406420396e-01 -5.3084753566175147e-01 1.3587389955007274e+00 2.5854152221152110e-01
324 -3.5616558332828685e-01 -5.4223815769269779e-01 1.3796296219838442e+00 2.3795400006033743e-01
325 -3.5212516674550898e-01 -5.4978541771590039e-01 1.3621940201893381e+00 2.5376749812552601e-01
326 -3.3735232272142579e-01 -5.3089474456916153e-01 1.3587389955007274e+00 2.5854152221152110e-01
327 -3.3950297132407664e-01 -5.3428820715483794e-01 1.3587389955007274e+00 2.5854152221152110e-01
328 1.4093539429630538e-02 -1.8306787222587104e-01 1.2975382420318300e-02 -1.1208279481544134e-01
329 -1.6858354713473040e-02 -1.4736490293648996e-01 4.8109510998316785e-02 -2.1614644748618922e-01
330 3.8245599569536604e-02 -2.2390258370597446e-01 3.1732610882145195e-33 -3.7373970053154604e-17
331 -9.8436481848319018e-02 -7.9915356467933463e-02 1.7271955515923607e-01 -3.8494345452525774e-01
332 -4.9180343125413736e-02 -1.1449304912203988e-01 9.4014140096529669e-02 -2.9535947914074007e-01
333 -1.2972619711642147e-01 -5.3064230639268051e-01 8.2092873533874944e-01 5.4577390447918939e-01
334 -5.2251180527033300e-02 -4.8855598252888799e-01 5.7380941471445923e-01 5.5756832292798364e-01
335 -9.4317262584186684e-02 -5.1270002701258088e-01 7.1251952077938996e-01 5.5805323460678624e-01
336 -1.2326963895698888e-01 -5.2685279763261128e-01 7.9796736440312743e-01 5.4533760324285008e-01
337 -7.8117743977299658e-01 -7.2860124893974684e-02 1.3157382331435752e+00 -2.9614632239432520e-01
338 -7.9119387886323847e-02 -5.0697349785582901e-01 6.6350479162267506e-01 5.6165941423120935e-01
339 -7.9478158060828599e-02 -5.0941025050496980e-01 6.6350479162267506e-01 5.6165941423120935e-01
340 -1.3221422326071175e-01 -5.1963721226846915e-01 8.3422824305241339e-01 5.4062010245489900e-01
341 4.5372033385994423e-02 -3.8295944441152890e-01 1.6667030405338318e-01 3.7889938341944934e-01
342 2.7781695753939087e-02 -4.2738957328417276e-01 2.6216349114017673e-01 4.5740349815083653e-01
343 1.0087790579586142e-02 -4.4165306747022676e-01 3.3832881418478183e-01 4.9938863230884173e-01
344 -1.6139133903006497e-01 -4.9343836550802357e-02 2.8168096092254941e-01 -4.6920996034135037e-01
345 -2.7469949672223282e-01 -1.5989750348885917e-02 4.7788633313730866e-01 -5.3727627424904156e-01
346 -4.6311964630007008e-01 -4.0461933677909895e-03 8.2271700875432041e-01 -5.4839327977941210e-01
347 -4.8135715626189324e-01 -4.8789133234358739e-03 8.3422824305241339e-01 -5.4062010245489900e-01
348 -5.5442161159071557e-01 -1.3822644189171436e-02 9.8220276197069922e-01 -5.0315389013412148e-01
349 -5.4658269764739864e-01 -1.0497640217135779e-02 9.2290209630794984e-01 -5.1585383113520300e-01
350 -6.3727180795841465e-01 -2.8234736887290290e-02 1.0943104332687348e+00 -4.4895239660198366e-01
351 -1.8491034550168972e-01 -5.4222434998196667e-01 9.8220276197069933e-01 5.0315389013412148e-01
352 -5.5682724621714530e-01 -1.3507012670208648e-02 9.8220276197069933e-01 -5.0315389013412148e-01
353 2.6232900645836794e-02 -4.1811743480760433e-01 2.6477546089615916e-01 4.5706719967658765e-01
354 -2.6327296946215363e-02 -4.7639014650241401e-01 4.7872446313188677e-01 5.4300198268577637e-01
355 -3.6700337648519343e-01 -4.2524290548277008e-03 6.4887478919325026e-01 -5.5648375281561646e-01
356 -4.6500936083682265e-01 -4.2063023770638622e-03 8.2092873533874944e-01 -5.4577390447918939e-01
357 -9.6398042735352948e-02 -5.2452140460163710e-01 7.1251952077938996e-01 5.5805323460678624e-01
358 -5.2989698895872746e-02 -4.9630460196220222e-01 5.7380941471445912e-01 5.5756832292798353e-01
359 -1.2835361809680346e-01 -5.4876560135635455e-01 7.9796736440312732e-01 5.4533760324285008e-01
360 -9.6471391301955492e-02 -5.2468075465365305e-01 7.1251952077939029e-01 5.5805323460678635e-01
361 5.3232193680271850e-02 -2.7111305136438230e-01 1.2975382420318298e-02 1.1208279481544131e-01
362 5.8764577616125788e-02 -3.1624773025673664e-01 4.8109510998316778e-02 2.1614644748618919e-01
363 5.4314317251934863e-02 -3.5690628146645909e-01 1.0744318662038026e-01 3.0948665712793677e-01
364 3.4388968332371136e-02 -4.0679920608547421e-01 2.2507392063356085e-01 4.2749907082056998e-01
365 -5.2255257377273066e-02 -4.8850460932060485e-01 5.7380941471445912e-01 5.5756832292798353e-01
366 -9.4300824576545178e-02 -5.1260761029413604e-01 7.1251952077939029e-01 5.5805323460678635e-01
367 -5.4652699167310514e-01 -1.3545210396890323e-02 9.7572820305573182e-01 -5.0051222128757478e-01
368 -5.2475268855027191e-01 -9.7588264421313315e-03 9.2290209630794984e-01 -5.1585383113520300e-01
369 5.4039370848132484e-02 -3.5285477529061604e-01 1.0692964784092698e-01 3.1023550731070487e-01
370 -5.9458873771265387e-03 -1.5616430633152723e-01 3.4497657407904461e-02 -1.8341883964853922e-01
371 -6.5212641890183817e-02 -5.3008259328874019e-01 6.0327178246309854e-01 5.5964072451765035e-01
372 -1.3581847782185769e-01 -5.4505415140095370e-01 8.2903337735786020e-01 5.4416047518293476e-01
373 -7.2384068083078665e-02 -9.7706868263963353e-02 1.2649151083410279e-01 -3.3217029082347804e-01
374 -1.2881219792744178e-01 -6.2294103039045041e-02 2.2507392063356088e-01 -4.2749907082057009e-01
375 -6.2101233880857376e-01 -2.6460161278017851e-02 1.0899377942918733e+00 -4.5382887798642202e-01
376 1.9468826269124002e-02 -4.3908112546378569e-01 2.9626809865875092e-01 4.7313308204660587e-01
377 -2.7488841149795287e-02 -4.8062605632925209e-01 4.7788633313730855e-01 5.3727627424904145e-01
378 2.7847367493088533e-02 -4.2705973957115073e-01 2.6216349114017673e-01 4.5740349815083653e-01
379 1.0168074167733311e-02 -4.4125049414751077e-01 3.3832881418478178e-01 4.9938863230884162e-01
380 -1.6889735727444809e-02 -1.4708720077639090e-01 4.8109510998316785e-02 -2.1614644748618922e-01
381 -1.0549610128731013e-01 -7.7897690456135274e-02 1.8137938601655881e-01 -3.9276566029618670e-01
382 -5.9982082320930684e-02 -1.0760123586272333e-01 1.0744318662038023e-01 -3.0948665712793672e-01
383 3.8799699518267873e-02 -2.2593625881793900e-01 2.2751829473193155e-33 -3.1200109141313625e-17
384 5.3355836465257954e-02 -2.7049345003427122e-01 1.2095346082162037e-02 1.0608930495033665e-01
385 -7.1670199560891323e-02 -5.0259569809589677e-01 6.4185192748951281e-01 5.6435866619051500e-01
386 -1.2932137217451575e-01 -5.2926955325882308e-01 8.2271700875432041e-01 5.4839327977941210e-01
387 -1.9113031315913367e-01 -3.7231932314275920e-02 3.3832881418478178e-01 -4.9938863230884162e-01
388 -1.5208263290058524e-01 -5.5014508613991278e-02 2.6216349114017679e-01 -4.5740349815083658e-01
389 -2.6944653630600002e-01 -1.7050950953008973e-02 4.7451655874963161e-01 -5.4241887665746547e-01
390 2.4023604285343999e-02 -4.4040272237852701e-01 2.8168096092254941e-01 4.6920996034135037e-01
391 5.1689348210033348e-02 -3.7353010795689440e-01 1.3289836422742191e-01 3.4293139398804801e-01
392 2.5155801771552140e-02 -4.3895904174763667e-01 2.7164108367189627e-01 4.5620288597631203e-01
393 -2.4000146896399019e-01 -5.3693819329665438e-01 1.1328123820901272e+00 4.2625835074894969e-01
394 5.2468229439679201e-02 -3.7155997982150124e-01 1.2649151083410282e-01 3.3217029082347815e-01
395 3.4391722025940492e-02 -4.0628862950979638e-01 2.2507392063356085e-01 4.2749907082056998e-01
396 5.9034223451221203e-02 -3.0416886661507858e-01 3.1555999614104047e-02 1.6986184842234822e-01
397 5.4161468805283809e-02 -3.8261562361363022e-01 1.2649151083410282e-01 3.3217029082347815e-01
398 -1.2352550197218280e-02 -4.5972628021201517e-01 4.2792217970586444e-01 5.3110611449573397e-01
399 -3.0094491483518396e-02 -4.6998104716420136e-01 4.9412655199868405e-01 5.4549942894319337e-01
400 1.7865883425875743e-02 -4.4091562964209380e-01 3.0786305834269151e-01 4.8596184242002982e-01
401 5.8968980325506688e-02 -3.1848247154468912e-01 4.9534638434672359e-02 2.1402002330401426e-01
402 5.3925087531779110e-02 -2.7343348262391676e-01 1.2197446241577710e-02 1.0546773935820711e-01
403 5.5608264386726142e-02 -3.4500887983156719e-01 9.4014140096529669e-02 2.9535947914074007e-01
404 2.6238609469737672e-02 -4.1825975298929413e-01 2.6477546089615916e-01 4.5706719967658765e-01
405 5.4336791387439340e-02 -3.5705810905961083e-01 1.0744318662038024e-01 3.0948665712793677e-01
406 -3.4590302908322013e-01 -6.3134659438151492e-03 6.0327178246309865e-01 -5.5964072451765046e-01
407 -4.6867413548410702e-01 -4.3951136016481766e-03 8.2903337735786020e-01 -5.4416047518293476e-01
408 5.7845943417682157e-02 -3.0038792437760453e-01 3.4035828107358619e-02 1.8256278542634427e-01
409 5.7077148498770096e-02 -2.9750820820243434e-01 3.4497657407904454e-02 1.8341883964853919e-01
410 -9.6217707406256708e-02 -5.2675679106642814e-01 7.1045357303207524e-01 5.5777492401845863e-01
411 -6.2698047184206393e-02 -5.0889807582805102e-01 6.0327178246309865e-01 5.5964072451765046e-01
412 -2.5094051581193950e-02 -4.7500098695886045e-01 4.7451655874963172e-01 5.4241887665746558e-01
413 -2.0246191949217219e-02 -1.5043359537205384e-01 4.9534638434672359e-02 -2.1402002330401426e-01
414 1.4482530373449258e-02 -1.8609253934445885e-01 1.2197446241577715e-02 -1.0546773935820715e-01
415 -2.2503950190090252e-01 -5.4438898672006353e-01 1.0899377942918733e+00 4.5382887798642202e-01
416 -2.2859991253640635e-01 -5.3452974799378972e-01 1.1104390726839433e+00 4.4337567731088168e-01
417 -2.7460498507461728e-01 -5.3230331742785553e-01 1.2245557139075991e+00 3.6892098135490353e-01
418 -2.6665831079005109e-01 -2.0517457137064425e-02 4.5095238094450224e-01 -5.3538953095443909e-01
419 -2.3120077174889597e-01 -2.6624094245717666e-02 4.0494178438776468e-01 -5.2630869080820297e-01
420 -3.5448529366321102e-01 -5.5515701489674630e-03 6.2358098060873379e-01 -5.5658974199218247e-01
421 3.9243962165802504e-02 -2.2968317937957300e-01 2.9480648119614161e-33 -3.5750398946938081e-17
422 1.4467885813317621e-02 -1.8230637709281469e-01 1.2690637175514935e-02 -1.1123377968828400e-01
423 -3.1978991739128326e-01 -5.3733969057677811e-01 1.3157382331435752e+00 2.9614632239432520e-01
424 -2.7530175790119671e-01 -5.3367848948827135e-01 1.2245557139075991e+00 3.6892098135490353e-01
425 -1.9954569833203728e-01 -3.5233340840214421e-02 3.4878209492755585e-01 -5.0175734841160680e-01
426 -4.7179641826427821e-01 -4.0563397094470896e-03 7.9796736440312743e-01 -5.4533760324285008e-01
427 -4.6852587234655274e-01 -4.3567210248797589e-03 8.1952416224914348e-01 -5.4582866756351711e-01
428 -1.9891083943708260e-01 -3.4890973308897497e-02 3.4878209492755585e-01 -5.0175734841160680e-01
429 -3.1914598985359249e-01 -7.8400348724268817e-03 5.7380941471445923e-01 -5.5756832292798364e-01
430 -2.3883940774222467e-01 -2.1999236596975752e-02 4.2792217970586444e-01 -5.3110611449573397e-01
431 -2.5079574905203173e-02 -4.7820428796529629e-01 4.7451655874963161e-01 5.4241887665746547e-01
432 -6.5125418291157949e-02 -5.2984967766514057e-01 6.0327178246309865e-01 5.5964072451765046e-01
433 -3.1999817980881973e-01 -5.5665705373049434e-01 1.2935045649084049e+00 3.1560623700112278e-01
434 -3.1788278654354901e-01 -5.2995471662494109e-01 1.3204743552583829e+00 2.9229956815556501e-01
435 -3.3952199658993087e-01 -5.3432988354041089e-01 1.3587389955007274e+00 2.5854152221152110e-01
436 -7.8512395571445875e-02 -5.2152772838056716e-01 6.4887478919325037e-01 5.5648375281561657e-01
437 -8.1312261609125147e-01 -8.4885452364293248e-02 1.3587389955007274e+00 -2.5854152221152110e-01
438 -8.4136189463861299e-01 -8.8967139336774026e-02 1.3621940201893381e+00 -2.5376749812552601e-01
439 -4.0922183087542580e-01 -3.1454575049952595e-03 7.1045357303207535e-01 -5.5777492401845863e-01
440 -3.6031553019505047e-01 -6.6626812860198737e-03 6.0327178246309854e-01 -5.5964072451765035e-01
441 -4.8182859257769195e-01 -4.5812835369167535e-03 8.2903337735786020e-01 -5.4416047518293476e-01
442 -5.4777626944601276e-01 -1.3198245008869219e-02 9.6906492104313968e-01 -5.0267212642755188e-01
443 -5.8784394619462700e-02 -1.0551054156846354e-01 1.0744318662038023e-01 -3.0948665712793672e-01
444 -5.0471765272506706e-03 -1.6229384922902754e-01 3.1555999614104061e-02 -1.6986184842234830e-01
445 -1.7998307931442736e-04 -4.4939018329609126e-01 3.7600476842715758e-01 5.0969429356249707e-01
446 -3.5217219174270331e-01 -5.4987239625766593e-01 1.3621940201893381e+00 2.5376749812552601e-01
447 -1.6582435883905755e-04 -4.4920874252480919e-01 3.7600476842715758e-01 5.0969429356249707e-01
448 -3.6018494255869843e-01 -6.8997004987582447e-03 6.0327178246309865e-01 -5.5964072451765046e-01
449 -3.1527587494053544e-01 -9.1312741369440308e-03 5.6145059442509737e-01 -5.5635589548410924e-01
450 -4.5510508591640059e-01 -3.9221791268692664e-03 7.8721972142545682e-01 -5.4707872701925186e-01
451 -4.9537198837856875e-03 -1.5613554928945531e-01 3.1555999614104061e-02 -1.6986184842234830e-01
452 3.8798243517687382e-02 -2.2532051670519815e-01 2.4173818815267730e-33 -3.3150115962645734e-17
453 7.3817270234699337e-03 -4.4845502665817283e-01 3.4878209492755596e-01 5.0175734841160691e-01
454 3.1079535625701624e-02 -4.1090388659594906e-01 2.4018959432584094e-01 4.3807980236396438e-01
455 -1.2344255630440126e-02 -4.6189442920451784e-01 4.2792217970586455e-01 5.3110611449573419e-01
456 -2.5356544648295959e-01 -5.2434370753785697e-01 1.1816624408259702e+00 3.9603749319989995e-01
457 -1.3058807412016921e-01 -5.3506371527756558e-01 8.1952416224914360e-01 5.4582866756351711e-01
458 -4.5288893809679354e-01 -3.8836607587468481e-03 7.9796736440312743e-01 -5.4533760324285008e-01
459 -4.8170018122056263e-01 -4.7924109569661526e-03 8.2903337735786020e-01 -5.4416047518293476e-01
460 5.8810688097429613e-02 -3.1755099113325824e-01 4.8982935533002848e-02 2.1414291971149296e-01
461 -1.6735741586714004e-01 -5.4092684305973227e-01 9.2506668392088409e-01 5.1584591671308599e-01
462 -4.5312073399232861e-01 -3.8112996658465200e-03 8.1952416224914348e-01 -5.4582866756351711e-01
463 -4.6791611923078635e-01 -3.6777674796852995e-03 8.2271700875432041e-01 -5.4839327977941210e-01
464 -5.3831559311864341e-01 -1.4619810248300827e-02 9.9306091760022819e-01 -4.9335646769050379e-01
465 -1.0549528698366506e-01 -7.8018421691613687e-02 1.8137938601655881e-01 -3.9276566029618670e-01
466 -6.6411952530313711e-01 -4.1223031450752436e-02 1.1816624408259702e+00 -3.9603749319989995e-01
467 5.3308532700936322e-02 -3.4970281357266797e-01 1.0744318662038023e-01 3.0948665712793672e-01
468 5.8939500484963721e-02 -3.1862865840501675e-01 4.9534638434672353e-02 2.1402002330401423e-01
469 4.4301306268653674e-02 -3.8483318773155428e-01 1.7271955515923607e-01 3.8494345452525774e-01
470 -1.9131396459871242e-01 -3.6883307128995374e-02 3.3832881418478172e-01 -4.9938863230884156e-01
471 -2.6960553199835618e-01 -1.6756967218667228e-02 4.7451655874963172e-01 -5.4241887665746558e-01
472 -3.5709637313292425e-01 -4.6897633343093194e-03 6.4185192748951281e-01 -5.6435866619051500e-01
473 -4.5503672119612332e-01 -3.5863975066414309e-03 7.8721972142545682e-01 -5.4707872701925186e-01
474 -5.4683371732132868e-01 -1.0228668103106771e-02 9.2290209630794984e-01 -5.1585383113520300e-01
475 -5.6210369076686750e-01 -1.3979373753857475e-02 9.7572820305573171e-01 -5.0051222128757467e-01
476 5.7432736477782846e-02 -3.0032783730431067e-01 3.5003074932465537e-02 1.8570725996403284e-01
477 3.1041538069657062e-02 -4.1098841626932259e-01 2.4018959432584094e-01 4.3807980236396438e-01
478 -2.7582838583747896e-02 -4.8292648393352955e-01 4.7788633313730866e-01 5.3727627424904156e-01
479 -3.1969368244794440e-02 -5.0766278567700218e-01 4.8890550571413055e-01 5.3973556591015104e-01
480 -7.7221787641206674e-01 -7.3056329629545919e-02 1.3204743552583829e+00 -2.9229956815556501e-01
481 -4.0904638284908212e-01 -3.4307054806685848e-03 7.1045357303207524e-01 -5.5777492401845863e-01
482 4.9875088457760994e-02 -3.6738635619575061e-01 1.3688762718395495e-01 3.4984573043055017e-01
483 1.9228142138508441e-02 -4.3329153023081818e-01 2.9626809865875092e-01 4.7313308204660587e-01
484 4.4390718824499041e-02 -3.8618905021166883e-01 1.7271955515923607e-01 3.8494345452525774e-01
485 3.4684166800574026e-02 -4.0843051500805910e-01 2.2507392063356088e-01 4.2749907082057009e-01
486 -6.0370082293840681e-03 -4.6588468613645623e-01 4.0494178438776468e-01 5.2630869080820297e-01
487 5.5576006878406310e-02 -3.4509562097326696e-01 9.4014140096529655e-02 2.9535947914074001e-01
488 5.3899184095290764e-02 -2.7352273647629932e-01 1.2197446241577715e-02 1.0546773935820715e-01
489 -3.9909329514100489e-01 -3.0939053985216450e-03 7.1251952077939018e-01 -5.5805323460678624e-01
490 3.9143318937280028e-02 -2.2953446146568654e-01 1.4855342395348149e-34 -6.5047691737172570e-18
491 -5.8877964112697423e-01 -1.9059772870144959e-02 1.0256231707880581e+00 -4.8055568483566641e-01
492 -6.6421362960208452e-01 -4.1070260440767843e-02 1.1816624408259702e+00 -3.9603749319989995e-01
493 -2.6374081729286143e-02 -4.7991106510654780e-01 4.7872446313188677e-01 5.4300198268577637e-01
494 -3.6660980251893444e-01 -4.3747027834673442e-03 6.4185192748951281e-01 -5.6435866619051500e-01
495 -1.2327154673644157e-01 -5.2681512958623800e-01 7.9796736440312743e-01 5.4533760324285008e-01
496 -3.7993686230477131e-01 -4.1535283124928936e-03 6.6350479162267506e-01 -5.6165941423120935e-01
497 -2.7386576562546211e-01 -5.2554942065310817e-01 1.2303750464655392e+00 3.6455427705866850e-01
498 -2.7453725981993221e-01 -5.1481855066909221e-01 1.2453011536443861e+00 3.5374068758444993e-01
499 -4.0849759270071301e-01 -3.0402310859494802e-03 7.1251952077938996e-01 -5.5805323460678624e-01
500 -2.7245922286126756e-01 -1.6291702036107299e-02 4.7872446313188677e-01 -5.4300198268577637e-01
501 -3.2427841125984358e-01 -8.0272282050410891e-03 5.7380941471445901e-01 -5.5756832292798342e-01
502 -3.2255661741079655e-01 -5.4445135011817936e-01 1.3105686704353021e+00 2.9869189283938674e-01
503 -2.3883270491849340e-01 -2.2089761447739040e-02 4.2792217970586444e-01 -5.3110611449573397e-01
504 -1.7673953658399738e-01 -4.4010172161053372e-02 3.0786305834269151e-01 -4.8596184242002971e-01
505 -4.7185832107281711e-01 -3.9743445280664607e-03 7.9796736440312743e-01 -5.4533760324285008e-01
506 -5.4188228936893579e-01 -1.0168570251019235e-02 9.2506668392088409e-01 -5.1584591671308599e-01
507 5.3998828464076970e-02 -3.5316800726342745e-01 1.0692964784092700e-01 3.1023550731070487e-01
508 5.7492024848416867e-02 -2.9921514296241386e-01 3.4497657407904454e-02 1.8341883964853919e-01
509 5.2930564026193949e-02 -2.6886686486198663e-01 1.2975382420318296e-02 1.1208279481544130e-01
510 -2.6335227045169076e-02 -4.7650164361138114e-01 4.7872446313188677e-01 5.4300198268577637e-01
511 -2.1754529664646563e-01 -3.0185405622500806e-02 3.7600476842715758e-01 -5.0969429356249707e-01
512 -1.2884470560788314e-01 -5.2779622975696039e-01 8.1952416224914360e-01 5.4582866756351711e-01
513 -1.9192658351296649e-01 -5.4612827326466240e-01 9.9306091760022830e-01 4.9335646769050384e-01
514 -9.5740345303466381e-02 -5.2382581752621193e-01 7.1045357303207535e-01 5.5777492401845863e-01
515 -3.5672941240225697e-01 -5.5500201678479388e-03 6.2358098060873368e-01 -5.5658974199218236e-01
516 4.3322628781135047e-02 -3.9495229504846235e-01 1.8137938601655881e-01 3.9276566029618670e-01
517 -1.6737681942770319e-01 -5.4100194807998991e-01 9.2506668392088409e-01 5.1584591671308599e-01
518 -2.2311594021148090e-01 -5.3976205153051060e-01 1.0899377942918731e+00 4.5382887798642191e-01
519 -3.1912017067645748e-01 -7.9753512165729179e-03 5.7380941471445912e-01 -5.5756832292798353e-01
520 -3.6699825528121177e-01 -4.3159086634608299e-03 6.4887478919325037e-01 -5.5648375281561657e-01
521 4.3438037947507821e-02 -3.9503293801544820e-01 1.8137938601655881e-01 3.9276566029618670e-01
522 -1.6575274114587232e-01 -5.1260905807306564e-02 2.8168096092254941e-01 -4.6920996034135037e-01
523 -7.0468996106681214e-01 -5.0001455615518019e-02 1.2245557139075991e+00 -3.6892098135490353e-01
524 -1.9694392181860830e-02 -4.9115654780007501e-01 4.5095238094450224e-01 5.3538953095443909e-01
525 -7.3686971474595644e-02 -5.1717111985835829e-01 6.4185192748951281e-01 5.6435866619051500e-01
526 -2.2199571618977279e-01 -5.1870886801980731e-01 1.1060077580236189e+00 4.4160634373173258e-01
527 -2.3999580912974977e-01 -2.2161910224202011e-02 4.2792217970586455e-01 -5.3110611449573419e-01
528 -3.7812661395078812e-01 -4.4149721560507969e-03 6.4887478919325037e-01 -5.5648375281561657e-01
529 -8.0791503888745120e-01 -8.4345549407035536e-02 1.3587389955007274e+00 -2.5854152221152110e-01
530 -8.4497394548687876e-01 -9.3134740569450161e-02 1.3796296219838442e+00 -2.3795400006033743e-01
531 -5.3402626083602200e-03 -1.5464454276870399e-01 3.4035828107358626e-02 -1.8256278542634433e-01
532 -2.4321280454346803e-01 -5.4802487583300863e-01 1.1296384661512793e+00 4.2915072520669911e-01
533 -2.8469322855591811e-01 -5.3382099626563395e-01 1.2453011536443861e+00 3.5374068758444993e-01
534 -2.3722110386166601e-01 -5.3073692309025544e-01 1.1328123820901272e+00 4.2625835074894969e-01
535 -2.5166851636921728e-02 -4.7851564938647323e-01 4.7451655874963161e-01 5.4241887665746547e-01
536 -6.4232486685147564e-05 -4.5857440537318256e-01 3.7600476842715758e-01 5.0969429356249707e-01
537 2.3555519404170010e-02 -4.3390816776512936e-01 2.8168096092254946e-01 4.6920996034135043e-01
538 5.0425541082524838e-02 -3.6588126457814141e-01 1.3411918445881665e-01 3.4783967184222397e-01
539 1.3890664850797266e-02 -1.8148364090950914e-01 1.2975382420318300e-02 -1.1208279481544134e-01
540 -1.9529060297080847e-02 -1.4463234759653379e-01 4.9534638434672359e-02 -2.1402002330401426e-01
541 -1.5069209558692070e-01 -5.2467429246842626e-02 2.6477546089615916e-01 -4.5706719967658760e-01
542 -9.8833242598135335e-02 -7.9979751219998146e-02 1.7271955515923607e-01 -3.8494345452525774e-01
543 -1.6747256089465142e-02 -1.4535614502880931e-01 4.8109510998316778e-02 -2.1614644748618919e-01
544 -7.5571838991892432e-02 -1.0278833864738617e-01 1.2649151083410282e-01 -3.3217029082347815e-01
545 5.3268473693951034e-06 -4.5833278836837765e-01 3.7600476842715758e-01 5.0969429356249707e-01
546 -2.5978323511232693e-01 -1.9545688980626995e-02 4.5095238094450230e-01 -5.3538953095443920e-01
547 3.8428094591532694e-02 -2.2467721991365172e-01 7.3260455797978137e-34 -1.6255376985752507e-17
548 1.4088874935766455e-02 -1.8285362952667239e-01 1.2975382420318300e-02 -1.1208279481544134e-01
549 -2.9517097440110329e-01 -1.5734435756323557e-02 4.8890550571413055e-01 -5.3973556591015104e-01
550 -1.8241914321503755e-01 -5.3488032230001581e-01 9.8220276197069933e-01 5.0315389013412148e-01
551 -1.3030694182072911e-01 -6.3589571567276182e-02 2.2507392063356085e-01 -4.2749907082056998e-01
552 -9.5122203484527851e-02 -8.2201106322293799e-02 1.6667030405338312e-01 -3.7889938341944923e-01
553 -6.3750180438279569e-01 -2.8011106403650732e-02 1.0943104332687348e+00 -4.4895239660198361e-01
554 -6.8783710976998480e-02 -5.0516692468144253e-01 6.2358098060873379e-01 5.5658974199218247e-01
555 -2.7355874427052129e-01 -1.3915930435330801e-02 4.9412655199868405e-01 -5.4549942894319337e-01
556 -4.9392314876495334e-02 -4.9278875719740423e-01 5.6145059442509748e-01 5.5635589548410935e-01
557 -4.9037569529579772e-02 -4.9091511501083313e-01 5.6145059442509748e-01 5.5635589548410935e-01
558 1.4737180872121303e-02 -1.8370238525719398e-01 1.2095346082162043e-02 -1.0608930495033671e-01
559 -3.4585117710503599e-01 -4.9848598542764936e-03 6.2358098060873368e-01 -5.5658974199218236e-01
560 -1.7351492532269697e-01 -4.6007452333270936e-02 2.9626809865875092e-01 -4.7313308204660587e-01
561 -6.5246423314066249e-01 -3.3077906279038935e-02 1.1296384661512791e+00 -4.2915072520669906e-01
562 -1.7959746540839439e-01 -5.3492240092668109e-01 9.6906492104313957e-01 5.0267212642755188e-01
563 -1.7083349072341389e-01 -5.5216959584706482e-01 9.2506668392088409e-01 5.1584591671308599e-01
564 -2.0222104350394701e-01 -5.4363930962577345e-01 1.0256231707880579e+00 4.8055568483566635e-01
565 -2.2923900315331716e-01 -5.4818724425433418e-01 1.0943104332687348e+00 4.4895239660198361e-01
566 -2.2243272988797816e-01 -5.1974442679873989e-01 1.1060077580236189e+00 4.4160634373173258e-01
567 -1.8408095919284725e-01 -5.3971991229399008e-01 9.8220276197069933e-01 5.0315389013412148e-01
568 -1.5781192947182993e-01 -5.0666796552665615e-02 2.7164108367189627e-01 -4.5620288597631209e-01
569 -1.6110705870436037e-01 -4.9776004615625466e-02 2.8168096092254941e-01 -4.6920996034135037e-01
570 -1.3815390357385413e-01 -5.8227856297948258e-02 2.4018959432584094e-01 -4.3807980236396438e-01
571 -1.3807310296937425e-01 -5.8127443099188075e-02 2.4018959432584092e-01 -4.3807980236396432e-01
572 -8.3669735124097297e-02 -9.3820891031124537e-02 1.4611257427563862e-01 -3.6310333083574914e-01
573 -6.2666171843569166e-02 -5.0873319800720807e-01 6.0327178246309854e-01 5.5964072451765035e-01
574 -1.3212156036763195e-01 -5.3008991816367246e-01 8.2903337735786020e-01 5.4416047518293476e-01
575 5.0382499089307947e-02 -3.6543212696812460e-01 1.3289836422742191e-01 3.4293139398804801e-01
576 -8.6346780878506432e-03 -1.6102533604637015e-01 3.8401100272322602e-02 -1.9635392472113888e-01
577 3.8974116197362879e-02 -2.2810215051763694e-01 1.3872792639629987e-33 -2.2751673489285875e-17
578 -1.6338844320627938e-01 -5.2531385381744740e-02 2.7164108367189627e-01 -4.5620288597631203e-01
579 -1.3067349354138760e-01 -5.3466630449338237e-01 8.2271700875432041e-01 5.4839327977941210e-01
580 -7.3597598067830935e-02 -5.1570543447047557e-01 6.4185192748951281e-01 5.6435866619051500e-01
581 3.8161361618857720e-02 -2.2265862476714904e-01 2.6767827693568832e-33 -3.4124204297814960e-17
582 5.6529864438809432e-02 -2.9377517844030954e-01 3.4035828107358619e-02 1.8256278542634427e-01
583 -1.8323186452381254e-01 -5.3729728076681238e-01 9.8220276197069933e-01 5.0315389013412148e-01
584 -2.4475990069349077e-01 -5.4760442824019639e-01 1.1328123820901272e+00 4.2625835074894969e-01
585 -7.6242194171530650e-02 -5.0624026252994225e-01 6.4887478919325037e-01 5.5648375281561657e-01
586 -7.4468005240893281e-02 -9.4629380097202259e-02 1.3289836422742191e-01 -3.4293139398804801e-01
587 -4.9368897496032023e-03 -1.5831545991561086e-01 3.1555999614104067e-02 -1.6986184842234833e-01
588 -3.6773485645491988e-01 -4.8491218664174097e-03 6.4185192748951281e-01 -5.6435866619051500e-01
589 -6.0584331846007800e-01 -1.9665468724375541e-02 1.0256231707880583e+00 -4.8055568483566646e-01
590 -1.3216356887501815e-01 -5.3023184662579947e-01 8.2903337735786020e-01 5.4416047518293476e-01
591 -1.2847782694497217e-01 -5.2625014147115967e-01 8.1952416224914348e-01 5.4582866756351711e-01
592 -6.8140808027667810e-01 -4.2322389025210766e-02 1.1816624408259702e+00 -3.9603749319989995e-01
593 -2.0247142891059278e-02 -1.5026971352061674e-01 4.9534638434672366e-02 -2.1402002330401432e-01
594 -2.7012400028348987e-01 -1.6190341307326099e-02 4.7788633313730855e-01 -5.3727627424904145e-01
595 -3.7405134609025920e-01 -4.0837192198240266e-03 6.6350479162267506e-01 -5.6165941423120935e-01
596 3.9353140458655039e-02 -2.3011719748401957e-01 2.6800589199649235e-33 -3.2500362679034615e-17
597 -9.4968126013380200e-02 -8.1955309783656324e-02 1.6667030405338309e-01 -3.7889938341944912e-01
598 -7.0471614280199957e-01 -4.9941585397407055e-02 1.2245557139075991e+00 -3.6892098135490353e-01
599 -1.2578528062343530e-01 -5.5280192259951932e-01 7.8721972142545682e-01 5.4707872701925186e-01
600 -1.6494909282296608e-01 -5.3561224148987774e-01 9.2290209630794984e-01 5.1585383113520300e-01
601 -6.7891580763101048e-02 -4.9818399716998507e-01 6.2358098060873379e-01 5.5658974199218247e-01
602 -1.2187527890451332e-01 -5.3577698926889050e-01 7.8721972142545682e-01 5.4707872701925186e-01
603 -7.4074569392666573e-02 -9.5322588291852930e-02 1.3411918445881665e-01 -3.4783967184222397e-01
604 -2.1318247286734773e-01 -2.9466588722154796e-02 3.7600476842715758e-01 -5.0969429356249707e-01
605 -2.6759685402406475e-01 -1.6534967241104422e-02 4.7451655874963161e-01 -5.4241887665746547e-01
606 2.3270404315091246e-02 -4.2810867960500337e-01 2.8168096092254941e-01 4.6920996034135037e-01
607 -4.6205740495522452e-01 -3.9313684159278956e-03 8.1952416224914348e-01 -5.4582866756351711e-01
608 -1.2975325275160826e-01 -6.3223074311304972e-02 2.2507392063356083e-01 -4.2749907082056993e-01
609 -1.8691611198116426e-02 -1.4566628347166097e-01 4.8982935533002848e-02 -2.1414291971149296e-01
610 -4.5547937236066753e-02 -1.1937972249020845e-01 8.8290988854772295e-02 -2.8721843927978119e-01
611 3.9216377258768767e-02 -2.2962283942207670e-01 2.9710684790696298e-34 -1.3009538347434514e-17
612 -4.9219310688899773e-02 -1.1445058769529264e-01 9.4014140096529655e-02 -2.9535947914074001e-01
613 -2.5959027862034922e-01 -1.9939399464222195e-02 4.5095238094450224e-01 -5.3538953095443909e-01
614 -6.3503867544659054e-01 -2.7852196872382769e-02 1.0943104332687348e+00 -4.4895239660198361e-01
615 -6.9847438104185455e-01 -5.0431203764716971e-02 1.2303750464655392e+00 -3.6455427705866850e-01
616 -2.7043589166276188e-01 -1.6079168497821473e-02 4.7872446313188677e-01 -5.4300198268577637e-01
617 -2.7038458513944497e-01 -1.6286441229309129e-02 4.7872446313188677e-01 -5.4300198268577637e-01
618 -2.0217597376998450e-01 -5.4351768247673526e-01 1.0256231707880579e+00 4.8055568483566635e-01
619 4.5187134373558951e-02 -3.8206187212930626e-01 1.6667030405338312e-01 3.7889938341944923e-01
620 -7.1812268179782779e-01 -5.2084810149286169e-02 1.2303750464655392e+00 -3.6455427705866850e-01
621 3.9230789658200246e-02 -2.2946944729510815e-01 2.9710684790696298e-34 -1.3009538347434514e-17
622 -7.6260453070564727e-02 -5.0623275951068969e-01 6.4887478919325037e-01 5.5648375281561657e-01
623 -4.7195665795936015e-01 -4.1380165961407735e-03 8.2271700875432041e-01 -5.4839327977941210e-01
624 -2.7575025488070365e-01 -5.1706566447781510e-01 1.2453011536443861e+00 3.5374068758444993e-01
625 -7.8117902635393266e-01 -7.2854957111106691e-02 1.3157382331435752e+00 -2.9614632239432520e-01
626 -6.0682328815364105e-03 -1.5542512455426652e-01 3.4497657407904468e-02 -1.8341883964853925e-01
627 -2.7825548489088864e-01 -5.3611031942061194e-01 1.2231480852840484e+00 3.6465077332371182e-01
628 -7.4827190534963395e-02 -9.5082597836805768e-02 1.3289836422742188e-01 -3.4293139398804795e-01
629 -7.0296271154111722e-01 -4.9883958736336984e-02 1.2245557139075991e+00 -3.6892098135490353e-01
630 -6.4000781262231632e-01 -3.2970912173986240e-02 1.1328123820901272e+00 -4.2625835074894969e-01
631 -7.6556389328843355e-01 -6.7047905516231604e-02 1.2935045649084049e+00 -3.1560623700112278e-01
632 -4.6502419627034264e-01 -4.2219348955654648e-03 8.2092873533874944e-01 -5.4577390447918939e-01
633 -8.4144290782775899e-01 -8.8873605582464293e-02 1.3621940201893381e+00 -2.5376749812552601e-01
634 2.7330722709312083e-02 -4.2193801410802478e-01 2.6216349114017673e-01 4.5740349815083653e-01
635 -1.6334170553389751e-01 -4.9973829750279128e-02 2.8168096092254941e-01 -4.6920996034135037e-01
636 -6.9783888513646986e-01 -5.3016179425669253e-02 1.2453011536443863e+00 -3.5374068758444999e-01
637 -5.8713916652297395e-02 -1.0568569222219118e-01 1.0744318662038023e-01 -3.0948665712793672e-01
638 7.2273468142952475e-03 -4.4697079385732413e-01 3.4878209492755591e-01 5.0175734841160691e-01
639 -4.9135087861864775e-02 -4.9122828006371944e-01 5.6145059442509748e-01 5.5635589548410935e-01
640 -5.8723290790338875e-02 -1.0682077007552258e-01 1.0692964784092698e-01 -3.1023550731070487e-01
641 -5.5954246940393160e-01 -1.3959014284652831e-02 9.8220276197069933e-01 -5.0315389013412148e-01
