162 4 BEM3DMeshData
1 6.0737829767932849e-01 5.3439995661283179e-01 -3.4273077764470933e-01 5.0588612947597944e-01
2 9.5020432706820623e-01 7.3580394161944535e-02 -4.7796470108977945e-02 2.0895594658967498e-01
3 8.3071502070456704e-01 -1.0465896131378662e+00 -3.5088295784318596e-01 -5.0477964634849426e-01
4 1.0378422251870323e+00 -5.5412769341432400e-01 -4.7752878660606034e-02 -2.0632172812273944e-01
5 9.5698965991049989e-01 -8.4507734462860995e-01 -1.8137938603191953e-01 -3.9276566032944937e-01
6 4.1584469348921760e-01 -1.3879481661831601e+00 -8.2767258306432578e-01 -5.5169648564502216e-01
7 1.2568717187694631e-01 -1.4890429016949862e+00 -1.1060077580627885e+00 -4.4160634374737218e-01
8 4.1285731470796982e-01 -1.3979458205727431e+00 -8.2767258306432590e-01 -5.5169648564502227e-01
9 9.8163146899238396e-01 -7.6123736169067691e-01 -1.4947298349198815e-01 -3.7145426014814237e-01
10 1.0396743830032347e+00 -2.2776354817658129e-01 -0.0000000000000000e+00 6.5764470591630827e-18
11 1.0382649615405146e+00 -5.5363639451681312e-01 -4.7752878660606055e-02 -2.0632172812273950e-01
12 8.3954555952829313e-01 -1.0449829021953230e+00 -3.4273077764470933e-01 -5.0588612947597944e-01
13 4.3621432200486510e-01 -1.4003113126326596e+00 -7.8316545949407801e-01 -5.4426121572468589e-01
14 7.4361132971336374e-01 -1.1628712794060267e+00 -4.5095238104189761e-01 -5.3538953107007103e-01
15 1.0517133149049773e+00 -2.5883779037979715e-01 -2.8752877413842010e-33 3.9429484758386672e-17
16 8.5404478231268066e-01 2.6497211804820997e-01 -1.2342763145288335e-01 3.2412445677187518e-01
17 1.0424589087004064e+00 -2.3023250899196385e-01 -2.7096847200153409e-33 3.2859626887415424e-17
18 8.4517367513908714e-01 2.6931775248054390e-01 -1.3586419616963627e-01 3.5236538010164697e-01
19 4.2132503006194566e-01 6.6705943521765443e-01 -4.8357843879853674e-01 5.3385465959446210e-01
20 8.4363391694831869e-01 2.6685498006725783e-01 -1.3586419616963627e-01 3.5236538010164697e-01
21 2.7834375311850151e-01 7.3983358044620262e-01 -6.0323251221893603e-01 5.5960429445655024e-01
22 5.9694288340397428e-01 5.4581699590044497e-01 -3.5088295784318596e-01 5.0477964634849426e-01
23 7.8572709082075809e-01 3.4738701682408291e-01 -1.8137938603191953e-01 3.9276566032944937e-01
24 4.2108799937901176e-01 6.7078769535561500e-01 -4.9412655195286959e-01 5.4549942889261571e-01
25 5.2970302532707403e-02 8.3491724852171800e-01 -7.9389814241082135e-01 5.4255666273407732e-01
26 5.9900043008052473e-01 5.4644033584867269e-01 -3.5088295784318596e-01 5.0477964634849426e-01
27 8.4920933203549076e-01 2.6100753184735459e-01 -1.2342763145288337e-01 3.2412445677187524e-01
28 1.0468679996925723e+00 -2.5043185332760870e-01 -2.7096847200153409e-33 3.2859626887415424e-17
0 7.8656060591060983e-01 3.4678548809137172e-01 -1.8137938603191950e-01 3.9276566032944926e-01
30 5.9939849455151484e-01 5.4678594564977023e-01 -3.5088295784318596e-01 5.0477964634849426e-01
31 7.8709811690898446e-01 3.4721921335177502e-01 -1.8137938603191953e-01 3.9276566032944937e-01
32 -3.5503007668477959e-01 9.0820781992018329e-01 -1.1148939962142177e+00 4.4515443743036265e-01
33 -6.2525550790338147e-01 9.0969380492986041e-01 -1.2934203635739636e+00 3.1558569245336127e-01
34 -2.4314683583971497e-01 8.9734079342761042e-01 -1.0256231706907759e+00 4.8055568479008492e-01
35 6.0351012444918450e-01 5.3688943107396170e-01 -3.4273077764470933e-01 5.0588612947597944e-01
36 6.3594635588142934e-02 8.2959824488698397e-01 -7.8316545949407790e-01 5.4426121572468578e-01
37 2.7854409781620115e-01 7.4048220174187707e-01 -6.0323251221893615e-01 5.5960429445655036e-01
38 1.0431136737269378e+00 -2.3747270871232745e-01 -1.4828228812923207e-33 3.2901576540794112e-17
39 9.5805388975010553e-01 -8.4409900315967046e-01 -1.8137938603191953e-01 -3.9276566032944937e-01
40 1.0442105665850618e+00 -5.7683743343016958e-01 -4.7796470108977938e-02 -2.0895594658967495e-01
41 7.4388362363559268e-01 -1.1637700069816588e+00 -4.5095238104189761e-01 -5.3538953107007103e-01
42 4.3876581650327862e-01 -1.3880433348114454e+00 -7.8316545949407790e-01 -5.4426121572468578e-01
43 8.3954346585619810e-01 -1.0461939357495811e+00 -3.4273077764470927e-01 -5.0588612947597933e-01
44 9.9257364205514720e-01 -7.6391837704544130e-01 -1.3586419616963627e-01 -3.5236538010164697e-01
45 9.9856022578982873e-01 -7.6353559328720610e-01 -1.2342763145288335e-01 -3.2412445677187518e-01
46 8.3031098125921621e-01 -1.0407247916371769e+00 -3.5088295784318596e-01 -5.0477964634849426e-01
47 6.1401545137348645e-01 -1.2658717419011931e+00 -6.0323251221893615e-01 -5.5960429445655036e-01
48 9.5773509500579768e-01 -8.4521825037230647e-01 -1.8137938603191953e-01 -3.9276566032944937e-01
49 -6.1570304938904763e-01 9.1119862347991831e-01 -1.3079811379716639e+00 2.9810216794607708e-01
29 9.5191066899718357e-01 7.8403953612015187e-02 -4.7752878660606055e-02 2.0632172812273950e-01
51 -6.1032070265572513e-01 9.1117623135559755e-01 -1.2934203635739636e+00 3.1558569245336127e-01
52 8.4018911366787274e-01 -1.0398489855078625e+00 -3.4273077764470933e-01 -5.0588612947597944e-01
53 6.0475701459248388e-01 5.3650492622014279e-01 -3.4273077764470933e-01 5.0588612947597944e-01
54 9.5016395745340720e-01 7.3123766146950570e-02 -4.7796470108977945e-02 2.0895594658967498e-01
55 7.0883629346511146e-01 -1.1927021608617971e+00 -4.9412655195286959e-01 -5.4549942889261571e-01
56 4.2961966214327679e-01 -1.3915498679046210e+00 -7.9389814241082135e-01 -5.4255666273407732e-01
57 8.3069858150777243e-01 -1.0399733287659125e+00 -3.5088295784318596e-01 -5.0477964634849426e-01
58 6.0677276596319385e-02 8.2670647864927116e-01 -7.8316545949407801e-01 5.4426121572468589e-01
59 4.7145380591232966e-01 6.3631065142634757e-01 -4.5095238104189767e-01 5.3538953107007103e-01
60 -3.4946376744747859e-01 9.1108497690589907e-01 -1.1302317339954973e+00 4.2937610822367039e-01
61 -3.1682904576759563e-01 9.1007851978450260e-01 -1.1060077580627885e+00 4.4160634374737218e-01
62 4.2943469639137644e-02 8.3916969202896496e-01 -8.2767258306432590e-01 5.5169648564502227e-01
63 2.0670606579330747e-01 -1.4783967164166960e+00 -1.0256231706907759e+00 -4.8055568479008481e-01
64 -9.8199406944937950e-02 -1.5444243248603136e+00 -1.2934203635739636e+00 -3.1558569245336127e-01
65 1.1299985268502993e-01 -1.5182336649065586e+00 -1.1148939962142177e+00 -4.4515443743036265e-01
66 9.8917557931037081e-01 -7.4610512472700830e-01 -1.3586419616963627e-01 -3.5236538010164697e-01
67 7.4461588646441079e-01 -1.1554321193348989e+00 -4.5095238104189772e-01 -5.3538953107007115e-01
68 7.0878726330696773e-01 -1.2012335529435365e+00 -4.8357843879853674e-01 -5.3385465959446210e-01
69 1.0186052122061623e-01 -1.4976336838280240e+00 -1.1302317339954975e+00 -4.2937610822367045e-01
70 4.7790926519390153e-01 6.3655831604505908e-01 -4.5095238104189767e-01 5.3538953107007103e-01
71 6.0222569869265574e-01 5.3531288830951174e-01 -3.4273077764470927e-01 5.0588612947597933e-01
72 8.4859429113055485e-01 2.6001327372031185e-01 -1.2342763145288337e-01 3.2412445677187524e-01
73 5.9721764578311665e-01 5.4642612046832850e-01 -3.5088295784318602e-01 5.0477964634849437e-01
74 9.4997853907745267e-01 8.2508136739931570e-02 -4.7752878660606055e-02 2.0632172812273950e-01
75 7.8611657696663129e-01 3.4828625238713962e-01 -1.8137938603191953e-01 3.9276566032944937e-01
76 2.9866124180467335e-01 7.3835685767607062e-01 -6.0323251221893615e-01 5.5960429445655036e-01
77 -2.4309160686875531e-01 8.9744972480870133e-01 -1.0256231706907759e+00 4.8055568479008492e-01
78 5.1857473001105769e-02 8.2801479391187249e-01 -7.8316545949407790e-01 5.4426121572468578e-01
79 3.2461883310492046e-02 8.4031499264455356e-01 -8.2767258306432590e-01 5.5169648564502227e-01
80 6.3592000815316796e-02 8.2902840493883723e-01 -7.8316545949407801e-01 5.4426121572468589e-01
81 1.0427149821806510e+00 -2.3862198687459485e-01 -1.1862583050338567e-33 2.6321261232635288e-17
82 9.5393403344627570e-01 7.0638386113813456e-02 -4.7796470108977938e-02 2.0895594658967495e-01
83 6.0972306380741059e-01 -1.2917404483638690e+00 -6.0323251221893581e-01 -5.5960429445655002e-01
84 9.9118556933981461e-01 -7.5709134738447070e-01 -1.3586419616963621e-01 -3.5236538010164681e-01
85 9.9866998820771335e-01 -7.7177028940274828e-01 -1.2342763145288332e-01 -3.2412445677187512e-01
86 1.0404744112088480e+00 -5.6464690323184963e-01 -4.7752878660606034e-02 -2.0632172812273944e-01
87 9.8121536661944142e-01 -7.6182049652895456e-01 -1.4947298349198809e-01 -3.7145426014814231e-01
88 -2.2587018417712934e-01 8.9719362814565606e-01 -1.0256231706907759e+00 4.8055568479008481e-01
89 -6.1029235055722642e-01 9.1140164554070358e-01 -1.2934203635739636e+00 3.1558569245336127e-01
90 -3.5445811249677139e-01 9.0844835227079224e-01 -1.1148939962142177e+00 4.4515443743036265e-01
91 7.0814733433506838e-01 -1.1893801195970091e+00 -4.8357843879853674e-01 -5.3385465959446210e-01
92 9.9176615786038114e-01 -7.5841877447570893e-01 -1.3586419616963627e-01 -3.5236538010164697e-01
93 2.0651787785407333e-01 -1.4786353711189415e+00 -1.0256231706907759e+00 -4.8055568479008481e-01
94 1.1264434104261312e-01 -1.5189000668312600e+00 -1.1148939962142177e+00 -4.4515443743036259e-01
95 4.2550153400838131e-01 -1.4120387603589328e+00 -7.9389814241082135e-01 -5.4255666273407732e-01
96 8.3614391060017246e-01 2.8915732499629704e-01 -1.4947298349198818e-01 3.7145426014814242e-01
97 9.4960099913323293e-01 8.1784533605134963e-02 -4.7752878660606062e-02 2.0632172812273955e-01
98 9.5755995839635566e-02 -1.5076639279992312e+00 -1.1302317339954973e+00 -4.2937610822367039e-01
99 2.9821264721426494e-01 7.3803005138385569e-01 -6.0323251221893592e-01 5.5960429445655013e-01
100 -3.6014118698498659e-01 9.1088343105165026e-01 -1.1302317339954973e+00 4.2937610822367039e-01
101 -3.1774604221286951e-01 9.1049172040575921e-01 -1.1060077580627885e+00 4.4160634374737218e-01
102 3.3278405236858655e-02 8.3962624677315023e-01 -8.2767258306432590e-01 5.5169648564502227e-01
103 4.1261428747448115e-01 -1.3972386123783462e+00 -8.2767258306432590e-01 -5.5169648564502227e-01
104 1.9990958444827447e-01 -1.4923457476264566e+00 -1.0256231706907759e+00 -4.8055568479008481e-01
105 4.3996577056421343e-01 -1.3926029757308087e+00 -7.8316545949407790e-01 -5.4426121572468578e-01
106 8.4677188540162940e-01 2.6099449727244861e-01 -1.2342763145288337e-01 3.2412445677187524e-01
107 9.5448303936237755e-01 7.3086350165963154e-02 -4.7796470108977938e-02 2.0895594658967495e-01
108 1.0557008773638901e+00 -2.8092214387688019e-01 -2.3002301931073602e-33 3.1543587806709334e-17
109 8.3982775554438227e-01 -1.0485459957628820e+00 -3.4273077764470922e-01 -5.0588612947597933e-01
110 6.0940692159724652e-01 -1.2920752802861619e+00 -6.0323251221893603e-01 -5.5960429445655024e-01
111 4.2925464683168069e-01 -1.3922649689122326e+00 -7.9389814241082135e-01 -5.4255666273407732e-01
112 1.0429040751762622e+00 -2.3282364159457503e-01 -2.7096847200153409e-33 3.2859626887415424e-17
113 1.0498193928188635e+00 -2.5691388757354006e-01 -2.3002301931073609e-33 3.1543587806709340e-17
114 9.9376323907464614e-01 -7.4261115215772444e-01 -1.2342763145288335e-01 -3.2412445677187518e-01
115 3.4862498166236211e-02 8.3457004613862507e-01 -7.9389814241082146e-01 5.4255666273407743e-01
116 1.9994968930630416e-01 -1.4918495769590594e+00 -1.0256231706907759e+00 -4.8055568479008481e-01
117 9.7225761143458600e-02 -1.5045480165337586e+00 -1.1302317339954973e+00 -4.2937610822367039e-01
118 -6.1574912377608704e-01 9.1137250066507058e-01 -1.3079811379716639e+00 2.9810216794607708e-01
119 -9.8326077144099300e-02 -1.5445321039877817e+00 -1.2934203635739636e+00 -3.1558569245336127e-01
120 -3.6430166713862516e-01 9.1083472663687770e-01 -1.1302317339954973e+00 4.2937610822367039e-01
121 3.4604762492999708e-02 8.3411161143266610e-01 -7.9389814241082135e-01 5.4255666273407732e-01
122 -1.1216816610440844e-01 -1.5313392897574083e+00 -1.3079811379716642e+00 -2.9810216794607708e-01
123 4.1524940272098637e-01 6.6705295159578903e-01 -4.8357843879853674e-01 5.3385465959446210e-01
124 3.3071671305263450e-02 8.4056924998269189e-01 -8.2767258306432590e-01 5.5169648564502227e-01
125 4.6628246579516719e-01 6.3769401077316523e-01 -4.5095238104189761e-01 5.3538953107007103e-01
126 4.1281225035437424e-01 -1.3987241958450030e+00 -8.2767258306432590e-01 -5.5169648564502227e-01
127 7.4598523884405166e-01 -1.1436955908796924e+00 -4.5095238104189767e-01 -5.3538953107007103e-01
128 8.3111848168607971e-01 -1.0461643602993707e+00 -3.5088295784318596e-01 -5.0477964634849426e-01
129 9.5735451709449437e-01 -8.4455550317576966e-01 -1.8137938603191953e-01 -3.9276566032944937e-01
130 1.0440826994288213e+00 -2.3878361334451742e-01 -8.8969372877539240e-34 1.9740945924476465e-17
131 9.5145066915646959e-01 7.7939943905958681e-02 -4.7752878660606055e-02 2.0632172812273950e-01
132 8.4828984823570242e-01 2.6997971876234206e-01 -1.3586419616963627e-01 3.5236538010164697e-01
133 4.3866395004393305e-01 -1.3880979089348942e+00 -7.8316545949407801e-01 -5.4426121572468589e-01
134 1.0558811656746734e+00 -2.8130667914644786e-01 -2.8752877413842010e-33 3.9429484758386672e-17
135 -2.2598581363658898e-01 8.9678809049940367e-01 -1.0256231706907759e+00 4.8055568479008492e-01
136 1.0408683505675813e+00 -5.6380737873783415e-01 -4.7752878660606048e-02 -2.0632172812273947e-01
137 1.0437717276455243e+00 -2.3954673158948001e-01 -2.2550709555114504e-33 2.6305788236652331e-17
138 1.0005342874514598e+00 -7.7150340778269855e-01 -1.2342763145288335e-01 -3.2412445677187518e-01
139 1.0430336295264095e+00 -5.7276960617809625e-01 -4.7796470108977938e-02 -2.0895594658967495e-01
140 4.6611746811168342e-01 6.3679812709614469e-01 -4.5095238104189767e-01 5.3538953107007103e-01
141 4.2136613119550204e-01 6.7124320604478527e-01 -4.9412655195286959e-01 5.4549942889261571e-01
142 8.3650749490678733e-01 2.8967265870908787e-01 -1.4947298349198815e-01 3.7145426014814237e-01
143 -6.2545566339818648e-01 9.0965865505196086e-01 -1.2934203635739636e+00 3.1558569245336127e-01
144 -1.0292714849080714e-01 -1.5561696960168301e+00 -1.2934203635739636e+00 -3.1558569245336127e-01
145 -1.9950275022146377e-01 -1.5375058672129449e+00 -1.3796296219838442e+00 -2.3795400006033743e-01
146 -1.0290410812562911e-01 -1.5562284710888572e+00 -1.2934203635739636e+00 -3.1558569245336127e-01
147 1.0474362754236837e+00 -5.7677930753434170e-01 -4.7796470108977938e-02 -2.0895594658967495e-01
148 6.1432614383777306e-01 -1.2650520039933879e+00 -6.0323251221893592e-01 -5.5960429445655013e-01
149 1.0477297810765873e+00 -5.7554365065720314e-01 -4.7796470108977938e-02 -2.0895594658967495e-01
150 1.0440522667341074e+00 -2.3841643446940466e-01 -5.6376773887786252e-33 6.5764470591630830e-17
151 1.0446172783881715e+00 -2.3833828342808533e-01 -5.9312915251692835e-34 1.3160630616317644e-17
152 8.4666113711458157e-01 2.6981917545001693e-01 -1.3586419616963627e-01 3.5236538010164697e-01
153 1.0459250182582214e+00 -2.4773151987155442e-01 -3.2516216640184091e-33 3.9431552264898507e-17
154 4.2586207580403124e-01 -1.4115931131860984e+00 -7.9389814241082135e-01 -5.4255666273407732e-01
155 5.3397109069429294e-02 8.3521736437233840e-01 -7.9389814241082135e-01 5.4255666273407732e-01
156 1.2416011040094116e-01 -1.4884462525336775e+00 -1.1060077580627885e+00 -4.4160634374737218e-01
157 7.0841982342648802e-01 -1.1932388405584522e+00 -4.9412655195286959e-01 -5.4549942889261571e-01
158 1.0392754067344814e+00 -2.2831735742742959e-01 -7.8927483430010914e-33 4.6035129414141577e-17
159 9.5687992577331960e-02 -1.5076704192450943e+00 -1.1302317339954975e+00 -4.2937610822367045e-01
160 -1.1214132789664039e-01 -1.5312450176230965e+00 -1.3079811379716642e+00 -2.9810216794607708e-01
161 -3.6428394199464859e-01 9.1049648337487865e-01 -1.1302317339954973e+00 4.2937610822367039e-01
50 -7.2481530138884953e-01 9.0180937860969812e-01 -1.3796296219838442e+00 2.3795400006033743e-01
