642 2 BEM3DMeshData
0 9.9063191054365993e-02 4.6697147653759478e-02
2 3.9572686531711622e-02 2.6494697128560209e-02
3 1.8418098932421322e-02 8.9263463434196329e-03
1 -3.3641703105046654e-02 -6.6578350290566718e-02
5 -5.6448705926712049e-02 -1.7917850569191218e-01
6 -5.6149374596263929e-02 -1.9594525273560537e-01
7 -3.8423954412940692e-02 -2.9345963340878245e-01
8 -3.3641801195743552e-02 -6.6578252892029108e-02
9 4.2557529872563205e-01 -4.8271878803894636e-01
10 6.0208298031207585e-01 -3.7535043254767936e-01
11 7.7961918768477301e-01 -1.7513723664605232e-01
12 -7.5368365955734995e-01 1.1297695128867180e-01
13 -7.1229589813325755e-01 -1.2378534330826496e-01
14 -7.4213284924654632e-01 2.4087185836252070e-01
15 7.2251560608607279e-01 -2.5333091199144436e-01
16 4.1004306721388734e-01 -4.8998043689700538e-01
17 6.8985884045494295e-01 -2.9012097212929039e-01
18 -6.5557627405463581e-01 -2.3649207089960381e-01
19 -4.2695214648232571e-01 -4.4193695733550120e-01
20 -6.6442740447139259e-01 -2.2150515549107802e-01
21 2.3770498885022720e-01 -1.4207849920784599e-01
22 1.9310932446401183e-01 -2.7118056442843713e-01
23 1.3589183933406870e-01 -3.4752850572592742e-01
24 -7.3307356824781811e-01 2.8734369594705572e-01
25 -7.4213278824553597e-01 2.4087188952865518e-01
26 -6.2933685928024918e-01 5.2781725398222556e-01
27 2.3527921240903407e-01 -1.4289608669099971e-01
28 1.8598043215456375e-01 1.8778050210343556e-02
29 1.8508796633834976e-01 1.8951318781723722e-02
30 8.8574226632376662e-01 3.8237013396968016e-03
31 9.1948258027142571e-01 7.4258590831836363e-02
32 1.0873572380163778e+00 6.1382285798368630e-01
33 -6.3528270203051940e-01 5.2036345325435140e-01
34 -7.3282455433580007e-01 2.8966563272205098e-01
35 -6.3528270764000183e-01 5.2036341196153946e-01
36 1.3358945891738253e-01 -3.4951891455372269e-01
37 -1.1267310011975261e-01 -4.8204096499104299e-01
38 -1.0192752193105144e-01 -4.7974108302657564e-01
39 -7.5368367638028000e-01 1.1297697455586070e-01
40 -7.1229593015343751e-01 -1.2378540884941586e-01
41 -7.4213281369499373e-01 2.4087192153064541e-01
42 2.2093226484360640e-01 -3.1220555402155487e-02
43 1.6524622164800387e-01 3.2954638387907395e-02
44 8.0205393674355266e-02 4.1634566072313840e-02
45 2.2257408483967622e-01 -3.1061970658484876e-02
46 1.8966352055556185e-01 1.6878104635439237e-02
47 1.0782913054949793e-01 4.8707038659958145e-02
48 2.3487835241554697e-01 -1.4308983617979584e-01
4 -2.4222248614002434e-02 -4.8112902662924312e-02
50 2.3527922363741699e-01 -1.4289609108428228e-01
51 2.2257411231716559e-01 -3.1061964955034407e-02
52 1.6204651941932391e-01 3.5655962513528615e-02
53 1.0782915315269080e-01 4.8707048941513807e-02
54 -6.5155824135596307e-01 -2.4222358370344677e-01
55 -5.0261125637021509e-01 -3.9771484126660439e-01
56 -7.1840221244443947e-01 -1.0412544437190180e-01
57 2.2132629128280806e-01 -3.1213630271050456e-02
58 1.9191543353977175e-01 -2.7163792645756363e-01
59 2.3595010269310343e-01 -1.4273734480877204e-01
60 -2.4222273109776215e-02 -4.8112920088104728e-02
61 -5.6448721006138035e-02 -1.7917851662781753e-01
62 -4.6463375533100273e-02 -2.6167818927368353e-01
63 -6.5155831587608937e-01 -2.4222351524719030e-01
64 -7.3189665097612444e-01 -5.8887135437329437e-02
65 -7.5321335845288506e-01 1.1679404306884807e-01
66 -4.2255324694715428e-02 -9.2524620169225413e-02
67 8.0205298787802692e-02 4.1634637356524895e-02
68 1.3449972061258263e-02 2.4631718563721244e-03
69 -6.7143862863144155e-01 4.5314997889570174e-01
70 2.3694003744982883e-01 -1.4231223454910599e-01
71 1.3358942303190030e-01 -3.4951890190221296e-01
72 -5.6149366523204930e-02 -1.9594528314539644e-01
73 -9.1054383869830832e-03 -3.5319313864258584e-01
74 -5.3783625852659382e-02 -4.6571557363550464e-01
75 9.6590958271888683e-02 -3.8306627293233886e-01
76 -2.1565504919512180e-01 -4.9060254518431856e-01
49 1.8508797618364176e-01 1.8951314542385880e-02
78 6.0208299083046279e-01 -3.7535040530779218e-01
79 6.7819268635683094e-01 -3.0335738892316955e-01
80 -6.5557631124704763e-01 -2.3649209426734030e-01
81 -7.5030235605292550e-01 3.6837810278344860e-02
82 1.6083812298510178e-01 3.4337957949771861e-02
83 9.9063095519532393e-02 4.6697208770972887e-02
84 2.2172266489732512e-01 -3.1692395991994908e-02
85 -4.1195597200641240e-02 -8.6909450638375602e-02
86 -5.6448795679860941e-02 -1.7917845054491668e-01
87 -1.1579880841053424e-02 -3.4721774414928402e-01
88 -6.7143858123631783e-01 4.5314985959137971e-01
89 -7.2906002371458334e-01 3.0091299395532101e-01
90 -5.7979791501644196e-01 5.9748515004688518e-01
91 -4.6639291299220946e-02 -1.1024607392182108e-01
92 -2.4568631470199206e-02 -3.2242633952346555e-01
93 -4.4919725839601916e-02 -1.0505818356664920e-01
94 -1.3719945637413483e-01 8.8182095001369976e-01
95 -2.9796507922961146e-01 8.2382464738171546e-01
96 -2.7281433348499839e-01 8.3545349099293986e-01
97 -6.6678682889503704e-01 -2.2022995898637604e-01
98 -7.4785598838672129e-01 2.1414759915029599e-02
99 -7.4785598068147507e-01 2.1414749171416347e-02
100 9.5599043238677228e-01 1.6136003633903670e-01
101 1.9102462314283516e-01 -2.7378365819584632e-01
102 9.6590886791396824e-02 -3.8306621769060822e-01
103 -5.5725000705576198e-02 -4.6641887606626592e-01
104 9.0606704785828232e-02 -3.8801130975879605e-01
105 -5.3783644327457907e-02 -4.6571553406014976e-01
106 1.9191548166304745e-01 -2.7163797203396889e-01
107 1.1645193531357809e+00 1.2561874228982777e+00
108 1.0944325838416047e+00 6.4813365029542813e-01
109 1.1102967631025615e+00 7.3511694222826729e-01
110 -3.9077615710982494e-01 -4.5753656124925485e-01
111 -1.1267311138886846e-01 -4.8204091996935761e-01
112 -3.9815615961868406e-01 -4.5494835662452254e-01
113 2.2132626960438359e-01 -3.1213643694930380e-02
114 1.6524611579196311e-01 3.2954703833051442e-02
115 2.3595033127517956e-01 -1.4273760965695811e-01
116 -7.4496517010710306e-01 -2.6708385982143947e-03
117 -7.5030235785024180e-01 3.6837825064218406e-02
118 -7.3362536086024155e-01 2.8848868978407327e-01
119 -1.8590758814004124e-01 -4.9078841511976945e-01
120 -3.6527356993181764e-01 -4.6637114198818208e-01
121 -7.4785605447163039e-01 2.1414853883641831e-02
122 -7.4785604676638939e-01 2.1414843140030768e-02
123 -7.3282460924385695e-01 2.8966574726770117e-01
124 2.3770511530817978e-01 -1.4207854022714017e-01
125 1.9310939010283504e-01 -2.7118060396980503e-01
126 2.2257415806831995e-01 -3.1062009379167959e-02
127 -5.4265263146666565e-01 -3.6624595179137048e-01
128 -6.4807897189762875e-01 -2.4887717151618940e-01
129 -7.3189656609886322e-01 -5.8887205582154163e-02
130 -5.5724918480951548e-02 -4.6641893175584698e-01
131 -3.7114716319571239e-01 -4.6388843625876042e-01
132 -7.1840226289446629e-01 -1.0412545000570574e-01
133 -6.5155828420472661e-01 -2.4222357864396588e-01
134 -7.5321329783539259e-01 1.1679396942967199e-01
135 2.3595595544522002e-01 -1.4262552096985148e-01
136 2.3694010180089009e-01 -1.4231222780660102e-01
137 1.3358948324148837e-01 -3.4951889677446357e-01
138 -1.9734486786695926e-01 -4.9119191784631916e-01
139 -5.0261133626020094e-01 -3.9771477352451828e-01
140 -3.3247014495507854e-01 -4.7647770189102939e-01
141 -4.6463432201181896e-02 -2.6167814996749245e-01
142 5.8568167495116882e-02 -4.3296721022037848e-01
143 -5.0902819526330656e-01 6.7716872603863432e-01
144 -5.7979793447304606e-01 5.9748516623251557e-01
145 -3.7409992146804361e-01 7.8211971376673617e-01
146 -7.4213287469600608e-01 2.4087189036451490e-01
147 -7.1229589691033146e-01 -1.2378528364578613e-01
148 -7.5368373667829303e-01 1.1297707814555603e-01
149 -6.6982849792089394e-01 4.5714003202385201e-01
150 -5.0902802728920005e-01 6.7716862434462510e-01
151 1.9191549478258585e-01 -2.7163797353339286e-01
152 2.3595018558319833e-01 -1.4273738395333724e-01
153 6.3957998051188342e-03 -5.0603436304028923e-03
154 1.6524613523031517e-01 3.2954699464953774e-02
155 4.3914584690304354e-01 -4.8096126625512747e-01
156 1.7429439429320850e-01 -5.0057736998276769e-01
157 4.0896921998290747e-01 -4.9253225657840966e-01
158 1.0782918765924226e-01 4.8706992789691678e-02
159 1.8418082467391204e-02 8.9263407755695526e-03
160 1.1102967895112521e+00 7.3511698391800973e-01
161 1.1611050959189062e+00 1.1958081722613989e+00
162 1.0915349912922565e+00 6.3475720397870738e-01
163 1.6256312170207637e-01 -4.9495427281295090e-01
164 1.6256311627139647e-01 -4.9495427052126462e-01
165 4.1114983099147884e-01 -4.8943148813196263e-01
166 -7.2906001970896062e-01 3.0091297795679983e-01
167 -3.0951331940999144e-01 8.2014607167265441e-01
77 3.8207223965634712e-01 -4.9757861746880538e-01
169 1.9191542042022683e-01 -2.7163792495813838e-01
170 9.6590947989998788e-02 -3.8306615926155402e-01
171 -6.0126651822854860e-01 -3.1031203100803162e-01
172 1.3589191158627803e-01 -3.4752850378076999e-01
173 1.9310941878971141e-01 -2.7118059740673034e-01
174 -4.2985410637169557e-03 -4.4718207669019772e-01
175 -7.1840228407345774e-01 -1.0412536564182495e-01
176 -2.4222239268622256e-02 -4.8112816891750072e-02
177 1.8418024651750794e-02 8.9263919429343822e-03
178 4.1004308892939151e-01 -4.8998033415139824e-01
179 4.0896925450309313e-01 -4.9253214830333497e-01
180 7.2251575238195798e-01 -2.5333058774869360e-01
181 -6.2727040938601786e-01 -2.7857763314749934e-01
182 -7.4496518258561817e-01 -2.6708580346223860e-03
183 -6.5557628894741027e-01 -2.3649208706792360e-01
184 -6.2727036834431005e-01 -2.7857765287187392e-01
185 -7.4496515357908999e-01 -2.6708841491534826e-03
186 -7.4105960505775537e-01 -2.0758222869619654e-02
187 -4.9981710796345724e-01 6.8393915743364653e-01
188 -4.5164085214147814e-01 7.2595196336150325e-01
189 -2.9796506840996656e-01 8.2382459040957712e-01
190 2.3527919860071506e-01 -1.4289610954590959e-01
191 1.3086168231141554e-01 -3.5175576848459944e-01
192 2.3595593463069992e-01 -1.4262554136338404e-01
193 9.6282201625606989e-01 1.7802956669797773e-01
194 -3.9077612100358605e-01 -4.5753658297034122e-01
195 -5.7303437038818050e-01 -3.4067330822857306e-01
196 -6.2727035290247879e-01 -2.7857763982312223e-01
197 5.2366132394884149e-02 3.2412679008594070e-02
198 -4.9406663526041249e-02 -1.3309144241045778e-01
199 -1.8590763952511954e-01 -4.9078839211183423e-01
200 -3.6527363801551871e-01 -4.6637109170643759e-01
201 -6.1230828700447981e-01 5.5434206153254695e-01
202 -4.5164090761510473e-01 7.2595202273474957e-01
203 -4.4560138677959238e-01 7.3118645173909558e-01
204 -7.5321329153822669e-01 1.1679396530467495e-01
205 -7.3859726940052428e-01 2.6004902255034856e-01
206 2.3595581391993437e-01 -1.4262547484991683e-01
207 -5.4265259108637276e-01 -3.6624591711238658e-01
208 -5.0922601853684447e-02 -2.3367929408134844e-01
209 -9.1053990241653678e-03 -3.5319314955406056e-01
210 1.0238545836935346e-01 -4.6576259912975398e-01
211 -7.4105964504980926e-01 -2.0758192672711770e-02
212 -7.3307361201223920e-01 2.8734371994769659e-01
213 -1.8848292617262533e-01 8.6840515737351576e-01
214 -1.3719948017806419e-01 8.8182094968422065e-01
215 -6.6191784618032101e-02 8.9615466742130290e-01
216 9.6591019470487899e-02 -3.8306621450327311e-01
217 -2.1565502509887818e-01 -4.9060251432744822e-01
218 -5.5724929950367444e-02 -4.6641893278635582e-01
219 1.0238538380937158e-01 -4.6576251648378536e-01
220 4.2557532771027184e-01 -4.8271878321149997e-01
221 2.4456170477286743e-01 -5.1158960160626021e-01
222 9.0606731176620436e-02 -3.8801131813758172e-01
223 -1.8590757530496865e-01 -4.9078841084104158e-01
224 1.6083822111123358e-01 3.4337889896226034e-02
225 2.3650176406529316e-01 -1.4346034159350826e-01
226 2.2172276353892931e-01 -3.1692462245962630e-02
227 2.3694006114497163e-01 -1.4231222055341242e-01
228 1.8966354329277954e-01 1.6878117160732290e-02
229 1.8784793177174175e-01 1.7966390070227031e-02
230 1.0352329647839780e+00 3.9924728988825675e-01
231 1.0873572576334325e+00 6.1382289629935971e-01
232 1.1507142865717399e+00 1.0534419609379195e+00
233 -4.2255246332869395e-02 -9.2524707838898462e-02
234 1.3450062336707355e-02 2.4630808507434296e-03
235 -5.6149287856163958e-02 -1.9594534757624457e-01
236 7.2251557642843922e-01 -2.5333090004592373e-01
237 9.6282202776165382e-01 1.7802956824044641e-01
238 9.5599044707145198e-01 1.6136004316838432e-01
239 -6.6191782567028012e-02 8.9615468157364375e-01
240 -5.6297705096192467e-02 8.9680838118103690e-01
241 -2.4066450462546518e-02 9.0074796440559524e-01
242 -5.6448780600435101e-02 -1.7917843960901705e-01
243 -7.3859728374249123e-01 2.6004902521201101e-01
244 6.0208283782610494e-01 -3.7535069046052766e-01
245 7.7961910708742299e-01 -1.7513736077754685e-01
246 8.8574264953608250e-01 3.8241554480973263e-03
247 -7.4496514110057488e-01 -2.6708647127426646e-03
248 1.0238544430894848e-01 -4.6576255662616750e-01
249 2.4257438347897439e-01 -5.1000523382017660e-01
250 4.2557547515667299e-01 -4.8271872892001616e-01
251 -3.0374664715364769e-01 -4.8257579943679912e-01
252 -6.2834257059455811e-01 5.3211178979733842e-01
253 -4.4560136985399446e-01 7.3118644246858211e-01
254 -4.8270009741666103e-01 7.0078769436344246e-01
255 1.8784795319219968e-01 1.7966363626874354e-02
256 1.8966357443763654e-01 1.6878088676236563e-02
257 5.7793944936872829e-02 3.4553658367907129e-02
258 -7.3859732954303070e-01 2.6004915026137837e-01
259 -6.7143858712529314e-01 4.5314998411277302e-01
260 -7.5368359925934036e-01 1.1297684769898809e-01
261 -7.2905997232117870e-01 3.0091301862842895e-01
262 8.8548029726546462e-02 -3.9015355489674647e-01
263 1.9202630711417951e-01 -2.7369311154892256e-01
264 -1.8976078118313096e-02 -4.5416359799133021e-01
265 8.0205287800501013e-02 4.1634640708165103e-02
266 -4.2255335137919792e-02 -9.2524621079447408e-02
267 1.3449966467378307e-02 2.4631633594659739e-03
268 2.3770513998547418e-01 -1.4207855057221155e-01
269 -5.6297713380464555e-02 8.9680838285383435e-01
270 -5.6149279783104716e-02 -1.9594537798604289e-01
271 7.0081655126281742e-02 -4.4461222393248623e-01
272 -3.8423874485547967e-02 -2.9345973587694812e-01
273 -6.2933691619684917e-01 5.2781738361000552e-01
274 -4.9981713763653318e-01 6.8393920466206792e-01
275 3.6537165530781644e-03 -3.6970514136337129e-01
276 -4.3472247683011278e-03 -3.5800641113176046e-01
277 2.3770501352751561e-01 -1.4207850955291979e-01
278 1.9310935315088767e-01 -2.7118055786536310e-01
279 5.7793911976351468e-02 3.4553696909328559e-02
280 -4.4919776552267053e-02 -1.0505815216609107e-01
281 -5.0922575354964514e-02 -2.3367928401958660e-01
282 -9.1053615673174493e-03 -3.5319323071399295e-01
283 -6.6191786939787223e-02 8.9615468136878085e-01
284 -1.4736685710275879e-01 8.8093890611862646e-01
285 1.1704294251812128e+00 1.5632754200556820e+00
286 1.1698390113029840e+00 1.6054990699922376e+00
287 1.1659578575151393e+00 1.7549011392903373e+00
288 1.3086166428340287e-01 -3.5175576058016850e-01
289 -1.1267313127130991e-01 -4.8204093614433025e-01
290 -1.1185113807306923e-01 -4.8209601037850436e-01
291 1.3589186449342780e-01 -3.4752849265645452e-01
292 -1.0192754155723724e-01 -4.7974105406636086e-01
293 -4.2985792536770675e-03 -4.4718205278384271e-01
294 -6.6982855846757761e-01 4.5714022618850680e-01
295 -5.0902821155103128e-01 6.7716844482060146e-01
296 3.8207221354824805e-01 -4.9757881666994891e-01
297 6.7819280905248813e-01 -3.0335738346360069e-01
298 -4.3472339441643264e-03 -3.5800651827357943e-01
299 -4.9406693439351779e-02 -1.3309145145877305e-01
300 3.6536859609879293e-03 -3.6970513489333690e-01
301 -1.8848292207003664e-01 8.6840526271797380e-01
302 -1.4736679647968365e-01 8.8093830450203747e-01
303 -6.6191780245268964e-02 8.9615466762616269e-01
304 -2.1565509921770773e-01 -4.9060245921781975e-01
305 -5.5725012174993573e-02 -4.6641887709677676e-01
306 8.0983869545259393e-02 4.3420696009072071e-02
307 6.3957871678365658e-03 -5.0603274244493479e-03
308 -7.3189657972774547e-01 -5.8887194057198257e-02
309 -7.2626860638532242e-01 3.1653151117003203e-01
310 -7.3362534628449916e-01 2.8848863069655317e-01
311 9.0606675338390313e-02 -3.8801128930839712e-01
312 -5.7303447983177114e-01 -3.4067334831946677e-01
313 -3.7409992560283201e-01 7.8211970884253168e-01
314 -2.9796508586140824e-01 8.2382468907210027e-01
315 8.0205382687056986e-02 4.1634569423956339e-02
316 1.6524620220965183e-01 3.2954642756018303e-02
317 2.2093225529856494e-01 -3.1220555043998434e-02
318 7.2251572272431774e-01 -2.5333057580318780e-01
319 9.5599047960102967e-01 1.6136004690549877e-01
320 9.6282202768929082e-01 1.7802959407382005e-01
321 7.7961908721771256e-01 -1.7513738542257662e-01
322 1.0352329462576169e+00 3.9924723617337010e-01
323 8.9721012810981915e-01 2.7922914421137278e-02
324 6.8985922421542767e-01 -2.9012052402641608e-01
325 9.5599046491634432e-01 1.6136004007614366e-01
326 8.9721012487522334e-01 2.7922972545504757e-02
327 5.2210197437478061e-02 3.2023126388816638e-02
328 5.2366124477557535e-02 3.2412647743992599e-02
329 -4.3472457249849137e-03 -3.5800642660618631e-01
330 -4.6639308878289314e-02 -1.1024608803678530e-01
331 -2.4568648068001960e-02 -3.2242635110343809e-01
332 2.3650166768558695e-01 -1.4346028784669423e-01
333 6.9184115274340441e-01 -2.9184016039697114e-01
334 9.1903963072743577e-01 7.1976111455633110e-02
335 5.9894202014581666e-01 -3.7692365344068374e-01
336 -4.6639344469946380e-02 -1.1024606934199793e-01
337 5.2366106491993303e-02 3.2412631849870858e-02
338 6.9184119977328140e-01 -2.9184008508779885e-01
339 -1.9734478267715039e-01 -4.9119197861077352e-01
340 -4.8311390058120013e-01 7.0192820798743116e-01
341 -5.0902804357692566e-01 6.7716834312658247e-01
342 -3.0951329873099176e-01 8.2014602826983207e-01
343 -1.1579802433812215e-02 -3.4721775285000528e-01
344 -5.0922650427202579e-02 -2.3367918878933755e-01
345 1.0238536974897186e-01 -4.6576247398020826e-01
346 1.8784797461780403e-01 1.7966380251364499e-02
347 1.8966359717485262e-01 1.6878101201530455e-02
348 3.8207224973540449e-01 -4.9757863567450811e-01
349 -6.1230827112903141e-01 5.5434191186540838e-01
350 -6.2834257060944831e-01 5.3211182316908046e-01
351 -4.4560137738852584e-01 7.3118643238010383e-01
352 -4.1195511986816750e-02 -8.6909512287644569e-02
353 -5.0261129248040681e-01 -3.9771477819956036e-01
354 -1.9734483936120870e-01 -4.9119187000209724e-01
355 -3.3247014992923202e-01 -4.7647770153433489e-01
356 -3.3641707136592570e-02 -6.6578344441664772e-02
357 -5.5751802095227336e-02 -1.4000211151840669e-01
358 -3.9077613958318086e-01 -4.5753659649640499e-01
359 -7.4105959369046648e-01 -2.0758214247472734e-02
360 1.6083806026403102e-01 3.4337905646267562e-02
361 5.2210177929336667e-02 3.2023110790187742e-02
362 -6.0126659161021534e-01 -3.1031195858967997e-01
363 -6.6678692917933668e-01 -2.2022984808113341e-01
364 3.6454174728911926e-01 -5.0095811542907043e-01
365 2.4257437587359582e-01 -5.1000500755288380e-01
366 1.8180407215245772e-01 2.2562995589629577e-02
367 2.3709511662309213e-01 -1.4340894186849787e-01
368 6.7819274584736222e-01 -3.0335732904656271e-01
369 1.0944326896273295e+00 6.4813372528996760e-01
370 -6.0126659648970515e-01 -3.1031195746850243e-01
371 -7.1840233452346769e-01 -1.0412537127563598e-01
372 -4.2255235889666037e-02 -9.2524706928676217e-02
373 1.3450067930590689e-02 2.4630893476412655e-03
374 -7.5030237071655481e-01 3.6837805153249414e-02
375 -7.3362536960637104e-01 2.8848865338455132e-01
376 -7.2626861725092728e-01 3.1653148817404486e-01
377 1.7429439526848545e-01 -5.0057736008317266e-01
378 1.1645193304731911e+00 1.2561874508346647e+00
379 1.1611056255023606e+00 1.1958089997045582e+00
380 1.1698390104599752e+00 1.6054990709337591e+00
381 6.8985909198646389e-01 -2.9012050478343299e-01
382 8.9721014211748529e-01 2.7922926278006983e-02
383 -4.3472129874751256e-03 -3.5800650279915025e-01
384 1.4239377129600059e-01 -4.8883571189810227e-01
385 1.7429442235539414e-01 -5.0057733689983586e-01
386 2.3640732520964369e-01 -1.4215038998408613e-01
387 9.0606648947599872e-02 -3.8801128092961612e-01
388 -5.3783692139402151e-02 -4.6571553044741509e-01
389 1.6083796213801330e-01 3.4337973699731662e-02
390 2.3650173336119468e-01 -1.4346036322083025e-01
391 2.2172266937558974e-01 -3.1692398786680447e-02
392 4.9057855179340061e-02 2.9821725887441121e-02
393 -4.9406675713887696e-02 -1.3309143754427094e-01
394 -6.4807892395055833e-01 -2.4887713220214264e-01
395 -3.6527354844984961e-01 -4.6637110906878138e-01
396 -7.3362535503062731e-01 2.8848859429702722e-01
397 8.8548040571632777e-02 -3.9015323104142507e-01
398 -1.8975956284256867e-02 -4.5416366070158348e-01
399 -2.4568666801121290e-02 -3.2242631387308218e-01
400 -4.6639326890877499e-02 -1.1024605522703662e-01
401 3.6454190122063795e-01 -5.0095801473493340e-01
402 4.1004312401588094e-01 -4.8998037024187807e-01
403 -3.7409989800978682e-01 7.8211966725972992e-01
404 -3.0951329758405571e-01 8.2014603369477812e-01
405 8.0983990835854031e-02 4.3420633460721683e-02
406 6.3958889436196691e-03 -5.0604162238655414e-03
407 -4.5164084669083843e-01 7.2595197578153725e-01
408 -2.9796506177817456e-01 8.2382454871922151e-01
409 -2.7281432557694146e-01 8.3545345904101309e-01
410 1.6204659350137962e-01 3.5655922254886646e-02
411 1.0782921026243389e-01 4.8707003071248992e-02
412 3.8207220346918402e-01 -4.9757879846424591e-01
413 6.7819274956195541e-01 -3.0335744334020909e-01
414 6.0208284834448655e-01 -3.7535066322064226e-01
415 -3.8423953769417485e-02 -2.9345963290765764e-01
416 7.0081595861132440e-02 -4.4461211708238968e-01
417 -2.1565512331395587e-01 -4.9060249007468182e-01
418 4.2557550414131518e-01 -4.8271872409256894e-01
419 2.4456174693002239e-01 -5.1158969477580063e-01
420 -4.8627701359438075e-01 -4.0960331956095258e-01
421 -2.7281433914003222e-01 8.3545349901684918e-01
422 -1.3719945967534192e-01 8.8182094572614766e-01
423 -1.5190435414872572e-01 8.7783818759572696e-01
424 -7.3307359993159360e-01 2.8734376425366909e-01
425 -6.2933683755194003e-01 5.2781756913407596e-01
426 6.8985947574697848e-01 -2.9012005668052543e-01
427 8.0983903835316562e-02 4.3420685844042198e-02
428 1.0944327452540563e+00 6.4813380107749929e-01
429 1.1102968002539406e+00 7.3511701171816901e-01
430 1.1507141442724227e+00 1.0534417912926559e+00
431 1.1704294377340208e+00 1.5632754316356907e+00
432 1.1645193382592736e+00 1.2561874483054420e+00
433 1.1704294389847263e+00 1.5632754326116980e+00
434 2.2132636917964055e-01 -3.1213677928754756e-02
435 -5.0922676925929146e-02 -2.3367919885109195e-01
436 2.4257450245754411e-01 -5.1000496879985258e-01
437 5.9894186212194500e-01 -3.7692377913893738e-01
438 1.3086170263247177e-01 -3.5175575019645111e-01
439 -3.0951332055693059e-01 8.2014606624771014e-01
440 -4.8311395914704414e-01 7.0192676122770448e-01
441 -3.0374666564652442e-01 -4.8257581551404688e-01
442 -5.7303438675786877e-01 -3.4067331838151182e-01
443 2.4456174916660495e-01 -5.1158970929830816e-01
444 -4.2695216255160956e-01 -4.4193697229512124e-01
445 -3.9815617647406626e-01 -4.5494837158720691e-01
446 5.7793891320047620e-02 3.4553682962960429e-02
447 1.8784791034613690e-01 1.7966373445739751e-02
448 1.1507156104390890e+00 1.0534436100393498e+00
449 -1.1579799115008033e-02 -3.4721791812152697e-01
450 -1.8848290381061011e-01 8.6840428458568142e-01
451 -9.1054758438038688e-03 -3.5319305748267105e-01
452 7.0081537475687544e-02 -4.4461208174874328e-01
453 8.9721013888289358e-01 2.7922984402375554e-02
454 4.1114980712751020e-01 -4.8943167348333427e-01
455 5.2210224896823448e-02 3.2023093251349818e-02
456 1.8598043686191942e-01 1.8778025493723399e-02
457 2.3487833524228863e-01 -1.4308984982569853e-01
458 1.2951067984268988e-01 -3.5278194493241272e-01
459 1.2951068318749770e-01 -3.5278194892975534e-01
460 1.0352329597644279e+00 3.9924728658237874e-01
461 3.1223413998270232e-05 -3.7082356007120681e-01
462 -6.1230827664992504e-01 5.5434189700261050e-01
463 -6.3528277011986545e-01 5.2036349178383867e-01
464 -6.1230829252537566e-01 5.5434204666974263e-01
465 2.3595041416544243e-01 -1.4273764880163820e-01
466 1.9102469464438629e-01 -2.7378371475551905e-01
467 -1.1185112841966491e-01 -4.8209600396245200e-01
468 -1.1267308023731326e-01 -4.8204094881606663e-01
469 -6.2933693792515821e-01 5.2781706845816778e-01
470 1.4239378254477170e-01 -4.8883577669031703e-01
471 1.3116152628772260e-01 -4.8083710367270294e-01
472 -4.2985641824624587e-03 -4.4718208768153445e-01
473 1.9102470478108940e-01 -2.7378371750296443e-01
474 -7.3859734388499376e-01 2.6004915292304237e-01
475 -6.3528277572934666e-01 5.2036345049103050e-01
476 8.8574265434860910e-01 3.8242435719977289e-03
477 2.2132634750122393e-01 -3.1213691352636276e-02
478 2.3640738911912232e-01 -1.4215042459159402e-01
479 -1.0192756375836426e-01 -4.7974106851053583e-01
480 2.3650182974096062e-01 -1.4346041696769268e-01
481 1.9202640443989760e-01 -2.7369317290855738e-01
482 1.6256314724868062e-01 -4.9495440599367602e-01
483 -1.5190426417421574e-01 8.7783775751013660e-01
484 -4.5164090216446823e-01 7.2595203515478757e-01
485 -4.4560137924506044e-01 7.3118646182757152e-01
486 -1.0192749972992758e-01 -4.7974106858239945e-01
487 -5.7979786350528284e-01 5.9748503865230551e-01
488 5.8568192486709615e-02 -4.3296739014819763e-01
489 -3.0179748901409681e-01 8.2180874447837537e-01
490 -3.7114725327908088e-01 -4.6388837731611943e-01
491 1.0352329512771623e+00 3.9924723947924490e-01
492 1.4239380646896907e-01 -4.8883575662103884e-01
493 -6.4807905158720147e-01 -2.4887706884003138e-01
494 -7.3189663734725008e-01 -5.8887146962278848e-02
495 1.3116153571490241e-01 -4.8083709783456713e-01
496 9.9063092014808063e-02 4.6697226030542806e-02
497 3.9572588854330522e-02 2.6494782074132465e-02
498 -6.7143853973017642e-01 4.5314986480847175e-01
499 -4.9406681251504610e-02 -1.3309145632496064e-01
500 1.2460316242888100e-01 -3.6023666994230275e-01
501 -1.3505874583108834e-01 -4.8720411104509798e-01
502 -7.5030236891923829e-01 3.6837790367374772e-02
503 1.9102461300612592e-01 -2.7378365544840300e-01
504 2.2093216269395063e-01 -3.1220494397187763e-02
505 -4.9981710222447379e-01 6.8393916957811540e-01
506 5.8568153265076438e-02 -4.3296744351783117e-01
507 1.8598045663049867e-01 1.8778042768225488e-02
508 -3.6527361653353602e-01 -4.6637105878704210e-01
509 -4.8627703947552758e-01 -4.0960324502224099e-01
510 -6.4807900364013538e-01 -2.4887702952598453e-01
511 5.9894212311396455e-01 -3.7692369208205323e-01
512 -1.1185112159802106e-01 -4.8209599361827082e-01
513 1.3086168460445990e-01 -3.5175574229202039e-01
514 1.2951069660928932e-01 -3.5278192816074849e-01
515 6.9184121975881541e-01 -2.9184001422043160e-01
516 9.1903992191998463e-01 7.1976540211200077e-02
517 9.6282201618371521e-01 1.7802959253135342e-01
518 1.8418008186719195e-02 8.9263863750844320e-03
519 -2.4222263764399794e-02 -4.8112834316929538e-02
520 -2.4568683398925241e-02 -3.2242632545304911e-01
521 4.0896930197100551e-01 -4.9253210153687527e-01
522 6.3958763063330995e-03 -5.0604000179026113e-03
523 2.3595583473444659e-01 -1.4262545445639541e-01
524 5.8568128273475545e-02 -4.3296726359000992e-01
525 -3.3641797164197469e-02 -6.6578258740929236e-02
526 1.1102967738452485e+00 7.3511697002842735e-01
527 1.0944326394682908e+00 6.4813372608290065e-01
528 1.1645193453496985e+00 1.2561874254275078e+00
529 -1.1955362027121227e-01 -4.8349660371771508e-01
530 -7.2905997632679942e-01 3.0091303462694685e-01
531 -6.6982850527667170e-01 4.5714003919863117e-01
532 8.8547949615826987e-02 -3.9015317636557356e-01
533 -1.8976045477847946e-02 -4.5416359906186560e-01
534 1.9202630950699112e-01 -2.7369311343615271e-01
535 5.9894196509011011e-01 -3.7692381778027090e-01
536 -6.2834259199703224e-01 5.3211182599263585e-01
537 1.6256315267936389e-01 -4.9495440828536352e-01
538 1.3116147193038738e-01 -4.8083705960759587e-01
539 -4.8627705327243181e-01 -4.0960325556888855e-01
540 2.2172276801719343e-01 -3.1692465040650278e-02
541 -3.3247006556695818e-01 -4.7647776791940233e-01
542 -4.3851048863283348e-01 -4.3765706100806206e-01
543 -6.0126651334905723e-01 -3.1031203212920988e-01
544 1.6204656490968924e-01 3.5655922853834308e-02
545 8.0983956545787009e-02 4.3420643625762541e-02
546 -1.8590762669004504e-01 -4.9078838783310563e-01
547 -5.7303446346208098e-01 -3.4067333816652806e-01
548 -3.9815615445876062e-01 -4.5494838505524704e-01
549 -6.5557632613981531e-01 -2.3649211043565552e-01
550 1.1507154681399296e+00 1.0534434403943331e+00
551 7.7961916781508345e-01 -1.7513726129105922e-01
552 -5.4265270442263180e-01 -3.6624588421716603e-01
553 -6.5155835872482581e-01 -2.4222351018772942e-01
554 8.8574227113630810e-01 3.8237894636114892e-03
555 9.1948055775602389e-01 7.4256115969712988e-02
556 -1.1955360707174092e-01 -4.8349658604309453e-01
557 5.2210244404964412e-02 3.2023108849982510e-02
558 -3.3247006059280421e-01 -4.7647776827610044e-01
559 2.4456170700944174e-01 -5.1158961612877019e-01
560 -5.7979784404867696e-01 5.9748502246666269e-01
561 1.7429442138011531e-01 -5.0057734679942889e-01
562 4.0896926745081918e-01 -4.9253220981194512e-01
563 -4.3851057176482389e-01 -4.3765699102679961e-01
564 -5.4265266404233370e-01 -3.6624584953818451e-01
565 3.6454178983260083e-01 -5.0095808175733159e-01
566 -6.2727039394418427e-01 -2.7857762009875064e-01
567 1.8508795788671947e-01 1.8951297860090560e-02
568 -3.0374657186351883e-01 -4.8257583814351734e-01
569 -3.9077617568941919e-01 -4.5753657477531601e-01
570 4.9057839604081992e-02 2.9821710451496331e-02
571 5.2366114409321887e-02 3.2412663114472252e-02
572 -4.6463357801516177e-02 -2.6167817853108039e-01
573 6.9184117272893320e-01 -2.9184008952961626e-01
574 -4.4919795201507150e-02 -1.0505816557852668e-01
575 2.2257418554580854e-01 -3.1062003675715603e-02
576 1.1704294239305058e+00 1.5632754190796729e+00
577 -3.0179749137626377e-01 8.2180874158158002e-01
578 -3.0374655337063744e-01 -4.8257582206627014e-01
579 -4.6463414469595080e-02 -2.6167813922489297e-01
580 7.0081596740820692e-02 -4.4461218859883289e-01
581 -3.7409990214457489e-01 7.8211966233552566e-01
582 -4.1195595381209579e-02 -8.6909427950753140e-02
583 4.1004314573138823e-01 -4.8998026749627177e-01
584 -6.6982855111180117e-01 4.5714021901372531e-01
585 1.8508794804142531e-01 1.8951302099429444e-02
586 -4.2986023724222782e-03 -4.4718206377517938e-01
587 -4.1195510167397691e-02 -8.6909489600011214e-02
588 2.3694007810574924e-01 -1.4231224180229873e-01
589 1.3589188642692332e-01 -3.4752851685024333e-01
590 3.6454194376412102e-01 -5.0095798106319556e-01
591 1.1625617060039326e+00 1.2210391966068952e+00
592 1.2951069995409803e-01 -3.5278193215809295e-01
593 -1.1185114489471025e-01 -4.8209602072268337e-01
594 1.8598041238598509e-01 1.8778032935844034e-02
595 2.3527918737233069e-01 -1.4289610515262652e-01
596 4.3914587774972602e-01 -4.8096123779271527e-01
597 3.1264982750714321e-05 -3.7082368214145872e-01
598 -4.8627699979748085e-01 -4.0960330901430331e-01
599 9.9063194559092085e-02 4.6697130394184390e-02
600 1.8180417140541713e-01 2.2562922384441103e-02
601 2.4257451006291389e-01 -5.1000519506715969e-01
602 -4.2695213956226263e-01 -4.4193696237126623e-01
603 -1.8848290791316982e-01 8.6840417924109581e-01
604 -3.7114717441589690e-01 -4.6388843977110322e-01
605 -5.0261121259042274e-01 -3.9771484594163931e-01
606 -1.9734475417140340e-01 -4.9119193076654327e-01
607 -5.5751894749807324e-02 -1.4000201651917721e-01
608 1.0873572448604651e+00 6.1382286508271455e-01
609 -4.4919744488840611e-02 -1.0505819697908825e-01
610 1.3358944735600695e-01 -3.4951888412295473e-01
611 2.3640736152853550e-01 -1.4215038620465495e-01
612 1.0873572507893412e+00 6.1382288920033634e-01
613 1.1625609339970371e+00 1.2210382340111050e+00
614 -3.7114724205889571e-01 -4.6388837380377640e-01
615 2.3709522498819965e-01 -1.4340901050296931e-01
616 -4.9981713189754873e-01 6.8393921680653535e-01
617 1.0915349904723815e+00 6.3475721597259560e-01
618 1.9202640204708774e-01 -2.7369317102132601e-01
619 1.3116148135756933e-01 -4.8083705376946667e-01
620 -6.2834259201192377e-01 5.3211185936438354e-01
621 -4.8270008448632601e-01 7.0078790138942049e-01
622 -3.9815613760337726e-01 -4.5494837009255978e-01
623 -7.5321336475004630e-01 1.1679404719384585e-01
624 -2.7281433123197718e-01 8.3545346706492607e-01
625 8.8548120682458514e-02 -3.9015360957266776e-01
626 -6.6442740415334522e-01 -2.2150518366922353e-01
627 -4.2695215563154537e-01 -4.4193697733088821e-01
628 -1.3719947687685535e-01 8.8182095397177029e-01
629 1.2460306921849186e-01 -3.6023660601770213e-01
630 1.4239374737179963e-01 -4.8883573196737984e-01
631 -7.4105963368251671e-01 -2.0758184050569783e-02
632 1.6204649082763567e-01 3.5655963112471996e-02
633 -1.1579877522255614e-02 -3.4721790942080466e-01
634 -1.3505883238484576e-01 -4.8720404689148183e-01
635 -1.8975988924715914e-02 -4.5416365963104927e-01
636 -7.1229593137635328e-01 -1.2378546851189477e-01
637 2.2093217223899592e-01 -3.1220494755341846e-02
638 5.7793965593174512e-02 3.4553672314277667e-02
639 -7.3307358032846259e-01 2.8734365164108400e-01
640 -3.8423875129070494e-02 -2.9345973637807082e-01
641 2.3640742543801979e-01 -1.4215042081216653e-01
168 -5.3783710614190350e-02 -4.6571549087206748e-01
