162 4 BEM3DMeshData
0 -7.0136904655348081e-02 -2.6789913720178613e-02 -4.3346990941132250e-02 2.6104047135505185e-02
1 -8.8554320131657122e-02 -1.4086050281631811e-02 -2.5119082595446859e-02 2.5073061434924344e-02
2 -7.3622673181169440e-02 2.8248901758280475e-18 -4.4175073011619027e-02 2.6151189737699657e-02
3 2.5832461931745335e-02 9.1069253624225632e-02 -1.4486092646347749e-02 2.4504268666225619e-02
4 2.1906487700988072e-02 7.6365683739914952e-02 -3.8829054399714000e-02 2.5837397539885641e-02
6 -4.8380684793801962e-02 -3.5928684208106389e-02 -5.6076444383800182e-02 2.6888535792717827e-02
7 -5.6524540263127726e-02 -1.2600252221006391e-02 -5.8470738777515324e-02 2.7037093940194646e-02
5 2.6178022298231094e-18 8.9061611991502060e-02 -2.6581984946235555e-02 2.5154893702290300e-02
8 -3.4677129807344220e-02 -1.9564064316635744e-02 -6.8200031363502167e-02 2.7682793234766891e-02
9 4.8380684793801962e-02 3.5928684208106389e-02 -5.6076444383800182e-02 2.6888535792717827e-02
10 3.4677129807344220e-02 1.9564064316635748e-02 -6.8200031363502167e-02 2.7682793234766891e-02
11 2.4718934966430982e-02 3.9996076928656012e-02 -6.4715011889585172e-02 2.7450946413137087e-02
12 8.2598727757094521e-19 8.2598727757094521e-19 1.7583691896190587e-01 1.8797558085159264e-02
13 -4.8771687647555392e-02 2.0012713016954919e-18 1.6340710184821805e-01 1.9020241493591737e-02
14 -2.5538799676666349e-02 -4.5542306440811378e-02 1.6055395211068199e-01 1.9055105399373440e-02
15 -5.7752401058709713e-02 -9.0138266328967376e-02 7.7767966550699674e-02 2.0934011258792580e-02
16 -8.2661556982418574e-02 -6.1386501444315747e-02 9.5810264417686822e-02 2.0465133767293177e-02
17 -8.2523003280255178e-02 -7.1197798894205605e-02 5.2873233268287474e-02 2.1681035111345493e-02
18 4.8771687647555392e-02 8.0050852067819673e-19 1.6340710184821808e-01 1.9020241493591741e-02
19 2.5538799676666352e-02 4.5542306440811378e-02 1.6055395211068199e-01 1.9055105399373440e-02
20 7.0136904655348054e-02 -2.6789913720178603e-02 -4.3346990941132237e-02 2.6104047135505178e-02
21 8.0134022397445673e-02 -4.0745111711898145e-02 -2.2987484562556230e-02 2.4947576834370155e-02
22 6.0468010873001514e-02 -5.2169566139610893e-02 -3.8742400507405121e-02 2.5833535546423189e-02
23 2.2002959029089232e-18 8.0284846815060873e-02 1.3380362805310608e-01 1.9539325913369810e-02
24 4.6928554852029895e-02 7.5931996769335069e-02 1.2286055161091984e-01 1.9800820922974447e-02
25 2.1608040106798204e-02 1.0027085540973091e-01 9.6933340031699858e-02 2.0436256821069643e-02
26 1.2585590852283956e-02 5.8402703547295022e-02 -5.6458769585515239e-02 2.6912944820551492e-02
27 1.4908314980829457e-18 4.0798323407007918e-02 -6.7994944337585198e-02 2.7665384440759458e-02
28 -1.2585590852283956e-02 5.8402703547295022e-02 -5.6458769585515239e-02 2.6912944820551492e-02
30 2.2044866838046292e-02 0.0000000000000000e+00 -7.3860224535732141e-02 2.8075213308202514e-02
31 -3.6940110201019095e-02 5.7655048629682966e-02 -4.9742646224728147e-02 2.6489721917849058e-02
29 4.1632545373842020e-02 -2.2302952099147812e-19 -6.7362873465338813e-02 2.7628422887600781e-02
32 -6.0468010873001500e-02 5.2169566139610893e-02 -3.8742400507405114e-02 2.5833535546423189e-02
33 -4.5829359404829600e-02 7.4153461202357981e-02 -2.8324101803832644e-02 2.5245240734036868e-02
34 1.0209776115277659e-01 -3.8997874596077217e-02 6.3099886565379348e-02 2.1378182227244164e-02
35 1.0703088159598372e-01 -1.7025057361480932e-02 3.0360094810460807e-02 2.2506999315489530e-02
36 1.1003280945835650e-01 0.0000000000000000e+00 6.6021881323642201e-02 2.1315515522306608e-02
37 -5.2268011513943259e-02 -8.7110455448675933e-02 1.9099509832740803e-18 2.3810267271808627e-02
38 -4.5829359404829614e-02 -7.4153461202358023e-02 -2.8324101803832651e-02 2.5245240734036875e-02
39 -2.5832461931745335e-02 -9.1069253624225632e-02 -1.4486092646347747e-02 2.4504268666225619e-02
40 2.1608040106798204e-02 -1.0027085540973091e-01 9.6933340031699858e-02 2.0436256821069643e-02
41 -2.1608040106798204e-02 -1.0027085540973091e-01 9.6933340031699858e-02 2.0436256821069643e-02
42 2.8821789460638075e-18 -1.0881511043081731e-01 6.7251436723548413e-02 2.1248987905155035e-02
43 -3.0187053102796065e-02 1.0523160909013118e-01 5.3506282846184236e-02 2.1674423706198671e-02
44 -2.1608040106798204e-02 1.0027085540973092e-01 9.6933340031699858e-02 2.0436256821069643e-02
45 4.3232684190957112e-18 1.0881511043081735e-01 6.7251436723548427e-02 2.1248987905155038e-02
46 3.0187053102796076e-02 -1.0523160909013118e-01 5.3506282846184243e-02 2.1674423706198671e-02
47 -5.6524540263127712e-02 1.2600252221006393e-02 -5.8470738777515331e-02 2.7037093940194646e-02
48 -4.1632545373842020e-02 2.6763542518977373e-18 -6.7362873465338813e-02 2.7628422887600781e-02
49 6.0468010873001535e-02 5.2169566139610921e-02 -3.8742400507405128e-02 2.5833535546423196e-02
50 7.0136904655348054e-02 2.6789913720178603e-02 -4.3346990941132237e-02 2.6104047135505178e-02
51 -7.0136904655348081e-02 2.6789913720178613e-02 -4.3346990941132250e-02 2.6104047135505185e-02
52 7.3622673181169440e-02 0.0000000000000000e+00 -4.4175073011619027e-02 2.6151189737699657e-02
53 5.6524540263127712e-02 1.2600252221006388e-02 -5.8470738777515331e-02 2.7037093940194646e-02
54 2.4718934966430989e-02 -3.9996076928656012e-02 -6.4715011889585172e-02 2.7450946413137087e-02
55 4.8380684793801962e-02 -3.5928684208106389e-02 -5.6076444383800182e-02 2.6888535792717827e-02
56 3.6940110201019095e-02 -5.7655048629682966e-02 -4.9742646224728147e-02 2.6489721917849058e-02
57 -8.6423604510220173e-02 -5.3412725007849729e-02 2.2890965452878673e-18 2.3812323013603129e-02
58 -9.7344723187324039e-02 -2.9054223346056375e-02 3.3381472182785768e-18 2.3810228684221633e-02
60 -7.6909382395153852e-02 7.4349453636096061e-02 1.6573719378305884e-02 2.3089075311383562e-02
61 -9.7567419804177782e-02 4.9609333219863494e-02 2.7988480915547693e-02 2.2636344786351865e-02
59 -8.0134022397445687e-02 -4.0745111711898152e-02 -2.2987484562556230e-02 2.4947576834370155e-02
62 -8.2523003280255178e-02 7.1197798894205605e-02 5.2873233268287474e-02 2.1681035111345493e-02
63 -2.2044866838046275e-02 2.5328163150757321e-18 -7.3860224535732114e-02 2.8075213308202503e-02
64 2.5146187423169772e-18 -5.3884687335363786e-19 -7.6473473281087639e-02 2.8257344731310738e-02
65 -1.1697666008064204e-02 -2.0859973715533005e-02 -7.3539341388132451e-02 2.8050144874342132e-02
66 3.7092124362360267e-18 -1.0816546851836399e-01 3.2283862727883410e-02 2.2420887547265365e-02
67 9.6978436581502847e-02 -2.1618092871476514e-02 1.0031750468049050e-01 2.0298934856686549e-02
68 9.6978436581502833e-02 2.1618092871476514e-02 1.0031750468049051e-01 2.0298934856686549e-02
69 8.2223523089537814e-02 -8.8095852916134250e-19 1.3304045505790693e-01 1.9583973494260443e-02
70 5.7752401058709713e-02 9.0138266328967376e-02 7.7767966550699674e-02 2.0934011258792580e-02
71 5.7542161739694807e-02 9.3105173484371417e-02 3.5563011752592043e-02 2.2325008473752992e-02
72 3.0187053102796076e-02 1.0523160909013118e-01 5.3506282846184236e-02 2.1674423706198671e-02
73 1.1181236235622094e-18 -4.0798323407007925e-02 -6.7994944337585225e-02 2.7665384440759461e-02
74 1.1697666008064208e-02 -2.0859973715533001e-02 -7.3539341388132451e-02 2.8050144874342132e-02
75 1.0209776115277661e-01 3.8997874596077217e-02 6.3099886565379348e-02 2.1378182227244167e-02
76 -1.1697666008064203e-02 2.0859973715533005e-02 -7.3539341388132451e-02 2.8050144874342132e-02
77 -3.4677129807344220e-02 1.9564064316635751e-02 -6.8200031363502167e-02 2.7682793234766891e-02
78 -2.4718934966430982e-02 3.9996076928656012e-02 -6.4715011889585172e-02 2.7450946413137087e-02
79 -6.9250005280624333e-02 -3.9069310659919899e-02 1.3619502416434198e-01 1.9513184266569082e-02
80 -4.6928554852029895e-02 -7.5931996769335069e-02 1.2286055161091984e-01 1.9800820922974447e-02
81 1.1697666008064204e-02 2.0859973715533001e-02 -7.3539341388132451e-02 2.8050144874342132e-02
82 5.7542161739694807e-02 -9.3105173484371417e-02 3.5563011752592043e-02 2.2325008473752992e-02
83 5.7752401058709713e-02 -9.0138266328967376e-02 7.7767966550699674e-02 2.0934011258792580e-02
84 3.4677129807344220e-02 -1.9564064316635751e-02 -6.8200031363502167e-02 2.7682793234766891e-02
85 6.9250005280624319e-02 3.9069310659919892e-02 1.3619502416434195e-01 1.9513184266569082e-02
86 5.6524540263127726e-02 -1.2600252221006391e-02 -5.8470738777515324e-02 2.7037093940194646e-02
87 -3.6940110201019075e-02 -5.7655048629682966e-02 -4.9742646224728120e-02 2.6489721917849054e-02
88 -2.4718934966430989e-02 -3.9996076928656019e-02 -6.4715011889585186e-02 2.7450946413137091e-02
89 8.6423604510220173e-02 5.3412725007849729e-02 1.7168224089659005e-18 2.3812323013603129e-02
90 9.7344723187324039e-02 2.9054223346056389e-02 3.3381472182785768e-18 2.3810228684221630e-02
91 8.0134022397445673e-02 4.0745111711898152e-02 -2.2987484562556230e-02 2.4947576834370155e-02
92 -6.0468010873001500e-02 -5.2169566139610893e-02 -3.8742400507405114e-02 2.5833535546423189e-02
93 2.9249651555897694e-02 1.0311614676922513e-01 1.6402353110271127e-02 2.3102347910312789e-02
94 5.2268011513943266e-02 8.7110455448675919e-02 1.9099509832740806e-18 2.3810267271808627e-02
95 2.9249651555897694e-02 -1.0311614676922513e-01 1.6402353110271127e-02 2.3102347910312789e-02
96 5.2268011513943266e-02 -8.7110455448675919e-02 1.9099509832740806e-18 2.3810267271808627e-02
97 -3.0187053102796065e-02 -1.0523160909013118e-01 5.3506282846184236e-02 2.1674423706198671e-02
98 8.2661556982418574e-02 6.1386501444315754e-02 9.5810264417686822e-02 2.0465133767293177e-02
99 6.9250005280624333e-02 -3.9069310659919899e-02 1.3619502416434198e-01 1.9513184266569082e-02
100 1.9394537286107755e-18 7.3223028688923691e-02 -4.5254320480706926e-02 2.6218205385836895e-02
101 -2.1906487700988068e-02 7.6365683739914952e-02 -3.8829054399714000e-02 2.5837397539885641e-02
102 -2.9249651555897680e-02 1.0311614676922512e-01 1.6402353110271124e-02 2.3102347910312786e-02
103 -5.2268011513943259e-02 8.7110455448675891e-02 1.4324632374555598e-18 2.3810267271808624e-02
104 -5.7542161739694800e-02 9.3105173484371376e-02 3.5563011752592036e-02 2.2325008473752985e-02
105 4.6928554852029888e-02 -7.5931996769335056e-02 1.2286055161091980e-01 1.9800820922974444e-02
106 2.9337278705452317e-18 -8.0284846815060873e-02 1.3380362805310606e-01 1.9539325913369810e-02
107 4.0566101693542424e-18 1.0159704036155245e-01 1.9089930208725851e-18 2.3812323013022239e-02
108 -1.0703088159598372e-01 1.7025057361480928e-02 3.0360094810460800e-02 2.2506999315489530e-02
109 -1.0209776115277659e-01 3.8997874596077217e-02 6.3099886565379348e-02 2.1378182227244164e-02
110 8.2523003280255178e-02 7.1197798894205605e-02 5.2873233268287481e-02 2.1681035111345493e-02
111 -1.0703088159598372e-01 -1.7025057361480921e-02 3.0360094810460807e-02 2.2506999315489530e-02
112 -9.7567419804177782e-02 -4.9609333219863494e-02 2.7988480915547696e-02 2.2636344786351865e-02
113 -1.0209776115277661e-01 -3.8997874596077217e-02 6.3099886565379334e-02 2.1378182227244167e-02
114 -2.5832461931745335e-02 9.1069253624225632e-02 -1.4486092646347747e-02 2.4504268666225619e-02
115 9.7567419804177782e-02 -4.9609333219863501e-02 2.7988480915547700e-02 2.2636344786351865e-02
116 2.5538799676666352e-02 -4.5542306440811378e-02 1.6055395211068199e-01 1.9055105399373440e-02
117 -2.9249651555897691e-02 -1.0311614676922513e-01 1.6402353110271130e-02 2.3102347910312789e-02
118 2.3862412760907308e-18 -1.0159704036155245e-01 2.3862412760907308e-18 2.3812323013022239e-02
119 -1.0159704036155245e-01 3.8179860417451701e-18 2.6248654036998043e-18 2.3812323013022239e-02
120 -9.7344723187324039e-02 2.9054223346056389e-02 7.1531726105969490e-19 2.3810228684221633e-02
121 -8.8554320131657122e-02 1.4086050281631820e-02 -2.5119082595446863e-02 2.5073061434924344e-02
122 -9.6978436581502833e-02 2.1618092871476518e-02 1.0031750468049051e-01 2.0298934856686549e-02
123 -9.6978436581502833e-02 -2.1618092871476514e-02 1.0031750468049051e-01 2.0298934856686549e-02
124 -8.2223523089537814e-02 5.2857511749680554e-18 1.3304045505790693e-01 1.9583973494260443e-02
125 -6.8141403937765299e-02 -6.5873317337789547e-02 -1.4684248809927662e-02 2.4517426748982048e-02
126 -8.0134022397445673e-02 4.0745111711898152e-02 -2.2987484562556226e-02 2.4947576834370155e-02
127 6.8141403937765299e-02 6.5873317337789547e-02 -1.4684248809927662e-02 2.4517426748982048e-02
128 8.2661556982418616e-02 -6.1386501444315789e-02 9.5810264417686863e-02 2.0465133767293184e-02
129 -4.8380684793801962e-02 3.5928684208106389e-02 -5.6076444383800182e-02 2.6888535792717827e-02
130 -7.6909382395153852e-02 -7.4349453636096061e-02 1.6573719378305887e-02 2.3089075311383562e-02
131 1.3247187272271523e-18 1.0816546851836399e-01 3.2283862727883410e-02 2.2420887547265365e-02
132 -6.9250005280624333e-02 3.9069310659919906e-02 1.3619502416434198e-01 1.9513184266569082e-02
133 -2.5538799676666342e-02 4.5542306440811378e-02 1.6055395211068199e-01 1.9055105399373440e-02
134 8.8554320131657122e-02 1.4086050281631816e-02 -2.5119082595446859e-02 2.5073061434924344e-02
135 1.0159704036155245e-01 4.7724825521814626e-19 2.6248654036998043e-18 2.3812323013022239e-02
136 8.8554320131657122e-02 -1.4086050281631816e-02 -2.5119082595446859e-02 2.5073061434924344e-02
137 4.5829359404829600e-02 7.4153461202357981e-02 -2.8324101803832647e-02 2.5245240734036868e-02
138 3.6940110201019095e-02 5.7655048629682994e-02 -4.9742646224728161e-02 2.6489721917849061e-02
139 2.1815018581859247e-18 -8.9061611991502060e-02 -2.6581984946235551e-02 2.5154893702290300e-02
140 2.5832461931745335e-02 -9.1069253624225632e-02 -1.4486092646347747e-02 2.4504268666225619e-02
141 4.5829359404829600e-02 -7.4153461202357981e-02 -2.8324101803832644e-02 2.5245240734036868e-02
142 6.8141403937765299e-02 -6.5873317337789547e-02 -1.4684248809927662e-02 2.4517426748982048e-02
143 -5.7542161739694800e-02 -9.3105173484371376e-02 3.5563011752592036e-02 2.2325008473752985e-02
144 7.6909382395153852e-02 -7.4349453636096061e-02 1.6573719378305891e-02 2.3089075311383562e-02
145 1.0703088159598372e-01 1.7025057361480928e-02 3.0360094810460807e-02 2.2506999315489530e-02
146 9.7567419804177782e-02 4.9609333219863494e-02 2.7988480915547696e-02 2.2636344786351865e-02
147 -1.1003280945835650e-01 4.2219412719881012e-18 6.6021881323642187e-02 2.1315515522306608e-02
148 8.2523003280255164e-02 -7.1197798894205619e-02 5.2873233268287474e-02 2.1681035111345493e-02
149 -5.7752401058709713e-02 9.0138266328967376e-02 7.7767966550699674e-02 2.0934011258792580e-02
150 -8.2661556982418602e-02 6.1386501444315775e-02 9.5810264417686850e-02 2.0465133767293180e-02
151 -8.6423604510220187e-02 5.3412725007849729e-02 3.4336448179318005e-18 2.3812323013603129e-02
152 9.7344723187324039e-02 -2.9054223346056382e-02 4.7687817403979666e-19 2.3810228684221633e-02
153 2.4243171607634700e-18 -7.3223028688923678e-02 -4.5254320480706926e-02 2.6218205385836895e-02
154 2.1906487700988075e-02 -7.6365683739914952e-02 -3.8829054399714000e-02 2.5837397539885641e-02
155 -4.6928554852029895e-02 7.5931996769335069e-02 1.2286055161091984e-01 1.9800820922974447e-02
156 -1.2585590852283958e-02 -5.8402703547295008e-02 -5.6458769585515246e-02 2.6912944820551492e-02
157 7.6909382395153852e-02 7.4349453636096061e-02 1.6573719378305887e-02 2.3089075311383562e-02
158 1.2585590852283958e-02 -5.8402703547295008e-02 -5.6458769585515246e-02 2.6912944820551492e-02
159 8.6423604510220187e-02 -5.3412725007849729e-02 2.8613706816098333e-18 2.3812323013603129e-02
160 -2.1906487700988068e-02 -7.6365683739914952e-02 -3.8829054399714000e-02 2.5837397539885641e-02
161 -6.8141403937765313e-02 6.5873317337789547e-02 -1.4684248809927664e-02 2.4517426748982055e-02
