730 4 BEM3DMeshData
0 -7.7666065177980151e-02 -3.8259236256227451e-02 6.3190905388800969e-02 1.8137035458695970e-03
1 -9.2093079859397187e-02 -3.8597536218677904e-02 6.8409802387624299e-02 1.3158994340855530e-03
2 -8.9450882054703904e-02 -3.8545738354250687e-02 6.7575592288410424e-02 1.3948947838521165e-03
3 -8.0409198573468191e-02 -3.8359635017239366e-02 8.4968561061405601e-02 2.2650323155004003e-03
4 -8.7929341321901583e-02 -3.8538039384371905e-02 9.7949435915292871e-02 2.1154912071831931e-03
5 -8.1197157178520676e-02 -3.8387151809183159e-02 9.1813059160004915e-02 2.3933509619422865e-03
6 -4.1035489891205652e-02 -3.6321716374899074e-02 2.7286907582087502e-02 2.6757874257474063e-03
7 -3.9747482330839669e-02 -3.6193550730385673e-02 2.8520046411272284e-02 2.9434777038641509e-03
8 -3.6139697703836078e-02 -3.5795809937646923e-02 2.7561737588714837e-02 3.2741708609083774e-03
9 -1.3378334137329242e-01 -3.9145303853979511e-02 5.2783750884145615e-02 3.8840901510130008e-04
10 -1.6696786296325811e-01 -3.9330618806013795e-02 9.2623118984390601e-02 3.6981213404989094e-04
11 -1.5892832686592867e-01 -3.9272317543812330e-02 1.1684117703714737e-01 5.3814392877242880e-04
12 -1.9846440827857956e-01 -3.9412513433290608e-02 1.9144014591055153e-01 4.7109248228731246e-04
13 -1.9966851104275890e-01 -3.9458647733509995e-02 1.1176915314676632e-01 2.6901757330397816e-04
14 -2.6416865963804076e-01 -3.9533097067879754e-02 3.7139598700752557e-01 4.0331266316002046e-04
15 -6.3338042602033920e-02 -3.7805052157214664e-02 2.4796613222941140e-02 1.1018331151287709e-03
16 -6.5210452283549200e-02 -3.7890627143801724e-02 2.0375866725179735e-02 8.4939816176191627e-04
17 -5.7488578414342829e-02 -3.7523550834020349e-02 1.9506960941494945e-02 1.0545875580945227e-03
18 -3.5958058935675850e-02 -3.5774321654324842e-02 2.7368245888189122e-02 3.2563337030745883e-03
19 -3.7525833731910194e-02 -3.5954948056808760e-02 2.6508709552395721e-02 2.9681245448601231e-03
20 -3.3532945130377897e-02 -3.5471229649823584e-02 2.8817486756988784e-02 3.7822402249330501e-03
21 -5.1293507690023624e-02 -3.7109845997856050e-02 5.5803147234844412e-02 3.7720123168866245e-03
22 -5.3186345396037227e-02 -3.7237715245698307e-02 5.7024976520596536e-02 3.6090217606118665e-03
23 -5.4751037266072715e-02 -3.7332019321086873e-02 5.7598058159712230e-02 3.4513314356619919e-03
24 -1.0286064948272859e-01 -3.8854763316068568e-02 5.1465706940699756e-03 7.4333035296039428e-05
25 -1.2300390045777805e-01 -3.9082371080484540e-02 1.4518635469434594e-02 1.3270645461848239e-04
26 -1.0799771588775595e-01 -3.8906989646930124e-02 2.0312426210786133e-02 2.6135311290094183e-04
27 -6.2825766996398622e-02 -3.7730570485128845e-02 5.8885645372750185e-02 2.6808122307062916e-03
28 -6.9742440291509611e-02 -3.8007608207568988e-02 6.2268010883731913e-02 2.2693696019557177e-03
29 -7.1541872908389245e-02 -3.8073397420347939e-02 6.1983697464224455e-02 2.1404589063168801e-03
30 -4.0122145381168317e-02 -3.6232908017350914e-02 2.9813422258560169e-02 3.0438598071452394e-03
31 -4.4647308218129039e-02 -3.6650862074141338e-02 2.7647259937769234e-02 2.3823454725650063e-03
32 -4.1485104031681874e-02 -3.6364950082063370e-02 2.8824401306500061e-02 2.7914112039102322e-03
33 -7.9069214570016491e-02 -3.8338805375880358e-02 9.2671418637806480e-02 2.5744312500560465e-03
34 -8.7138557963236704e-02 -3.8529099746045931e-02 1.0423481494522828e-01 2.3081981701361014e-03
35 -8.0482025690794753e-02 -3.8371022185272566e-02 9.0658533639600011e-02 2.4172763730446285e-03
36 -6.6794076946546890e-02 -3.7944225876039565e-02 3.1475375623494353e-02 1.2612206988473441e-03
37 -5.6973979582864633e-02 -3.7490426807968082e-02 2.9395037734374095e-02 1.6259203896085035e-03
38 -6.0083836832762645e-02 -3.7652239401386019e-02 2.7019284450611237e-02 1.3423795593965134e-03
39 -8.6382826504822527e-02 -3.8509708037377466e-02 7.3303771809174745e-02 1.6602933937359037e-03
40 -7.4987421683057456e-02 -3.8222297798254770e-02 5.3216494058314155e-02 1.6702942649886525e-03
41 -8.0718296428132136e-02 -3.8379344576957825e-02 5.1008125059602609e-02 1.3535343929961614e-03
42 -7.3957646924717929e-02 -3.8198227957718975e-02 9.0797771259135254e-02 2.9318280500253901e-03
43 -7.4455056586426649e-02 -3.8212835438661934e-02 9.1073889973544722e-02 2.8976923898807508e-03
44 -6.9915374108929298e-02 -3.8059005259339196e-02 8.2057510097821557e-02 2.9955325217129311e-03
45 -1.3506726087297297e-01 -3.9098370951877806e-02 1.8217577223401724e-01 1.3136492088347748e-03
46 -1.4583550663929742e-01 -3.9165862275298662e-02 2.0207980109202059e-01 1.1824543315874616e-03
47 -1.6356404551302006e-01 -3.9247530909272202e-02 2.3566121376384541e-01 1.0055665820442306e-03
48 -7.5895477471826858e-02 -3.8262358120488893e-02 8.7887557666662439e-02 2.6795903125065904e-03
49 -7.9584885301579963e-02 -3.8365307996113943e-02 1.0315555702928610e-01 2.8224428748006561e-03
50 -7.4871547952955753e-02 -3.8235100940721869e-02 8.9552014301734595e-02 2.8152174522539986e-03
51 -7.8294453946424883e-02 -3.8333295914231257e-02 1.0283859120301893e-01 2.9207210789098542e-03
52 -7.7873767736826166e-02 -3.8321768100476425e-02 1.0104600541354310e-01 2.9043033269236483e-03
53 -7.7178719314963076e-02 -3.8297379874034566e-02 9.9428637957005364e-02 2.9172637083925675e-03
54 -8.8814660164761514e-02 -3.8595892124616969e-02 1.4810901484757385e-02 3.0875645935422153e-04
55 -7.5417452415007746e-02 -3.8251047833868373e-02 2.2926003221338462e-02 6.9994509595772483e-04
56 -7.4260336738052948e-02 -3.8223462716896472e-02 1.7951712417751866e-02 5.6449172674938753e-04
57 -4.9473401369946476e-02 -3.7024356032240184e-02 2.3290752976941907e-02 1.6677237047529794e-03
58 -5.1724285799379023e-02 -3.7180479628424780e-02 2.2019914366731119e-02 1.4508040868664173e-03
59 -7.9002324964774592e-02 -3.8349308563041661e-02 1.0591240235190781e-01 2.9481428304149126e-03
60 -7.9811914149134869e-02 -3.8369824952586479e-02 1.0682048834010281e-01 2.9049564702712787e-03
61 -3.1616144571893913e-02 -3.5210085333827371e-02 2.9711249912494957e-02 4.2206747518017864e-03
62 -2.9178188865331533e-02 -3.4847026375377711e-02 3.1007247355803944e-02 4.8712237264928208e-03
63 -3.0460121188476279e-02 -3.5041865101224021e-02 3.0287714296309099e-02 4.5088915730230501e-03
64 -3.5944950073090343e-02 -3.5772541616862601e-02 2.7399567447300838e-02 3.2600604106240963e-03
65 -3.9461159197975292e-02 -3.6164522301321389e-02 2.5211215708176023e-02 2.6106251818243712e-03
66 -3.5182505276123856e-02 -3.5680750458916388e-02 2.7881808850461015e-02 3.4176046634979058e-03
67 -8.0239878785445973e-02 -3.8334875770172326e-02 6.4920372326463513e-02 1.7348056924486345e-03
68 -9.1451913214665587e-02 -3.8589477691954775e-02 7.8567664075677987e-02 1.5371806612635677e-03
69 -9.1268834485006195e-02 -3.8584624678962169e-02 7.2779733720884227e-02 1.4315671083720892e-03
70 -8.0483731469690165e-02 -3.8384498904609252e-02 9.8502530331498611e-02 2.6282889912929252e-03
71 -7.7132439190271768e-02 -3.8293944613114812e-02 8.5177806954741503e-02 2.5063211416160775e-03
72 -8.1389115694783257e-02 -3.8402305806217618e-02 9.2414952240308837e-02 2.4056377199758259e-03
73 -3.8409176986134462e-02 -3.6057431171605321e-02 2.9971440181443834e-02 3.2747577149514970e-03
74 -3.5748691531589286e-02 -3.5755540940568195e-02 3.0726161848375028e-02 3.7175123663250485e-03
75 -3.9105138076745080e-02 -3.6130440505733975e-02 2.9983584229971542e-02 3.1876878757861760e-03
76 -3.2330002791461102e-02 -3.5309068524986990e-02 2.8898662784831639e-02 3.9811585880176513e-03
77 -4.9888124403419415e-02 -3.6999780449818484e-02 5.5575539073077593e-02 3.9452745453488732e-03
78 -4.9737014438533178e-02 -3.6990758452016062e-02 5.6578722856262087e-02 4.0335507732060681e-03
79 -4.8678226182161367e-02 -3.6916737547981034e-02 5.5308414422897835e-02 4.0979719153315655e-03
80 -5.7726599680738795e-02 -3.7547479422565685e-02 1.5208273929425076e-02 8.0811899446122661e-04
81 -4.9754468559672735e-02 -3.7054934347443745e-02 2.0640908087222774e-02 1.4485297226583872e-03
82 -5.7713000480431598e-02 -3.7546697529615015e-02 1.5301696613059466e-02 8.1308317664115302e-04
83 -1.4741658210920308e-01 -3.9188820749642889e-02 1.0859681877889990e-01 6.2164358822181540e-04
84 -1.3222731909189386e-01 -3.9088366245034041e-02 9.9203833226745725e-02 7.6185882418771636e-04
85 -1.5867585639523116e-01 -3.9240796479917094e-02 1.5000021147559589e-01 6.9945644167221518e-04
86 -6.3407164201771352e-02 -3.7771321898195022e-02 6.4081179802607621e-02 2.8676544916747711e-03
87 -6.7013543633591355e-02 -3.7918110704324264e-02 6.5398443009544310e-02 2.6056613641063579e-03
88 -6.9568307954708933e-02 -3.8017565676340577e-02 6.7526096761133275e-02 2.4900610011073855e-03
89 -4.2687922917499441e-02 -3.6478902549125704e-02 2.3575603498826061e-02 2.1645143993065247e-03
90 -4.7599884562803972e-02 -3.6890713242099117e-02 2.4554990927947586e-02 1.8729034625152583e-03
91 -4.5632373076633231e-02 -3.6733756390546296e-02 2.5339448513469698e-02 2.0821305174791144e-03
92 -1.0608316175561079e-01 -3.8823140687025276e-02 7.8246716555112908e-02 1.0546857649971712e-03
93 -1.0254118922026473e-01 -3.8773587117177509e-02 7.5608436396063114e-02 1.1113081752811098e-03
94 -1.2897008480578753e-01 -3.9063058258131597e-02 9.2344861905923739e-02 7.5362962047717638e-04
95 -6.4675085841882279e-02 -3.7882480328537707e-02 1.0639595645770990e-02 4.4937298916908331e-04
96 -6.1229050710856603e-02 -3.7722977299223227e-02 1.2528538351370700e-02 5.9397235638614435e-04
97 -7.0284843765097124e-02 -3.8097036062191565e-02 1.4066634514586186e-02 4.9680572371493933e-04
98 -1.6312932821661602e-01 -3.9270166809227389e-02 1.1326377295071059e-01 4.8923317578738665e-04
99 -2.0590530011108679e-01 -3.9394639558027592e-02 2.1622844216041559e-01 4.8143440574936974e-04
100 -1.5814125888022290e-01 -3.9246165967756992e-02 1.1243851346493132e-01 5.2845498057724834e-04
101 -5.0144884163704911e-02 -3.7081821680980599e-02 2.1079247015823636e-02 1.4595169599012500e-03
102 -4.3527070126703961e-02 -3.6557753899966815e-02 2.2293596503498114e-02 1.9748064634447261e-03
103 -1.0868251941300108e-01 -3.8864639379859241e-02 1.2045799533717867e-01 1.5364969769856823e-03
104 -1.2517946417458836e-01 -3.9029087240641316e-02 1.4144009397673246e-01 1.2518440431737179e-03
105 -1.2641801519814697e-01 -3.9039302104095494e-02 1.5478165408896230e-01 1.3363973513320119e-03
106 -2.0799167584396538e-01 -3.9381997252066189e-02 3.3863643181498831e-01 7.2988974149179381e-04
107 -1.6813586325635832e-01 -3.9275221792034742e-02 2.1627812371539723e-01 8.5229317525267571e-04
108 -3.5160179208610941e-02 -3.5678157782950366e-02 2.7909076762030062e-02 3.4250077647662597e-03
109 -3.1971906645804918e-02 -3.5259534277014289e-02 2.9526277638116164e-02 4.1258146967169656e-03
110 -3.4623224372326976e-02 -3.5611112715679599e-02 2.8379918198110685e-02 3.5568706526116047e-03
111 -5.8950191286526288e-01 -3.9610021820875960e-02 4.6148939152093300e+00 3.7694168665955804e-04
112 -3.8089864273363866e-01 -3.9549883295728554e-02 1.2629700666117798e+00 4.5868047677782316e-04
113 -4.0344293745649423e-01 -3.9621613938680855e-02 1.3040539114222496e+00 3.8618152902644996e-04
114 -9.1271191944697044e-02 -3.8583316719902824e-02 7.4539382265031984e-02 1.4661791473190510e-03
115 -1.0117970845781905e-01 -3.8752483448896119e-02 8.4177687268539941e-02 1.2789243892737682e-03
116 -1.0658988609871267e-01 -3.8829442100876105e-02 8.6910866898914862e-02 1.1648354999457614e-03
117 -7.9994423891730074e-02 -3.8374744716804826e-02 1.0407865894369553e-01 2.8127479801392579e-03
118 -8.2999807297105058e-02 -3.8444864701319956e-02 1.0837992388547736e-01 2.6895152375979556e-03
119 -8.0461279794250565e-02 -3.8382815663091055e-02 9.8779896486358251e-02 2.6356898002764203e-03
120 -5.1416527780468693e-02 -3.7167067163295479e-02 3.8836111649848765e-02 2.6209605076701488e-03
121 -4.6392236695050999e-02 -3.6801468831862846e-02 3.4621681365218211e-02 2.7980040987219128e-03
122 -5.1173921676857345e-02 -3.7150206075793543e-02 3.8180185429568470e-02 2.5978074161985480e-03
123 -1.5091677149219412e-01 -3.9212022508798038e-02 1.4797891507003608e-01 7.8817905071590052e-04
124 -1.6685607534970637e-01 -3.9272097457183346e-02 2.1278666934537147e-01 8.6007831427701166e-04
125 -1.3886599502689898e-01 -3.9131571558271246e-02 1.6491227409869316e-01 1.1050032106222467e-03
126 -6.3716992079571003e-02 -3.7815767787950406e-02 3.2988127902761698e-02 1.4581359310215226e-03
127 -5.9416703962172766e-02 -3.7616464323818370e-02 3.4671272526309617e-02 1.7681152811346971e-03
128 -6.8665881456876757e-02 -3.8011366716363980e-02 3.8645678394020555e-02 1.4651429232108908e-03
129 -4.4863224914200465e-02 -3.6672421477787112e-02 2.1983219679185446e-02 1.8537649238828185e-03
130 -4.0670990080408365e-02 -3.6286553257344742e-02 2.4001533645766512e-02 2.3754652959755390e-03
131 -2.6332266642553614e-01 -3.9465464739265689e-02 4.9704945823004909e-01 5.4875175506883546e-04
132 -2.5889130024083429e-01 -3.9468430127256433e-02 4.1486315716466399e-01 4.8032167550334529e-04
133 -2.0285107543716774e-01 -3.9378156910149828e-02 2.6670540465733744e-01 6.2396143444748062e-04
134 -6.7026862482451766e-02 -3.7944155541944254e-02 7.4880081461603673e-02 2.9914761520360078e-03
135 -6.6000121850430096e-02 -3.7904475218822627e-02 7.4142251571024692e-02 3.0601455050351277e-03
136 -7.0545599847796667e-02 -3.8080090807864835e-02 8.2392779765735530e-02 2.9497317457428886e-03
137 -2.2197328253634574e-01 -3.9532425404614498e-02 1.1204374051517896e-01 1.9625748684950608e-04
138 -3.2756032220301978e-01 -3.9623283585487064e-02 5.4221518467150154e-01 3.0228344256234173e-04
139 -3.0430254266914347e-01 -3.9611571561279799e-02 4.0327204591648841e-01 2.8331343559772260e-04
140 -1.9635217160276594e-01 -3.9369174312992160e-02 2.0982534566160119e-01 5.3772104917411867e-04
141 -1.5829074888026090e-01 -3.9247081904738641e-02 1.1153803772128811e-01 5.2440293725804351e-04
142 -1.0679920306757187e-01 -3.8843161225118862e-02 1.2000867137863096e-01 1.6097645636624954e-03
143 -8.9695280995589155e-02 -3.8568000940446386e-02 9.1660027973684527e-02 1.8909586079965313e-03
144 -9.6119525174911957e-02 -3.8690111976134291e-02 1.0878455584713652e-01 1.9005070547479940e-03
145 -6.9060470161089169e-02 -3.7981674524371678e-02 6.1502862403999943e-02 2.2921932209540299e-03
146 -6.3227360719271361e-02 -3.7746865603864761e-02 6.0346131481101455e-02 2.7105257127242812e-03
147 -6.9818747086678665e-02 -3.8011747006235691e-02 6.1183324684726197e-02 2.2305931185342734e-03
148 -1.5863311053029877e-01 -3.9269614789353924e-02 1.1733869468692340e-01 5.4043538208943000e-04
149 -1.3686316643166810e-01 -3.9141060775011456e-02 9.8309037093425741e-02 6.7952746372457033e-04
150 -1.5068660854897437e-01 -3.9209268017520352e-02 1.4938734659825229e-01 7.9568076962215420e-04
151 -5.8455439915244795e-02 -3.7545605725812316e-02 6.1857692148215127e-02 3.2720311988854263e-03
152 -6.3751296154252290e-02 -3.7802460659769895e-02 6.7036592003249171e-02 2.9789948939282730e-03
153 -5.9963849188530559e-02 -3.7620799446229661e-02 6.2980206707663453e-02 3.1668471438564723e-03
154 -1.0257002294252690e-01 -3.8787672591236687e-02 1.3442682551849536e-01 1.9916696962105048e-03
155 -1.0680520651620257e-01 -3.8844389283886269e-02 1.3664701092357273e-01 1.8255787981319522e-03
156 -1.1593628301813945e-01 -3.8942439507324900e-02 1.5328574397748249e-01 1.6591163880592284e-03
157 -7.8507585071130107e-02 -3.8328255028553124e-02 3.2897071224293507e-02 9.2496605541672692e-04
158 -7.3720122573853311e-02 -3.8184734237651147e-02 3.7728646524421240e-02 1.2252957078127075e-03
159 -2.6545942102797794e-02 -3.4412976124729350e-02 3.1722102887583606e-02 5.5710921441673679e-03
160 -2.6553646211752036e-02 -3.4414286641769043e-02 3.1726588743803047e-02 5.5702619571051833e-03
161 -2.6720004540596594e-02 -3.4444390101658645e-02 3.1559962667700281e-02 5.5059547773263504e-03
162 -7.1043546005684757e-02 -3.8063391484952587e-02 6.6447125356364253e-02 2.3326395629177103e-03
163 -6.3727430923992592e-02 -3.7777347826631537e-02 6.0389702478686330e-02 2.6749525224578998e-03
164 -6.6582529969627310e-02 -3.7893018390829716e-02 6.0583621567424695e-02 2.4452312961204042e-03
165 -7.6109876458944972e-02 -3.8294488802408058e-02 1.0246603826974669e-02 3.0226507119101529e-04
166 -7.6778212038929775e-02 -3.8317914319322972e-02 8.2684933704492963e-03 2.3864112543091928e-04
167 -9.0539534793862952e-02 -3.8653900164209234e-02 3.8528474480463326e-03 7.5528864145590926e-05
168 -4.7214544665359535e-02 -3.6855728382915974e-02 2.4995343061612479e-02 1.9466336177067715e-03
169 -5.4482662011778621e-02 -3.7350717670274036e-02 2.2076702393678670e-02 1.3273356697466932e-03
170 -1.0507942630225264e-01 -3.8824182227478708e-02 1.2791255667826576e-01 1.7855511522114321e-03
171 -9.7451421872105981e-02 -3.8714918218338633e-02 9.8473131706216549e-02 1.6603097706234201e-03
172 -1.1087989691245460e-01 -3.8896115183778120e-02 1.1006615949153635e-01 1.3394175983662997e-03
173 -3.9097870950774015e-02 -3.6129178932612110e-02 2.9983092108882777e-02 3.1876355556168501e-03
174 -4.3007084579860251e-02 -3.6509994791410427e-02 2.8971039752391046e-02 2.6573424323458102e-03
175 -6.9774306932642000e-02 -3.8065407309141340e-02 7.1116945714578134e-02 2.6170650094598695e-03
176 -6.3341351917164834e-02 -3.7811401595780253e-02 5.3903913770286867e-02 2.4338479025923523e-03
177 -7.0386098083266652e-02 -3.8085841568794639e-02 7.1147944461570301e-02 2.5695632562343978e-03
178 -5.2857592194539130e-02 -3.7204284706988396e-02 5.6521988392657541e-02 3.6095409968988253e-03
179 -5.7134787905237246e-02 -3.7454097070176405e-02 5.8056294330736898e-02 3.1973150395075154e-03
180 -5.4758264466734811e-02 -3.7316803992931795e-02 5.7856483334688263e-02 3.4538872044688191e-03
181 -1.5511704244649305e-01 -3.9218931268010786e-02 1.6884860510387256e-01 8.3677496588547488e-04
182 -1.2508572361776485e-01 -3.9025824866890872e-02 1.2166263890908104e-01 1.0765505529934118e-03
183 -1.2859875938829560e-01 -3.9056382137336101e-02 1.0824979098192571e-01 8.9159201890996905e-04
184 -9.6924951973135526e-02 -3.8719361839605088e-02 4.1722175750653470e-02 7.0839559417118936e-04
185 -8.0860850490969166e-02 -3.8390348923586726e-02 3.2398888009949604e-02 8.4883426962207892e-04
186 -8.8057090305765695e-02 -3.8548404889265711e-02 4.6987029842764046e-02 1.0115169661412422e-03
187 -3.5129835979537380e-02 -3.5676307241254854e-02 2.8514950397363719e-02 3.5339972365965597e-03
188 -3.2058280431269688e-02 -3.5274104760292503e-02 2.9400832598815874e-02 4.1161899360934338e-03
189 -3.5417320605771664e-02 -3.5710145607492999e-02 2.8324297471137051e-02 3.4669705307883783e-03
190 -6.1700225286467951e-02 -3.7673179861629470e-02 6.0861764709181830e-02 2.8675719327979866e-03
191 -5.7632758581625219e-02 -3.7470778201558891e-02 5.9213830058552866e-02 3.1997038497497657e-03
192 -5.7724412082856946e-02 -3.7475820207365985e-02 5.9411752914815118e-02 3.2005932638967450e-03
193 -7.3528983848395818e-02 -3.8172155702220344e-02 8.2086723179733367e-02 2.6834310048863040e-03
194 -6.8200309435065123e-02 -3.7986060898524840e-02 7.4650840120509668e-02 2.8747511464413994e-03
195 -7.2532812453122777e-02 -3.8145391296483866e-02 8.3731192180912684e-02 2.8213171822622850e-03
196 -1.0043703411844666e-01 -3.8750786250469703e-02 1.0204219764319979e-01 1.5946539472121916e-03
197 -7.9943781986680729e-02 -3.8321515123938700e-02 6.3193245489643834e-02 1.6972494340822077e-03
198 -7.6040741763413161e-02 -3.8211584650050860e-02 6.2591522635889935e-02 1.8840122506980968e-03
199 -8.8972244966451466e-02 -3.8535236167365025e-02 6.4927208895572408e-02 1.3562676581265656e-03
200 -1.2516909733628981e-01 -3.9028756342378110e-02 1.2104841380655541e-01 1.0723048751800110e-03
201 -1.1228848376209226e-01 -3.8901627745898414e-02 8.9468074004692866e-02 1.0558044845631620e-03
202 -1.0552318493405326e-01 -3.8818200080899069e-02 9.0491212522936473e-02 1.2506365640946172e-03
203 -5.5117727499830405e-02 -3.7359325582128643e-02 5.9693870158862759e-02 3.5310011423799496e-03
204 -5.2244088546569561e-02 -3.7177787585724612e-02 5.6572514057909397e-02 3.7006038509735067e-03
205 -8.8836582590994764e-02 -3.8561936168634195e-02 9.5870044601738452e-02 2.0262520730598989e-03
206 -8.2637738401923136e-02 -3.8429005942945946e-02 8.8454377999705305e-02 2.2187346058544040e-03
207 -8.7617391965056607e-02 -3.8539531444159759e-02 1.0589300803740895e-01 2.3130034460577438e-03
208 -3.9061808095564016e-01 -3.9551878159845136e-02 1.2330823284683579e+00 4.1150015704388921e-04
209 -6.4281187607805726e-02 -3.7840810319110539e-02 4.2721912377207072e-02 1.8664443612856248e-03
210 -7.1882683619403004e-02 -3.8125104933250421e-02 5.5591775592168477e-02 1.9159017576482430e-03
211 -7.3411213615805562e-02 -3.8172036627123970e-02 5.0253737951495306e-02 1.6524643646545526e-03
212 -9.7221378113000051e-02 -3.8693394154186163e-02 8.1757517477679870e-02 1.3841393774920118e-03
213 -8.3656784555179747e-02 -3.8423401251439754e-02 7.2154447961555415e-02 1.7482921784548202e-03
214 -8.8587166972982315e-02 -3.8534672047511001e-02 7.6608166384316584e-02 1.6277758525307159e-03
215 -1.0904543331800741e-01 -3.8872880233093841e-02 1.3137487314001506e-01 1.6718999295432112e-03
216 -1.2303104822738363e-01 -3.9013564018305108e-02 1.6102458671393466e-01 1.4951441070989060e-03
217 -1.2560363230631619e-01 -3.9035015286294876e-02 1.5653103489587136e-01 1.3768601823504094e-03
218 -6.3049444110984981e-02 -3.7803700564529918e-02 1.5577063417978782e-02 6.9676026597419638e-04
219 -6.1759961517136641e-02 -3.7748616014110351e-02 1.2654761235375947e-02 5.9030648286502875e-04
220 -7.0601608408898120e-02 -3.8108925560857827e-02 1.3651019525810141e-02 4.7840764799950516e-04
221 -4.3169004982021086e-02 -3.6520838212848988e-02 2.6424396377024668e-02 2.3836123729865121e-03
222 -3.7315284585189090e-01 -3.9545481673218051e-02 1.2024974328935407e+00 4.6276026138436136e-04
223 -2.6997550912968471e-01 -3.9467156111974842e-02 5.9178042224625593e-01 5.9884413813946391e-04
224 -2.5096044566840897e-01 -3.9445834090143371e-02 4.6317279917450443e-01 5.8470651131136493e-04
225 -5.0571106152039899e-02 -3.7041976365523401e-02 5.5195189673049150e-02 3.8288449877266588e-03
226 -5.4992009830357264e-02 -3.7324145616041561e-02 5.6270833146701331e-02 3.3362016422676952e-03
227 -5.3671068512117198e-02 -3.7244545588320042e-02 5.6944867379992631e-02 3.5327071414658932e-03
228 -2.7684463851364065e-02 -3.4609459618829441e-02 3.1139603037077759e-02 5.2206688580202438e-03
229 -2.7022008512538647e-02 -3.4496237330793975e-02 3.1367011841554646e-02 5.4036497928064888e-03
230 -5.8409741672121797e-02 -3.7535290788073314e-02 6.1378651471167639e-02 3.2449451976256207e-03
231 -5.3823888103724613e-02 -3.7273139072354348e-02 5.6515976154649185e-02 3.4971695442518160e-03
232 -5.4278530480984362e-02 -3.7297702938308842e-02 5.6801692786893225e-02 3.4592620488347946e-03
233 -6.6734264336255372e-02 -3.7889846506947177e-02 6.1623829519906879e-02 2.4661430041761838e-03
234 -7.3587876805114985e-02 -3.8135320408330745e-02 6.3304121141118538e-02 2.0468941940521034e-03
235 -6.8356080185659210e-02 -3.7953626284957361e-02 6.1531142156460439e-02 2.3413242611213638e-03
236 -1.2873357350596376e-01 -3.9059259735864507e-02 1.0784577770117690e-01 8.8826439108379246e-04
237 -1.0668392753922319e-01 -3.8831927561256266e-02 8.6873215892606798e-02 1.1643308768724773e-03
238 -7.1035019679685382e-02 -3.8064655583378001e-02 6.6447515677156371e-02 2.3339228045233984e-03
239 -6.9081567055491316e-02 -3.7990257283969958e-02 6.2300531614325604e-02 2.3272127334280097e-03
240 -6.3281077738967767e-02 -3.7757952488570654e-02 6.0028124272476745e-02 2.6969109632031633e-03
241 -7.8460861621600306e-02 -3.8283963743282051e-02 6.3776811757389459e-02 1.7937638743138616e-03
242 -8.4622785314720492e-02 -3.8440934753830779e-02 6.2867314735854801e-02 1.4828062610222109e-03
243 -7.6544157359692930e-02 -3.8228088179690027e-02 6.3510489023961100e-02 1.8836621489972127e-03
244 -5.7580913395597788e-02 -3.7469717109920121e-02 5.8836723661707245e-02 3.1864130045234822e-03
245 -5.3921362290846986e-02 -3.7262986845260304e-02 5.7427878077562479e-02 3.5284167368451122e-03
246 -5.4012630377069812e-02 -3.7267190967942343e-02 5.8462086172470486e-02 3.5777758753486036e-03
247 -3.8851778464092331e-02 -3.6101224124992767e-02 2.9700863281874983e-02 3.1770112477551727e-03
248 -7.4201322878011552e-02 -3.8162882816262518e-02 6.3357159061766699e-02 2.0231920468877164e-03
249 -7.7251981056304445e-02 -3.8258038502537936e-02 6.9314067110159777e-02 2.0194028468145165e-03
250 -7.2823944032026300e-02 -3.8153465268427882e-02 8.4336580159883698e-02 2.8156263572274667e-03
251 -7.1464921416168947e-02 -3.8111414568603438e-02 8.3316082556254334e-02 2.8988693899994881e-03
252 -6.7177807801150152e-02 -3.7950380010766963e-02 7.5357457583217616e-02 2.9950071151409055e-03
253 -3.0252042659276373e-02 -3.5011759363067468e-02 3.0382046557140639e-02 4.5666853764070887e-03
254 -2.9078082986075903e-02 -3.4831110486709858e-02 3.1027112151320212e-02 4.8928585643747465e-03
255 -2.8239681034136568e-02 -3.4697981534197134e-02 3.0771677012835983e-02 5.0318232536979623e-03
256 -4.7173262873309571e-02 -3.6854089482851439e-02 2.7621424523825096e-02 2.1660151754637749e-03
257 -4.9006210805016277e-02 -3.6990034346225734e-02 2.6030620738267674e-02 1.9076528861213951e-03
258 -4.3154391515870055e-02 -3.6518187528733113e-02 2.7713526733028612e-02 2.5173818202263859e-03
259 -4.0138435045468150e-02 -3.6235170889262931e-02 2.9808523184124587e-02 3.0433596265340558e-03
260 -4.4964558077281974e-02 -3.6678434591926115e-02 2.7905300185964342e-02 2.3785426397074472e-03
261 -4.5538884307850087e-02 -3.6727622895746936e-02 3.0041593552610588e-02 2.5056893244462756e-03
262 -7.8464493866805693e-02 -3.8282855037326868e-02 6.3162500658414653e-02 1.7764859793146126e-03
263 -6.9042110515572672e-02 -3.7979968632899382e-02 6.1407397466957683e-02 2.2886352714054435e-03
264 -6.2278584238051916e-02 -3.7728746477749105e-02 6.4410860059950364e-02 2.9999500966932974e-03
265 -5.8330930793810742e-02 -3.7535893080869707e-02 6.2414831759546541e-02 3.3075596117754457e-03
266 -5.5279462621950909e-02 -3.7352678143152136e-02 5.7357350550733814e-02 3.3675445290360703e-03
267 -5.8564924709675878e-02 -3.7538002136571512e-02 5.9409104238183526e-02 3.1228456370358767e-03
268 -4.2301799255815065e-02 -3.6448367812899236e-02 3.0006948481615961e-02 2.8287202745352468e-03
269 -4.6694483901902575e-02 -3.6824248933453034e-02 3.4126272147579892e-02 2.7274582285856789e-03
270 -3.8936880219590175e-01 -3.9556369386457756e-02 1.1964384336141283e+00 4.0141720769280224e-04
271 -5.8529629628966984e-01 -3.9607998556704181e-02 4.5351349898730069e+00 3.7690999392791765e-04
272 -1.1604741436312983e-01 -3.8945880743371644e-02 1.5280456806282425e-01 1.6539083026201173e-03
273 -1.0716761579701120e-01 -3.8851279955920116e-02 1.3736250674642819e-01 1.8249821670534867e-03
274 -1.0266843894925309e-01 -3.8791232497451547e-02 1.3488107301674990e-01 1.9983998394169302e-03
275 -4.3014478208851639e-02 -3.6507557102484066e-02 2.6163395481811028e-02 2.3755865179048300e-03
276 -4.7235558669550863e-02 -3.6858010017455117e-02 2.4887912656929474e-02 1.9382669565471398e-03
277 -6.0099706314054417e-02 -3.7657316971996063e-02 4.3981656074623954e-02 2.2075616922544177e-03
278 -5.6296308769036484e-02 -3.7461428916626106e-02 4.1573389351897784e-02 2.3704582829740628e-03
279 -5.2632324818559735e-02 -3.7242846745602513e-02 3.7935198315644951e-02 2.4520968569660020e-03
280 -1.1904739820910783e-01 -3.8975983831618169e-02 1.4150944651823083e-01 1.4273554833862700e-03
281 -1.0605277037553265e-01 -3.8834388288485566e-02 1.3209198015775372e-01 1.7981776794310956e-03
282 -5.0167001255289681e-02 -3.7081804338379411e-02 2.1984652999952923e-02 1.5212506440926375e-03
283 -4.9875632612903335e-02 -3.7059779867131895e-02 2.3158881946088890e-02 1.6200277925653766e-03
284 -5.5654038901607375e-02 -3.7427876507982641e-02 1.8203832582712073e-02 1.0401761638580938e-03
285 -2.9408703448662664e-02 -3.4887303728006233e-02 3.0391263439601985e-02 4.7466016380935047e-03
286 -3.0530212484570531e-02 -3.5056604208506738e-02 3.0024587116937996e-02 4.4767860260384986e-03
287 -2.8422993950223473e-02 -3.4730347873419352e-02 3.0918630292828538e-02 5.0245498066013739e-03
288 -4.9778984425921109e-02 -3.7006504429956941e-02 5.5202854311423695e-02 3.9389034924128376e-03
289 -4.9434539888407097e-02 -3.6980510145821675e-02 5.5040408687329651e-02 3.9740725689636040e-03
290 -5.1492025816051869e-02 -3.7127330528581810e-02 5.5981755224179183e-02 3.7584336489263543e-03
291 -5.1753482607237312e-02 -3.7182782091072987e-02 2.2017173832591375e-02 1.4506235247242021e-03
292 -5.3867324783492633e-02 -3.7319126737090903e-02 2.0571885063573606e-02 1.2547350816750290e-03
293 -7.0372269691688666e-02 -3.8085023340629368e-02 7.1180000189814213e-02 2.5707209727425817e-03
294 -6.4813443906149848e-02 -3.7871866671698964e-02 5.4938490970130892e-02 2.3633922467144268e-03
295 -6.3723761898421813e-02 -3.7827917059480985e-02 5.4596410098958569e-02 2.4341674898910328e-03
296 -1.0545087531136703e-01 -3.8815268179162962e-02 9.0719227106087139e-02 1.2537878459306716e-03
297 -9.4543616428764757e-02 -3.8649446175101541e-02 8.3946838539220858e-02 1.5248564492790027e-03
298 -8.8490177253768815e-02 -3.8531172992630883e-02 7.6744316283593919e-02 1.6306687712168044e-03
299 -5.9540140836024581e-02 -3.7584784817453067e-02 5.9272705863926252e-02 3.0147404570980401e-03
300 -1.2895520017024939e-01 -3.9062994313852649e-02 9.1572821796087153e-02 7.4732897369321201e-04
301 -5.4245800409670107e-02 -3.7284970471412687e-02 5.7371601098718458e-02 3.4857248628752170e-03
302 -5.5584183550766060e-02 -3.7366652732057408e-02 5.7687376733952661e-02 3.3459226153254940e-03
303 -5.2638911978336970e-02 -3.7189555254925399e-02 5.6486354874436581e-02 3.6330327437511132e-03
304 -5.2055101363596937e-02 -3.7199354021317139e-02 2.3876784129390212e-02 1.5680241610594857e-03
305 -4.5108266040909686e-02 -3.6687256168562110e-02 2.6311518702312763e-02 2.2207427299798764e-03
306 -6.2998672772089037e-02 -3.7801004971146551e-02 1.5624938703024661e-02 6.9890172200137387e-04
307 -5.3831738235585160e-02 -3.7316706728305518e-02 2.0580233773756292e-02 1.2552442921591718e-03
308 -7.3464900327291985e-02 -3.8157237399546552e-02 7.2084490366543269e-02 2.3662140532848906e-03
309 -8.2223335896097663e-02 -3.8406859625121824e-02 8.7221655811985210e-02 2.2120634317744771e-03
310 -7.8940411065816160e-02 -3.8314984482533211e-02 7.5094584597036315e-02 2.0955164989689087e-03
311 -5.5402246602246012e-02 -3.7401833660963460e-02 2.9999832967942629e-02 1.7499132148986085e-03
312 -5.2498483974103942e-02 -3.7227155206307129e-02 3.1293050837484182e-02 2.0231947506653344e-03
313 -4.0891951917437219e-02 -3.6306989050299478e-02 2.7321814687888708e-02 2.6919287414042046e-03
314 -4.5080402848006657e-02 -3.6684203827945454e-02 2.6493195752916702e-02 2.2360766190690881e-03
315 -6.6407378034033571e-02 -3.7958660619069613e-02 8.2382571353374762e-03 3.2892754541281633e-04
316 -6.4972549411100158e-02 -3.7895610064010606e-02 1.0299967783196841e-02 4.3164121024750286e-04
317 -5.7703591994283633e-02 -3.7477016753964996e-02 5.8926960429981683e-02 3.1800003210435209e-03
318 -6.2066158041003731e-02 -3.7691575995556947e-02 5.8748393817279622e-02 2.7409515825744090e-03
319 -6.5434479767930015e-02 -3.7861352822813617e-02 6.5750319875999400e-02 2.7621364789630412e-03
320 -6.8548612991739380e-02 -3.7987478615489415e-02 6.7964914654271735e-02 2.5917230388318750e-03
321 -6.2255173907244152e-02 -3.7726455660930851e-02 6.4421503856322893e-02 3.0004458338706496e-03
322 -6.3026088370997144e-02 -3.7792803796554190e-02 2.3839906265366816e-02 1.0720092324912518e-03
323 -6.9805844950138737e-02 -3.8060448728032381e-02 2.7700870639423530e-02 1.0063672467737277e-03
324 -7.8286607310280934e-02 -3.8321319170400658e-02 9.5200109602761665e-02 2.7058124270001194e-03
325 -8.1807896927469065e-02 -3.8415531989539189e-02 1.0522132562396323e-01 2.7013009030618282e-03
326 -8.4250769579168480e-02 -3.8469774939059870e-02 1.0621620365155059e-01 2.5468519746943857e-03
327 -4.7005544745386851e-01 -3.9582570664421654e-02 2.0955961816880730e+00 3.6933003746386720e-04
328 -2.9807522190301144e-01 -3.9507612452417407e-02 5.5141091722198199e-01 4.2222123754751597e-04
329 -5.7000955772793668e-02 -3.7506389184469850e-02 1.6281097706397712e-02 8.8712198349307902e-04
330 -3.9428167854753782e-02 -3.6159941476327485e-02 2.8353306663715560e-02 2.9599923312716809e-03
331 -5.1497496870243090e-02 -3.7118403708564805e-02 5.5960018098198089e-02 3.7510901079813494e-03
332 -5.1277598872370982e-02 -3.7107827090081300e-02 5.6145763691322258e-02 3.7934941728065895e-03
333 -4.9410624339154656e-02 -3.6975647778361972e-02 5.5412451138835771e-02 4.0004322192871153e-03
334 -1.9794874752491198e-01 -3.9410708874927210e-02 1.8838351097639933e-01 4.6357076978690160e-04
335 -2.2678724513435206e-01 -3.9445022539044104e-02 3.3018646179050937e-01 5.5005679276991931e-04
336 -2.6302169164965300e-01 -3.9536495217347117e-02 3.5091145576384758e-01 3.7928711820475026e-04
337 -6.4838403499383232e-02 -3.7865556597273566e-02 4.2465964866051954e-02 1.8237453036932553e-03
338 -6.0568148222856263e-02 -3.7673911776201677e-02 3.5706709362776916e-02 1.7569944621617247e-03
339 -6.9189460036068726e-02 -3.8031737529387787e-02 4.0736629821501016e-02 1.5225252491987197e-03
340 -9.2268519482166064e-02 -3.8603609921198691e-02 7.9853464892501405e-02 1.5248889989313841e-03
341 -6.2920709654812682e-02 -3.7781845822401502e-02 3.4090136113731080e-02 1.5504850563574481e-03
342 -5.3990672409533327e-02 -3.7320369971350485e-02 3.1737910501106338e-02 1.9493002463819591e-03
343 -3.8696214648285279e-02 -3.6084208967423502e-02 2.5768557025807409e-02 2.7473149226082865e-03
344 -3.5782897943357268e-02 -3.5759287085738826e-02 3.0823098730589235e-02 3.7235422369269102e-03
345 -3.6761430952254461e-02 -3.5873239826455058e-02 3.0900615503618837e-02 3.5891344781334360e-03
346 -3.3624862411149987e-02 -3.5487437970422614e-02 2.9153668751767402e-02 3.8388773537092425e-03
347 -7.4618044693212690e-02 -3.8217615968490631e-02 9.1229116825350662e-02 2.8881559047993061e-03
348 -7.7537950900189695e-02 -3.8300203050119212e-02 9.4619651241355171e-02 2.7476493330683633e-03
349 -1.8642234484485373e-01 -3.9348855162827469e-02 2.2699639922192938e-01 6.6916293343607220e-04
350 -4.8494370622502204e-02 -3.6910425899286260e-02 5.4826586230722736e-02 4.0945634418567516e-03
351 -4.9370810092165603e-02 -3.6975382728438956e-02 5.5376043175086528e-02 4.0071385128962727e-03
352 -4.8172865774003988e-02 -3.6884350338655808e-02 5.4847478179755868e-02 4.1427203999133159e-03
353 -9.0140791798680328e-02 -3.8588818744400254e-02 9.8075925266073671e-02 2.0037582942830242e-03
354 -8.0048668931364059e-02 -3.8363788805268480e-02 7.2392688498910340e-02 1.9599880513343410e-03
355 -4.4061843069518103e-02 -3.6604305434483043e-02 2.2326470828785971e-02 1.9385117518523588e-03
356 -3.3116277730054308e-02 -3.5415856192356987e-02 2.8724754195927436e-02 3.8418585113844782e-03
357 -3.4857179840278633e-02 -3.5639736703380699e-02 2.7842475325644794e-02 3.4676134128912863e-03
358 -3.1410640844092827e-02 -3.5180542730006863e-02 2.9739794203664724e-02 4.2585499370792852e-03
359 -6.2394392383809727e-02 -3.7742777609420880e-02 6.6029101770641724e-02 3.0666459737795260e-03
360 -6.5952894479900145e-02 -3.7902605774699762e-02 7.4169613290862621e-02 3.0656599833301834e-03
361 -6.2039962304298951e-02 -3.7727236820220257e-02 6.5841414666369238e-02 3.0944942289267093e-03
362 -4.9664182998514078e-02 -3.7039064284204490e-02 3.1866328122418512e-02 2.2819752145042233e-03
363 -8.7739746713651340e-02 -3.8536871460193710e-02 9.8762007310950264e-02 2.1505084030090695e-03
364 -9.5481236847563281e-02 -3.8683393756332021e-02 1.1939096851230717e-01 2.1153937464480775e-03
365 -1.3524535550692685e-01 -3.9101954347410574e-02 1.8304344561024302e-01 1.3199059121254476e-03
366 -7.5386020450449245e-02 -3.8237851639726150e-02 7.1844396585949544e-02 2.2285552507601155e-03
367 -7.7131034252802100e-02 -3.8292980160037647e-02 8.5439762657085819e-02 2.5123930667143748e-03
368 -8.1357674236217009e-02 -3.8400122768368669e-02 9.2501773685520428e-02 2.4078977540768088e-03
369 -7.4194724709364918e-02 -3.8220937595647854e-02 1.7792936497276798e-02 5.5949901678225568e-04
370 -5.1559788902234893e-02 -3.7116102117457202e-02 5.5933539093114916e-02 3.7376266399882169e-03
371 -5.1539821311820479e-02 -3.7112753240584141e-02 5.5766849702114117e-02 3.7287648779352370e-03
372 -6.8507645711663248e-02 -3.7959931243190824e-02 6.1244618648124506e-02 2.3205213192531069e-03
373 -4.6760166723946325e-02 -3.6826937241532173e-02 2.3108141014447286e-02 1.8176210442820164e-03
374 -4.0689064033455229e-02 -3.6288589638675060e-02 2.3980847656139441e-02 2.3734179747002719e-03
375 -6.8138902361383188e-02 -3.7976708570359445e-02 7.0867578894318162e-02 2.7350278484043733e-03
376 -7.4160861878144926e-02 -3.8184018307785013e-02 7.8655722167350950e-02 2.5208422411940896e-03
377 -7.3506397337539289e-02 -3.8169966633531789e-02 8.1858662051424266e-02 2.6759756420820895e-03
378 -8.6169606201053753e-02 -3.8506880597057529e-02 1.0407550700567672e-01 2.3629055886396277e-03
379 -8.9618598790916146e-02 -3.8580137312506917e-02 1.1562160542192775e-01 2.3901567565667286e-03
380 -8.4213884773079478e-02 -3.8467438209729220e-02 1.0670635543471721e-01 2.5586048334291277e-03
381 -2.9804357183391007e-02 -3.4945311169966201e-02 3.0374372960700138e-02 4.6560598157923024e-03
382 -2.7913222176908163e-02 -3.4645300362860044e-02 3.0765237926643259e-02 5.1055780075924566e-03
383 -3.1445927277573803e-02 -3.5191506399369285e-02 2.9705856761066858e-02 4.2731584031101338e-03
384 -3.4719215663524032e-02 -3.5630143653964594e-02 3.0468720627554367e-02 3.8408803116672771e-03
385 -3.4413365322065390e-02 -3.5591943306352340e-02 3.0475388912177572e-02 3.8889425499394445e-03
386 -9.7079977545253243e-02 -3.8709107491613645e-02 1.1670376967029063e-01 1.9885460559010844e-03
387 -3.3734124893911976e-02 -3.5502175927688999e-02 2.9170476686168689e-02 3.8258163026110162e-03
388 -3.0646226380021121e-02 -3.5074021773337363e-02 3.0025895923505731e-02 4.4573035486115565e-03
389 -3.2490742390303404e-02 -3.5334744715869816e-02 2.9019436785008648e-02 3.9982596227522366e-03
390 -3.7307784990707582e-02 -3.5930130170704344e-02 2.6551888543144147e-02 2.9963478891314767e-03
391 -3.3416705265280108e-02 -3.5455702343071549e-02 2.8867593659734601e-02 3.8047788648619633e-03
392 -3.1488593927346681e-02 -3.5197558033162671e-02 2.9771726707725134e-02 4.2752290595283442e-03
393 -3.2273667019140820e-02 -3.5307093417637117e-02 2.9664248122497960e-02 4.1256348226585112e-03
394 -1.5000904048284522e-01 -3.9276164568054585e-02 3.3366432905803489e-02 1.7861524405176824e-04
395 -1.0956025799863452e-01 -3.8876476461368124e-02 1.3243350564243267e-01 1.6581681290341404e-03
396 -9.6976334219512364e-02 -3.8702020641258258e-02 1.0769586399010640e-01 1.8316221536907882e-03
397 -8.7590617709320528e-02 -3.8524223124680596e-02 9.0687708934890851e-02 1.9773960697299781e-03
398 -9.8019322039066603e-02 -3.8712655903590375e-02 1.0099841618923015e-01 1.6743405515631548e-03
399 -9.7107113735695652e-02 -3.8689846693860844e-02 8.1484285336204554e-02 1.3795136068938370e-03
400 -1.1244879922207457e-01 -3.8901679108308662e-02 9.0411261916500563e-02 1.0602835000837832e-03
401 -3.9932954589372398e-02 -3.6211775007781957e-02 2.5402083685359764e-02 2.5945090360968929e-03
402 -3.5121094009403372e-02 -3.5672761425558190e-02 2.7796885529296420e-02 3.4276993727152248e-03
403 -4.4673075714221529e-02 -3.6656328239901899e-02 2.1948227588003306e-02 1.8653824612346369e-03
404 -4.9992843577720929e-02 -3.7068119505837334e-02 2.3275347301019444e-02 1.6229500519371087e-03
405 -4.6976180973722949e-02 -3.6844506064938227e-02 3.3212808721921949e-02 2.6265580730169980e-03
406 -3.4678450628600144e-02 -3.5618012798373108e-02 2.8411813357553450e-02 3.5524449200571759e-03
407 -3.1814537808892165e-02 -3.5237152454219399e-02 3.0238728423182495e-02 4.2492448367774738e-03
408 -3.1876561419609255e-02 -3.5246099493575524e-02 2.9448335181209352e-02 4.1301875641025620e-03
409 -7.5411507934481467e-02 -3.8239943616867153e-02 7.1804173358883103e-02 2.2273075586902937e-03
410 -7.2023479664956189e-02 -3.8131255863926114e-02 5.5844224988717092e-02 1.9172014748416893e-03
411 -6.6438879089669334e-02 -3.7960913412182856e-02 7.5835072426131992e-03 3.0217077533654902e-04
412 -3.6161932109569223e-02 -3.5801964079831952e-02 2.9764996985465943e-02 3.5401369426138370e-03
413 -3.8161843776840315e-02 -3.6027610728483754e-02 3.0454245154438255e-02 3.3445485847164490e-03
414 -3.5245654329337787e-02 -3.5689942729817861e-02 2.8595808454404556e-02 3.5256411529771044e-03
415 -6.4434778268446083e-02 -3.7828876584397653e-02 6.6026793773156650e-02 2.8713061840231272e-03
416 -5.2266626725848267e-02 -3.7159055468485441e-02 5.6537315335821986e-02 3.6854631248310035e-03
417 -7.8531193149213877e-02 -3.8332626980448994e-02 1.0026521669171592e-01 2.8281138124914068e-03
418 -8.5431863321131854e-02 -3.8497314838740117e-02 1.0933183655120969e-01 2.5377732194662374e-03
419 -4.9883372919349016e-02 -3.6999201556815284e-02 5.5589620032938533e-02 3.9462741443350453e-03
420 -4.9019087068435170e-02 -3.6938740729880959e-02 5.4848044227932491e-02 4.0172475716994489e-03
421 -3.2336461178089193e-02 -3.5315964372313491e-02 2.9643184819444491e-02 4.1128248265045134e-03
422 -6.4566995365136215e-02 -3.7833944900157096e-02 6.6434516704505411e-02 2.8744437443140140e-03
423 -5.9935705369252620e-02 -3.7618612815832959e-02 6.2936681390748858e-02 3.1646585499790765e-03
424 -2.8478155397688425e-02 -3.4739434086786647e-02 3.0902660027870194e-02 5.0115356771781713e-03
425 -8.9909707253613122e-02 -3.8587536587827438e-02 1.1606262677766988e-01 2.3829272547950739e-03
426 -9.6088607616046470e-02 -3.8695583543144202e-02 1.2232214306652736e-01 2.1364606760237020e-03
427 -4.0078497270039631e-01 -3.9619990425619506e-02 1.2957391944728629e+00 3.8371921040460924e-04
428 -5.1507772722890137e-02 -3.7120066233816251e-02 5.6012359907732692e-02 3.7545986637440472e-03
429 -4.9547772978914432e-02 -3.6985791118098958e-02 5.5561354431759233e-02 3.9932178460648556e-03
430 -4.7219139675450092e-02 -3.6865330239599828e-02 3.4763427348598164e-02 2.7241846678403869e-03
431 -5.2857190577276648e-02 -3.7258125747237358e-02 3.8675803126253801e-02 2.4800572682652741e-03
432 -5.3070558787768361e-02 -3.7269281881745657e-02 3.8445846523139003e-02 2.4469824042865664e-03
433 -5.4545856037458061e-02 -3.7324352758136260e-02 5.8917358507131930e-02 3.5530765289776074e-03
434 -5.2164054340821060e-02 -3.7170528662774642e-02 5.6306160493429312e-02 3.6901988323559108e-03
435 -5.5691015467909714e-02 -3.7388881870470111e-02 5.9083449400585568e-02 3.4250850417597723e-03
436 -8.2673369157774859e-02 -3.8397013811167939e-02 6.8815419617173496e-02 1.7118473037413878e-03
437 -1.0180369629718841e-01 -3.8835778656131345e-02 6.7677007218425603e-03 1.0017834670856775e-04
438 -1.2252512621872819e-01 -3.9077287928756553e-02 1.4264765004693359e-02 1.3138260386225521e-04
439 -1.2307293357660067e-01 -3.9101601285938911e-02 -2.0965731711773262e-03 -1.8985245234672869e-05
440 -1.1617975399088788e-01 -3.8943754976637886e-02 9.0310189344024391e-02 9.7161084768538969e-04
441 -1.2423910328318954e-01 -3.9022187255761114e-02 9.2774966094574182e-02 8.3669460716116187e-04
442 -2.9825939472954820e-02 -3.4948955834162389e-02 3.0378153292977460e-02 4.6542724963005650e-03
443 -2.9793742622056748e-02 -3.4944987435540441e-02 3.0293848134277893e-02 4.6529262134954461e-03
444 -6.6716428527997529e-02 -3.7943412963449212e-02 5.0977610695955279e-02 2.0645401396012912e-03
445 -5.8435637929012865e-02 -3.7570763326359370e-02 3.9798080636124736e-02 2.1086445449530135e-03
446 -5.6611567480212358e-02 -3.7471516585917991e-02 3.6175604115776284e-02 2.0323980754579142e-03
447 -5.1409351080632749e-02 -3.7160305123806039e-02 3.5226412334970640e-02 2.3733212629289545e-03
448 -1.5522698145112027e-01 -3.9221270498469477e-02 1.7037880775243139e-01 8.4435829929979580e-04
449 -5.1669758657542114e-02 -3.7121861849621358e-02 5.5952272605472357e-02 3.7249032297923096e-03
450 -5.8432428239144248e-02 -3.7544120830221843e-02 6.2018612980373734e-02 3.2805432836213672e-03
451 -5.7698516637356936e-02 -3.7506322697059127e-02 6.1494792657396026e-02 3.3358461568217786e-03
452 -8.7229238495613967e-02 -3.8532612719862330e-02 4.6387023426962153e-02 1.0246186363147571e-03
453 -9.4709032033175392e-02 -3.8669326769547027e-02 7.3476340496846787e-02 1.3322166022383499e-03
454 -7.9796213707605396e-02 -3.8368880283291204e-02 1.0675015490972485e-01 2.9030437682706477e-03
455 -2.6681947738654871e-02 -3.4435183036580996e-02 3.1447417009696804e-02 5.4922237110928192e-03
456 -2.6705034466585256e-02 -3.4439539756049062e-02 3.1874227375815217e-02 5.5588105215759256e-03
457 -2.6649079681423653e-02 -3.4427754978439501e-02 3.1004159322914438e-02 5.4257078204849284e-03
458 -9.3232933258752315e-02 -3.8647487821777633e-02 1.2233924357244443e-01 2.3025452943179216e-03
459 -8.9687464566129652e-02 -3.8583949370739140e-02 1.1623102885081778e-01 2.4016243057774149e-03
460 -9.5011194401090376e-02 -3.8677727451357294e-02 1.2002969075009409e-01 2.1588581560670096e-03
461 -3.8769694939126895e-02 -3.6091802694095454e-02 2.9615835087238980e-02 3.1753671947720242e-03
462 -3.5322563713381480e-02 -3.5698134871940533e-02 2.8319818593748908e-02 3.4769586125464372e-03
463 -6.2817580824911928e-02 -3.7727858137247453e-02 5.9844256077360124e-02 2.7212164801668349e-03
464 -3.8058112213194301e-02 -3.6019842531991343e-02 3.0056543205734029e-02 3.3296236800791899e-03
465 -4.2144733832072234e-02 -3.6434126047903685e-02 3.0116050554348101e-02 2.8563612085612446e-03
466 -3.8059992906795653e-02 -3.6019911765172878e-02 3.0037836779046988e-02 3.3275514066854672e-03
467 -5.6790750148984027e-02 -3.7423867406092090e-02 5.8413084590972025e-02 3.2509184739229671e-03
468 -3.2339636914525065e-02 -3.5310583961105313e-02 2.8865871285979294e-02 3.9766411417177299e-03
469 -2.9023945972859469e-02 -3.4827290463798496e-02 3.0472725097561909e-02 4.8364775161166274e-03
470 -2.7623534755106323e-02 -3.4599191279323559e-02 3.1126076594649752e-02 5.2314605310542477e-03
471 -1.6322854045117555e-01 -3.9370122120709644e-02 1.3611633081495000e-02 5.7103415005624313e-05
472 -1.9256472448505649e-01 -3.9438089394958693e-02 1.0292798085086126e-01 2.7225001114437772e-04
473 -7.6401606047828016e-02 -3.8279790500777428e-02 2.3194055015095565e-02 6.8638522229137744e-04
474 -1.0785927041906292e-01 -3.8903756653068583e-02 2.1092528989004784e-02 2.7139043130665021e-04
475 -6.2160931004314496e-02 -3.7694769063329733e-02 5.9970946081134506e-02 2.7865871814513345e-03
476 -6.2324231987727734e-02 -3.7710786209039837e-02 5.9362773368905469e-02 2.7498219126290153e-03
477 -8.5399439559132651e-02 -3.8495130402923954e-02 1.0923431914783510e-01 2.5355096788313922e-03
478 -8.4732115160795943e-02 -3.8515330733599369e-02 1.2201773220270102e-02 2.8266143282145253e-04
479 -9.0270061032716495e-02 -3.8643646356824435e-02 4.8875084249270714e-03 9.6811409537486570e-05
480 -8.6612201048520548e-02 -3.8521760525399941e-02 1.1460345022637160e-01 2.5726732668593308e-03
481 -9.3162226501240245e-02 -3.8644416765309546e-02 1.2233913881021916e-01 2.3025433198085110e-03
482 -5.8067845424602534e-02 -3.7497717635667248e-02 5.8801843261264891e-02 3.1351436451559894e-03
483 -2.0974377781264555e-01 -3.9403207483743798e-02 2.2076531140071795e-01 4.6831238550161037e-04
484 -7.8802618947494588e-02 -3.8340027396425343e-02 1.0156997424572525e-01 2.8403897259039828e-03
485 -8.1540330244578921e-02 -3.8407996998064180e-02 1.0470639040478230e-01 2.7073638717403470e-03
486 -8.2287327330297089e-02 -3.8428003300672524e-02 1.0964891289954221e-01 2.7781292602571659e-03
487 -5.1715785761218117e-02 -3.7186468523134314e-02 3.9035486139278729e-02 2.6055908907774102e-03
488 -5.7252899394931230e-02 -3.7515789764028501e-02 4.4536441675578756e-02 2.4583522857250569e-03
489 -3.8594494042102988e-02 -3.6073365339102166e-02 2.5721102692033693e-02 2.7538969944128308e-03
490 -3.8310007229288810e-02 -3.6042659417193416e-02 2.5766977231624365e-02 2.7890087899610314e-03
491 -8.3006347410689546e-02 -3.8439186892806350e-02 8.8982234071941169e-02 2.2114153324187527e-03
492 -1.1161138709622422e-01 -3.8894377864203231e-02 1.1280023412914007e-01 1.3454961349228900e-03
493 -5.9748875698440194e-02 -3.7640052360338995e-02 4.4371336161868918e-02 2.2521372637807160e-03
494 -5.7812756059941184e-02 -3.7484817452005249e-02 5.8315291609497631e-02 3.1365861553479921e-03
495 -5.7034929565192592e-02 -3.7508377470879387e-02 1.6122978824427630e-02 8.7850642625423203e-04
496 -5.5689232578472199e-02 -3.7430081298216983e-02 1.8188226593818069e-02 1.0392844301582887e-03
497 -7.4498297452912143e-02 -3.8207957802316221e-02 3.7155983100417400e-02 1.1753623448907194e-03
498 -8.0301641767720242e-02 -3.8367171293910929e-02 4.9919152722960200e-02 1.3372121264042811e-03
499 -4.3185813274917557e-02 -3.6521715411212609e-02 2.7588327301663784e-02 2.5060092254901825e-03
500 -4.7351747144383727e-02 -3.6868707454650172e-02 2.7448308899748149e-02 2.1415836257308698e-03
501 -4.1508529029009006e-02 -3.6367927343979811e-02 2.8812970331308838e-02 2.7903042070255815e-03
502 -1.2289599484304184e-01 -3.9009827841750680e-02 1.6120406823567857e-01 1.4964306634348216e-03
503 -2.8183562240470600e-01 -3.9504306897642491e-02 5.8575586977979988e-01 5.1671699620326351e-04
504 -9.2320702474451177e-02 -3.8601936343039725e-02 6.6620365359891381e-02 1.2738577973124049e-03
505 -8.1768223541244425e-02 -3.8369189436460449e-02 6.3256063070187399e-02 1.6122460538427331e-03
506 -7.7274311162481540e-02 -3.8299972427169794e-02 9.9740785192961048e-02 2.9179566655151237e-03
507 -3.9346696373072462e-02 -3.6152759903515519e-02 2.5223423440334788e-02 2.6245868966891495e-03
508 -7.8820362257326443e-02 -3.8310119660394014e-02 7.5376739427747766e-02 2.1088359026988032e-03
509 -7.3420521028320862e-02 -3.8154177751870744e-02 7.2436749838999115e-02 2.3777771632569372e-03
510 -7.2239395481344559e-02 -3.8145367306896598e-02 7.1409633407208725e-02 2.4370623547816449e-03
511 -2.7624694166203879e-02 -3.4596044053636546e-02 3.1131417188368732e-02 5.2204561750925646e-03
512 -4.9492367817859921e-02 -3.7026252151291343e-02 2.3319847667055311e-02 1.6698070183771218e-03
513 -6.7782747766248694e-02 -3.7931010846698622e-02 6.2824338890260845e-02 2.4328769549607685e-03
514 -7.1890885903841725e-02 -3.8078869512201990e-02 6.2192505232663529e-02 2.1193100964865155e-03
515 -7.9040505335815997e-02 -3.8336648048126025e-02 9.2709252977826506e-02 2.5754822958769107e-03
516 -7.3991402823413141e-02 -3.8207714921784659e-02 8.6219216565691773e-02 2.7817155822855589e-03
517 -5.4445134740646918e-02 -3.7319450243612232e-02 5.9161117591643470e-02 3.5808499415498707e-03
518 -5.6798966631805788e-02 -3.7424808912236693e-02 5.8402695626016063e-02 3.2503402870606097e-03
519 -1.4977076124957694e-01 -3.9274343023563300e-02 3.4128227932735893e-02 1.8269324048512020e-04
520 -1.6338497295621185e-01 -3.9371409610482064e-02 1.3249399370246455e-02 5.5583775125800438e-05
521 -1.2804352230120894e-01 -3.9145080666009434e-02 -5.1687614277331172e-04 -4.2231478336553236e-06
522 -1.3333028598841540e-01 -3.9202004523211584e-02 -1.3084077650010168e-02 -9.5432742985746891e-05
523 -1.2050828255542390e-01 -3.8990936907456100e-02 1.4794559600063462e-01 1.4501862622302471e-03
524 -4.9745064646632489e-02 -3.7053622021916449e-02 2.0904268446756726e-02 1.4677897897459329e-03
525 -1.2417625593406409e-01 -3.9021496211347186e-02 9.0921708164306392e-02 8.1998092753754058e-04
526 -1.4718574603429502e-01 -3.9186507533479298e-02 1.0990328121144972e-01 6.2912220138594229e-04
527 -2.9514584907694843e-02 -3.4903844832579342e-02 3.0407155593081058e-02 4.7290441384280598e-03
528 -2.5377853726631566e-01 -3.9462785617823251e-02 3.9224759033080309e-01 4.7788607274764857e-04
529 -2.8735097328618864e-01 -3.9489630214207400e-02 5.7356922125124243e-01 4.8499094530460464e-04
530 -2.0825196430207726e-01 -3.9386503800382160e-02 2.8195758438708451e-01 6.0791439749471421e-04
531 -1.0128928747902521e-01 -3.8755020057192821e-02 8.6835659412382679e-02 1.3154840915959301e-03
532 -6.7122064345832205e-02 -3.7912595761549699e-02 6.0264324950343333e-02 2.3926534937670865e-03
533 -3.7455171558113190e-02 -3.5946264004207279e-02 2.6672388454161280e-02 3.0023402700798374e-03
534 -3.5877769304868572e-02 -3.5764227817285457e-02 2.7550416127568107e-02 3.3044946825135377e-03
535 -8.2848772314254193e-02 -3.8442645582349194e-02 1.0807972052506785e-01 2.6949221183051254e-03
536 -3.4873893158758509e-02 -3.5649312638199919e-02 3.0652820674186614e-02 3.8402912689871702e-03
537 -6.3567199652835804e-02 -3.7819152537997960e-02 5.2209933527599756e-02 2.3402347796239453e-03
538 -1.8568705914632466e-01 -3.9327330474076591e-02 2.5390317229771220e-01 7.6246346501382812e-04
539 -2.1054023777781289e-01 -3.9378605971664059e-02 3.5776613650443478e-01 7.4724907778905565e-04
540 -5.7707626532366489e-02 -3.7506857935826719e-02 6.1397510544534649e-02 3.3305689927262214e-03
541 -3.6174564043252748e-02 -3.5804010466698469e-02 2.9775639652594818e-02 3.5414027414677508e-03
542 -3.6681059862542130e-02 -3.5864504056750950e-02 3.0783782764095588e-02 3.5882049770281105e-03
543 -3.2479895952593929e-02 -3.5332790241788044e-02 2.9034059276699328e-02 4.0002742903194957e-03
544 -1.0782143026607190e-01 -3.8937765186006078e-02 -4.1346289145676209e-03 -5.2632815727050218e-05
545 -3.7554640823834938e-02 -3.5957939393089638e-02 2.6524428068997973e-02 2.9758060675090501e-03
546 -5.7965285063386413e-02 -3.7552527234761830e-02 4.4518759072672512e-02 2.3992395567514193e-03
547 -7.2219399294579129e-02 -3.8143888174823094e-02 7.1392606668474121e-02 2.4364812666037568e-03
548 -4.8424006188389740e-02 -3.6900622875465666e-02 5.5124281313824637e-02 4.1238754844880763e-03
549 -4.7924873775635743e-02 -3.6863013052345142e-02 5.4793108219088150e-02 4.1738018113878818e-03
550 -5.1481390669924527e-02 -3.7161039054753708e-02 2.4231337719175541e-02 1.6224810825668872e-03
551 -1.7343096587628790e-01 -3.9284469466029308e-02 2.5615520156484434e-01 9.2783640343799896e-04
552 -1.5817615069288105e-01 -3.9227196416151480e-02 2.1278762616796412e-01 1.0017365462580690e-03
553 -1.3866744593938285e-01 -3.9128989185787104e-02 1.7021870051762769e-01 1.1489953929192203e-03
554 -1.2043600759355093e-01 -3.8989946694371204e-02 1.3617087019105764e-01 1.3372198653348133e-03
555 -6.5720015384495525e-02 -3.7929879450514341e-02 8.5289298321769690e-03 3.4788515571691986e-04
556 -7.3940006872017197e-02 -3.8225923812942521e-02 1.0957113665851916e-02 3.4493954395749715e-04
557 -7.5971216416059223e-02 -3.8292961283605292e-02 8.9445749494945354e-03 2.6441870917067709e-04
558 -9.7094344283654488e-02 -3.8706964477881779e-02 1.1468658122192955e-01 1.9481154594293464e-03
559 -1.2510247171980413e-01 -3.9038522577448213e-02 1.1277998940713112e-01 9.9417500423911028e-04
560 -2.9784860282760433e-02 -3.4943264298050593e-02 3.0317771302395023e-02 4.6566006471807494e-03
561 -3.2094827332428778e-02 -3.5278744523632256e-02 2.9417328948957745e-02 4.1105850862451125e-03
562 -5.8290249046852503e-02 -3.7569537167148892e-02 1.6740923249537871e-02 8.7909603767028486e-04
563 -8.6034542640602216e-02 -3.8485607892371015e-02 7.8876311430423757e-02 1.8013282861385558e-03
564 -9.4842552552427586e-02 -3.8656315461397785e-02 8.3884474568722417e-02 1.5141532905439817e-03
565 -8.1074914998580550e-02 -3.8363788074798677e-02 7.2895277530882888e-02 1.9087175957721936e-03
566 -6.6692304521881088e-02 -3.7941125762938850e-02 5.1221721003471797e-02 2.0744263528128934e-03
567 -5.4276978192982391e-02 -3.7298821631935646e-02 5.7080916071092051e-02 3.4762669383511017e-03
568 -4.9836462362643032e-02 -3.7052167161289888e-02 3.1719509810014694e-02 2.2604689405169936e-03
569 -3.3331931647545068e-02 -3.5444831306313644e-02 2.8685391804579474e-02 3.8052949595710093e-03
570 -3.2345296939482786e-02 -3.5312664329234383e-02 2.9315242557288207e-02 4.0517600653987868e-03
571 -3.0332306983883828e-02 -3.5024011655126905e-02 3.0319201187154286e-02 4.5443210384527267e-03
572 -6.5114707897163365e-02 -3.7887347870519589e-02 2.0368504551688375e-02 8.5328814179308975e-04
573 -5.7341421705192956e-02 -3.7516218076448851e-02 1.9363084348951638e-02 1.0530963880567774e-03
574 -5.7766379826809273e-02 -3.7483660711236939e-02 5.8407901336069774e-02 3.1459985699289999e-03
575 -6.1147465807655225e-02 -3.7662789700889439e-02 6.0645419391791383e-02 2.9236139563728982e-03
576 -4.9799494647910829e-02 -3.6999182264956548e-02 5.5146809757981377e-02 3.9276146488630113e-03
577 -4.2842617545794229e-02 -3.6495567645283014e-02 2.8763863251895297e-02 2.6558466034344455e-03
578 -8.1019966294500353e-02 -3.8360848584027732e-02 7.3033924581033624e-02 1.9123479760119681e-03
579 -4.4089246231096502e-02 -3.6606741779229741e-02 2.2351253749292945e-02 1.9397077981952657e-03
580 -5.0284910410632142e-02 -3.7090071839981177e-02 2.2111461413338879e-02 1.5248223001737065e-03
581 -3.9753345440071357e-02 -3.6192878997829803e-02 2.5483339836248654e-02 2.6191399021867137e-03
582 -4.5518837219834900e-02 -3.6725191009165686e-02 3.0066822359232994e-02 2.5077935920282059e-03
583 -4.7055579569828705e-02 -3.6850048815504986e-02 3.3232305968134576e-02 2.6192651468098446e-03
584 -2.9618352384972707e-01 -3.9507213732249455e-02 5.3520849415704996e-01 4.1563333194784670e-04
585 -6.2441477554543025e-02 -3.7745284911782417e-02 6.6085517431399246e-02 3.0654057865848669e-03
586 -1.3357909905389459e-01 -3.9142684820321176e-02 5.2955737740817056e-02 3.8967457968303558e-04
587 -3.8221497777292855e-02 -3.6034817995247617e-02 3.0531427646107501e-02 3.3476878717938739e-03
588 -4.9025129098738435e-02 -3.6939666603604565e-02 5.4840212513305009e-02 4.0166739516732039e-03
589 -5.1554004977655554e-02 -3.7116502533147321e-02 5.5775722430922818e-02 3.7293636497306437e-03
590 -8.7132216172423879e-02 -3.8496576219537976e-02 6.5727477605587808e-02 1.4441242307098761e-03
591 -5.2213072319116288e-02 -3.7155285738574920e-02 5.6454023228962938e-02 3.6862055515486498e-03
592 -5.6245659190458416e-02 -3.7423102834725039e-02 6.0361239749041624e-02 3.4347590146519371e-03
593 -2.0842446808532472e-01 -3.9384639636420887e-02 3.3836032107916847e-01 7.2929461830167962e-04
594 -1.7557356366815011e-01 -3.9293563419895199e-02 2.6245614141146023e-01 9.1966781244600857e-04
595 -1.6375785940179816e-01 -3.9250386860998250e-02 2.3566167324465578e-01 1.0055685460037265e-03
596 -6.2987604379181980e-02 -3.7738166884669133e-02 6.0167033659616717e-02 2.7250546515399953e-03
597 -9.0207863267989338e-02 -3.8648028208001471e-02 3.4565068411727927e-03 6.8320551599301306e-05
598 -8.6767233671607172e-02 -3.8570522318339191e-02 6.9740101589464022e-03 1.5146121235794138e-04
599 -2.9752966995066382e-02 -3.4934794367687108e-02 3.0864289600062919e-02 4.7260732566845789e-03
600 -2.9604564915330488e-02 -3.4911626497404528e-02 3.0643625452456826e-02 4.7249080036966739e-03
601 -1.1837903090900061e-01 -3.8994544525429685e-02 6.5194416532654093e-02 6.6703330362838289e-04
602 -1.2586001540458441e-01 -3.9047685339730721e-02 1.0849484104061251e-01 9.4316112615501328e-04
603 -1.0529695145113735e-01 -3.8833326552793271e-02 7.0838789420434922e-02 9.8394355224491704e-04
604 -2.7696372508041918e-02 -3.4608185185094155e-02 3.1186882585120774e-02 5.2153501008642576e-03
605 -2.8345748018358111e-02 -3.4715439709165553e-02 3.0836941068400261e-02 5.0217642089593634e-03
606 -4.3368841124116118e-02 -3.6543589660764070e-02 2.2236448525395480e-02 1.9810829727754907e-03
607 -8.0577653302397662e-02 -3.8389229494861732e-02 2.6749921523543364e-02 7.0594081486912460e-04
608 -6.3738859639587211e-02 -3.7801102982650610e-02 6.7012232954463416e-02 2.9779124195954475e-03
609 -6.8205150549605409e-02 -3.7985275313233917e-02 7.4758415540380166e-02 2.8763714417405326e-03
610 -5.4030030661873112e-02 -3.7270369600003725e-02 5.7527277519629924e-02 3.5217922114991695e-03
611 -5.4110078499270679e-02 -3.7273529429705889e-02 5.8562512770153348e-02 3.5728596536252332e-03
612 -8.8717929202118656e-02 -3.8593033839381480e-02 1.4934065406727629e-02 3.1132400438224346e-04
613 -8.4219082686887325e-02 -3.8503555393932437e-02 1.1379712810579696e-02 2.6640334460142716e-04
614 -3.0414070728728339e-02 -3.5034851450957118e-02 3.0306950597271756e-02 4.5190151893461745e-03
615 -1.6500417492012154e-01 -3.9321141943608522e-02 9.1503180010793786e-02 3.7527563765666716e-04
616 -8.0024703463342547e-02 -3.8361567416430868e-02 7.2611478148557188e-02 1.9659116463429478e-03
617 -1.5793988392658553e-01 -3.9235282413823951e-02 1.5010913018758834e-01 7.0627734785356404e-04
618 -1.8675575995892968e-01 -3.9342736017617980e-02 1.9216637118113120e-01 5.6378761786521380e-04
619 -2.6678952986418852e-02 -3.4434579296067198e-02 3.1454202907289397e-02 5.4934088535052326e-03
620 -2.7669528527285266e-02 -3.4602747641493931e-02 3.1249309850697713e-02 5.2300410270361298e-03
621 -5.1430165081142815e-02 -3.7162605673274507e-02 3.5299261054597242e-02 2.3782293249144586e-03
622 -5.6997539928179075e-02 -3.7501247810181944e-02 4.3527918040036119e-02 2.4244141259179529e-03
623 -4.9699483236771029e-02 -3.7040185897574164e-02 2.5978948617500976e-02 1.8590728628629445e-03
624 -1.8605022936972088e-01 -3.9346764228701522e-02 2.2621788118250313e-01 6.6686793925651233e-04
625 -1.4195643844439337e-01 -3.9147980958654911e-02 1.7114676805518111e-01 1.0747922812114924e-03
626 -1.3722025455811018e-01 -3.9145837370956983e-02 9.7421973871913037e-02 6.7120976356897766e-04
627 -8.2300486417583599e-02 -3.8429359667810414e-02 1.0964895701273404e-01 2.7781303793343510e-03
628 -1.6453098849998113e-01 -3.9256106236412867e-02 2.2222771157009796e-01 9.3860368006232653e-04
629 -1.4605025070997887e-01 -3.9169469086736727e-02 1.9964681418766025e-01 1.1665614907762050e-03
630 -8.9304399544998539e-02 -3.8592544773768604e-02 2.5002984811615094e-02 5.1598127566916598e-04
631 -6.0153670848284400e-02 -3.7608007713440604e-02 5.8497581111670589e-02 2.9104784946495836e-03
632 -5.8566911647651314e-02 -3.7547409697337865e-02 6.2798031425092479e-02 3.2985758780514273e-03
633 -2.7920564707646721e-02 -3.4646781177173638e-02 3.0738324960192343e-02 5.1011117249016311e-03
634 -2.6757692184357827e-02 -3.4448910140257645e-02 3.1241308612501635e-02 5.4418180799716753e-03
635 -6.9591080714281300e-02 -3.8020204290038516e-02 6.8126973498432358e-02 2.5122186576085025e-03
636 -6.1018562131979058e-02 -3.7662984766458706e-02 6.1474594514548168e-02 2.9773697129063807e-03
637 -6.5466995830056190e-02 -3.7864333456564266e-02 6.5960510101761835e-02 2.7709664622286015e-03
638 -4.5667228056647982e-02 -3.6736099703261547e-02 2.5491959813104214e-02 2.0901987677670779e-03
639 -8.5985670077805540e-02 -3.8482923004604153e-02 7.9448469927803425e-02 1.8148550325661472e-03
640 -1.0661201776880819e-01 -3.8829965208014815e-02 8.0069792541464818e-02 1.0660641624540934e-03
641 -6.2050183455997998e-02 -3.7690138643840729e-02 5.8831961031725964e-02 2.7448504753577667e-03
642 -4.7733599032645825e-02 -3.6900521691872558e-02 2.4706868307212308e-02 1.8734115625274107e-03
643 -8.9797377792836447e-02 -3.8584272078182824e-02 1.1634746020624835e-01 2.3936489073930587e-03
644 -5.8063267447940284e-02 -3.7558075212470420e-02 1.6553312053828446e-02 8.7712129588355249e-04
645 -9.5374787908486053e-02 -3.8681304397512328e-02 1.2069743423642849e-01 2.1439165714040877e-03
646 -7.4645703004516589e-02 -3.8216421430590827e-02 8.9415606689014576e-02 2.8290512290380294e-03
647 -2.0955004212490477e-01 -3.9510649923848930e-02 8.0079281659790280e-02 1.6594184384010358e-04
648 -1.6864327314434371e-01 -3.9406659073951293e-02 3.4411327549701549e-03 1.3146424865613104e-05
649 -8.7663141566487870e-02 -3.8542181767543010e-02 1.0623273551721144e-01 2.3204240571638715e-03
650 -5.6920642808008584e-02 -3.7450274123599185e-02 5.7400063044607333e-02 3.1918497004198606e-03
651 -7.6277584097247331e-02 -3.8227597215295943e-02 6.7888988393746394e-02 2.0333270761083975e-03
652 -1.8599428155760095e-01 -3.9330722251452933e-02 2.5354744071696689e-01 7.6139521395097065e-04
653 -2.1093813549399426e-01 -3.9383296195900364e-02 3.5205333715050724e-01 7.3531702605681088e-04
654 -9.0645964144847713e-02 -3.8622370983371533e-02 2.2668462386836397e-02 4.5219318980118327e-04
655 -8.6337083432279485e-02 -3.8506859909082355e-02 7.3533897371420118e-02 1.6655056178099185e-03
656 -7.6021925240317936e-02 -3.8265874832711454e-02 8.9253086669875345e-02 2.7102645258743315e-03
657 -5.4761840122357804e-02 -3.7324016491245289e-02 5.7165061034748645e-02 3.4188790793469766e-03
658 -4.8648741253397736e-02 -3.6914514727923196e-02 5.5254313244283877e-02 4.0980605073599524e-03
659 -1.2971774694345911e-01 -3.9067757898256880e-02 9.5057747938520801e-02 7.6641408634004675e-04
660 -7.7581500823682176e-02 -3.8259498149052724e-02 6.2304814617582409e-02 1.7981114972558400e-03
661 -1.0875350927341414e-01 -3.8954710873823288e-02 -6.9668428183781682e-03 -8.6460899688381679e-05
662 -1.4289363254340451e-01 -3.9152784871982642e-02 1.6670506015256512e-01 1.0353444643534052e-03
663 -2.8311180296368005e-01 -3.9506315972606398e-02 5.8575719195988818e-01 5.1671816554738591e-04
664 -2.7509929787142606e-01 -3.9472766185293086e-02 6.1572849832698284e-01 5.9320333053270217e-04
665 -1.0305519727999109e-01 -3.8780386013487808e-02 8.0041213970474687e-02 1.1619003123791169e-03
666 -3.8411531535800417e-02 -3.6057297739842023e-02 2.9926391052605313e-02 3.2698355290724582e-03
667 -4.2474608477349712e-02 -3.6464327658894131e-02 3.0197056993254767e-02 2.8282451410913245e-03
668 -4.3088877288115515e-02 -3.6518855915886092e-02 3.0000907705568382e-02 2.7443342662112707e-03
669 -7.0137302737785623e-02 -3.8066866832745107e-02 8.2363955669639860e-02 2.9851990883513432e-03
670 -5.8037147949554196e-02 -3.7499021975397791e-02 5.7829394752000295e-02 3.0869805740134856e-03
671 -3.2308789198864055e-02 -3.5307272960753956e-02 2.9397947001707989e-02 4.0670021411990318e-03
672 -1.3168211948614986e-01 -3.9189098232524006e-02 -1.3083794131653304e-02 -9.8550444237440640e-05
673 -4.6488795286988426e-02 -3.6809294226716187e-02 3.4745236721682234e-02 2.7979127476055062e-03
674 -5.8407472515018738e-02 -3.7536399702432312e-02 6.0734943516194122e-02 3.2109138693526963e-03
675 -6.1610108198600806e-02 -3.7695398246731432e-02 6.5259985847338928e-02 3.0970424589094577e-03
676 -6.7074831765122245e-02 -3.7960222965761375e-02 5.5597580215423888e-02 2.2270987736321946e-03
677 -1.4013729875470354e-01 -3.9139000074598362e-02 1.6004311292762147e-01 1.0501938558907880e-03
678 -1.1292673386803920e-01 -3.8910570134762831e-02 1.1325362761185535e-01 1.3135951832669022e-03
679 -2.8580934408812538e-02 -3.4751694519676815e-02 3.1563218314476019e-02 5.0796137136611000e-03
680 -2.7669144700787577e-02 -3.4602814790797305e-02 3.1250317832385792e-02 5.2312206068202407e-03
681 -2.8076737188823194e-02 -3.4669565194385236e-02 3.1017193609908331e-02 5.1023309536552168e-03
682 -6.9166111188258481e-02 -3.8012031045143203e-02 6.9075235821918268e-02 2.5863987584905188e-03
683 -4.8220971230868631e-02 -3.6888349475306621e-02 5.4934712716389077e-02 4.1418335731988566e-03
684 -6.3699370087716006e-02 -3.7814789058212485e-02 3.8782277471012712e-02 1.7229930500706494e-03
685 -6.2043833125018120e-02 -3.7689741336889189e-02 5.9618371640328252e-02 2.7816529173974127e-03
686 -9.8913137290842945e-02 -3.8735448102410974e-02 1.0462135249228950e-01 1.6973275035864269e-03
687 -5.4587470497243294e-02 -3.7357767454584606e-02 2.1638129987336420e-02 1.2972945785102211e-03
688 -5.8945599653030749e-02 -3.7594056768871141e-02 2.7953446195690904e-02 1.4417928136033092e-03
689 -5.0734031552730222e-02 -3.7073579417052943e-02 5.5499786597986087e-02 3.8280575636765618e-03
690 -7.3473887265192800e-02 -3.8184037089034568e-02 2.6007780095998564e-02 8.4247795572611446e-04
691 -2.9860612330053778e-02 -3.4951238026467192e-02 3.0968466973112767e-02 4.7214085348866713e-03
692 -2.8675590987049627e-02 -3.4766634196587327e-02 3.0553397194138666e-02 4.9005505823827723e-03
693 -2.7006089288631501e-02 -3.4493470554580012e-02 3.1372926075823288e-02 5.4077045397863946e-03
694 -1.1607357561208503e-01 -3.8941757917112706e-02 8.9698977787081635e-02 9.6503506822292735e-04
695 -7.4735991588634226e-02 -3.8186913974092337e-02 6.9902313584274969e-02 2.2014234865814454e-03
696 -6.1647928314812125e-02 -3.7695122204249622e-02 6.4531589425045693e-02 3.0584278652942298e-03
697 -9.4303688264098157e-02 -3.8676969655596756e-02 3.7785987205793910e-02 6.8847229679316912e-04
698 -1.0670619617583102e-01 -3.8874471022828046e-02 3.3903041790375885e-02 4.5224053804958489e-04
699 -2.9610870056829622e-02 -3.4912710540987969e-02 3.0627204052889174e-02 4.7223760055697074e-03
700 -5.6772671914271100e-02 -3.7481746334547893e-02 3.6723628293716719e-02 2.0560325702508910e-03
701 -5.8392326901981879e-02 -3.7521841147457970e-02 5.8149640371361520e-02 3.0691279818967064e-03
702 -4.8878448790797535e-01 -3.9683327419014459e-02 2.2692834095162882e+00 3.3845564584878373e-04
703 -7.4305103129426009e-02 -3.8190165267227065e-02 7.8587952846190606e-02 2.5116236337223733e-03
704 -2.6752424146082202e-02 -3.4447840169165855e-02 3.1255728537387457e-02 5.4443298380074476e-03
705 -9.6474771165487250e-02 -3.8678235902618256e-02 7.2819127453868426e-02 1.2488423060453722e-03
706 -4.6735919196964140e-02 -3.6824788282413153e-02 2.3091771496357851e-02 1.8163334642665788e-03
707 -2.8073461675578622e-02 -3.4668957664177824e-02 3.1024427435473699e-02 5.1035209185682174e-03
708 -2.8599767291494743e-02 -3.4754575811881419e-02 3.1603344276641986e-02 5.0810597137788448e-03
709 -8.6646742177226385e-02 -3.8524005622462533e-02 1.1457731351205772e-01 2.5720865373493025e-03
710 -5.8459101452334052e-02 -3.7573018063946959e-02 3.9750404639894418e-02 2.1061185002852964e-03
711 -9.8293308934422480e-02 -3.8789569613202686e-02 2.3960450504973744e-03 3.8530169425560907e-05
712 -6.8379424520671916e-02 -3.8004679104276982e-02 3.0538918755774500e-02 1.1596173196626155e-03
713 -8.9134601632986366e-02 -3.8565741538974491e-02 1.0439511045172155e-01 2.1848466864123652e-03
714 -1.0856644206366767e-01 -3.8867719137410051e-02 1.0260758669891241e-01 1.3126796100526269e-03
715 -5.3676619739203166e-02 -3.7245128133959485e-02 5.6928689663212372e-02 3.5317035192215765e-03
716 -2.2660297546409086e-01 -3.9443799490996599e-02 3.2986817959949877e-01 5.5604397439991469e-04
717 -1.0545596425119867e-01 -3.8906601757164254e-02 -4.4980397965669432e-03 -6.0482533309053496e-05
718 -4.2977650490092389e-02 -3.6509314810060679e-02 2.9935982743270601e-02 2.7498271349305731e-03
719 -4.8404692327945115e-02 -3.6898797439873059e-02 5.5138634077144505e-02 4.1268983634020241e-03
720 -6.7067622330430773e-02 -3.7959181644494112e-02 5.5786696187281333e-02 2.2338267383296734e-03
721 -1.1823285201375482e-01 -3.8991869824181791e-02 6.5324534876035012e-02 6.6836460153136342e-04
722 -1.0516315282106381e-01 -3.8829992379447065e-02 7.1191752606638306e-02 9.8884617179768506e-04
723 -7.4761009924573379e-02 -3.8189439541091420e-02 7.0154108632494480e-02 2.2093532383762270e-03
724 -4.9789906867499296e-02 -3.6997793545718229e-02 5.5200940296744390e-02 3.9314698836069566e-03
725 -1.0653695788246433e-01 -3.8871068380724003e-02 3.4383395025070422e-02 4.5917550079788795e-04
726 -6.8168723097591116e-02 -3.7979194516985740e-02 7.0782844992724844e-02 2.7317576706421660e-03
727 -9.4596974421268104e-02 -3.8665600071935091e-02 7.3042784490068499e-02 1.3243556918226857e-03
728 -6.5481254466649763e-02 -3.7857890136141055e-02 6.3538640798319154e-02 2.6580647254824071e-03
729 -4.2505108057317012e-02 -3.6461639498360385e-02 2.3610616897774345e-02 2.1808105610587551e-03
