730 4 BEM3DMeshData
1 9.9945592895760937e-02 -3.8746034917150091e-02 6.8409802387624299e-02 1.3158994340855530e-03
0 8.6677923036643900e-02 -3.8406012301649646e-02 6.3190905388800969e-02 1.8137035458695970e-03
2 9.7483070506506064e-02 -3.8693134591663375e-02 6.7575592288410424e-02 1.3948947838521165e-03
4 9.5932208001017955e-02 -3.8657732000090213e-02 9.7949435915292871e-02 2.1154912071831931e-03
5 8.9718815460719262e-02 -3.8497247908642340e-02 9.1813059160004915e-02 2.3933509619422865e-03
6 5.4868519296848391e-02 -3.6392040204127084e-02 2.7286907582087502e-02 2.6757874257474063e-03
7 5.3786327508829383e-02 -3.6257761028207713e-02 2.8520046411272284e-02 2.9434777038641509e-03
8 5.0896432714335534e-02 -3.5857997981048120e-02 2.7561737588714837e-02 3.2741708609083774e-03
9 1.3962577279730179e-01 -3.9252402857750182e-02 5.2783750884145615e-02 3.8840901510130008e-04
10 1.7209027535509777e-01 -3.9435181878323358e-02 9.2623118984390601e-02 3.6981213404989094e-04
11 1.6391652914623728e-01 -3.9399149079536191e-02 1.1684117703714737e-01 5.3814392877242880e-04
12 2.0280141840666241e-01 -3.9533964006818911e-02 1.9144014591055153e-01 4.7109248228731246e-04
13 2.0432616760810474e-01 -3.9537745018034059e-02 1.1176915314676632e-01 2.6901757330397816e-04
14 2.6722475316462857e-01 -3.9641878867749100e-02 3.7139598700752557e-01 4.0331266316002046e-04
15 7.3963425318860715e-02 -3.7897224538889947e-02 2.4796613222941140e-02 1.1018331151287709e-03
16 7.5715129574574769e-02 -3.7982538368746974e-02 2.0375866725179735e-02 8.4939816176191627e-04
17 6.8793289108508002e-02 -3.7607161314436394e-02 1.9506960941494945e-02 1.0545875580945227e-03
18 5.0864627156377518e-02 -3.5853231337213090e-02 2.7368245888189122e-02 3.2563337030745883e-03
19 5.2097161182745301e-02 -3.6031865760278170e-02 2.6508709552395721e-02 2.9681245448601231e-03
20 4.8922520077477126e-02 -3.5545110781788514e-02 2.8817486756988784e-02 3.7822402249330501e-03
21 6.3270313035918346e-02 -3.7217525816622014e-02 5.5803147234844412e-02 3.7720123168866245e-03
22 6.4858785930394458e-02 -3.7339583723194972e-02 5.7024976520596536e-02 3.6090217606118665e-03
23 6.6202609918426802e-02 -3.7436223805792042e-02 5.7598058159712230e-02 3.4513314356619919e-03
24 1.1053017242593509e-01 -3.8934941740149415e-02 5.1465706940699756e-03 7.4333035296039428e-05
25 1.2957294481875115e-01 -3.9166359999443429e-02 1.4518635469434594e-02 1.3270645461848239e-04
26 1.1508082528316443e-01 -3.9000734204228865e-02 2.0312426210786133e-02 2.6135311290094183e-04
27 7.3306969162887842e-02 -3.7863697804593012e-02 5.8885645372750185e-02 2.6808122307062916e-03
28 7.9516537568588522e-02 -3.8148993350795912e-02 6.2268010883731913e-02 2.2693696019557177e-03
29 8.1086634253613482e-02 -3.8211122161890813e-02 6.1983697464224455e-02 2.1404589063168801e-03
30 5.4013781919098093e-02 -3.6286630319222593e-02 2.9813422258560169e-02 3.0438598071452394e-03
31 5.7680396792120475e-02 -3.6707434957130546e-02 2.7647259937769234e-02 2.3823454725650063e-03
32 5.5135830430719464e-02 -3.6424039587953434e-02 2.8824401306500061e-02 2.7914112039102322e-03
33 8.7698734341968523e-02 -3.8437685124262780e-02 9.2671418637806480e-02 2.5744312500560465e-03
34 9.5085570275886128e-02 -3.8637678697176846e-02 1.0423481494522828e-01 2.3081981701361014e-03
35 8.8996650100536895e-02 -3.8476413657952992e-02 9.0658533639600011e-02 2.4172763730446285e-03
36 7.6817595854988319e-02 -3.8033319454960510e-02 3.1475375623494353e-02 1.2612206988473441e-03
37 6.8210385507835647e-02 -3.7570353441071132e-02 2.9395037734374095e-02 1.6259203896085035e-03
38 7.0982457855272574e-02 -3.7737565969118710e-02 2.7019284450611237e-02 1.3423795593965134e-03
39 9.4326779802422100e-02 -3.8619250847898079e-02 7.3303771809174745e-02 1.6602933937359037e-03
40 8.3934192836673749e-02 -3.8315167391935565e-02 5.3216494058314155e-02 1.6702942649886525e-03
41 8.9149818291761107e-02 -3.8480874286187065e-02 5.1008125059602609e-02 1.3535343929961614e-03
42 8.3079874242401597e-02 -3.8285055362071684e-02 9.0797771259135254e-02 2.9318280500253901e-03
43 8.3523198363858145e-02 -3.8300794706307977e-02 9.1073889973544722e-02 2.8976923898807508e-03
44 7.9468965875746478e-02 -3.8147054227140965e-02 8.2057510097821557e-02 2.9955325217129311e-03
45 1.4060164349055826e-01 -3.9259792334783460e-02 1.8217577223401724e-01 1.3136492088347748e-03
46 1.5104512221028937e-01 -3.9330162417669207e-02 2.0207980109202059e-01 1.1824543315874616e-03
47 1.6824046947415386e-01 -3.9418861945424447e-02 2.3566121376384541e-01 1.0055665820442306e-03
48 8.4816421532570754e-02 -3.8345327202108662e-02 8.7887557666662439e-02 2.6795903125065904e-03
49 8.8177773643732638e-02 -3.8452175709141188e-02 1.0315555702928610e-01 2.8224428748006561e-03
50 8.3886142277993125e-02 -3.8313497773378669e-02 8.9552014301734595e-02 2.8152174522539986e-03
51 8.7006422793406174e-02 -3.8416324727867338e-02 1.0283859120301893e-01 2.9207210789098542e-03
52 8.6634152437753423e-02 -3.8404629495021811e-02 1.0104600541354310e-01 2.9043033269236483e-03
53 8.5995912550286782e-02 -3.8384229099763606e-02 9.9428637957005364e-02 2.9172637083925675e-03
54 9.7143282644025289e-02 -3.8685521223671311e-02 1.4810901484757385e-02 3.0875645935422153e-04
55 8.4774626365398884e-02 -3.8343919294989703e-02 2.2926003221338462e-02 6.9994509595772483e-04
56 8.3878126724818827e-02 -3.8313218980915345e-02 1.7951712417751866e-02 5.6449172674938753e-04
57 6.1905815821432501e-02 -3.7105298179605457e-02 2.3290752976941907e-02 1.6677237047529794e-03
58 6.3884421944398334e-02 -3.7265766105260993e-02 2.2019914366731119e-02 1.4508040868664173e-03
59 8.7636060097952592e-02 -3.8435771919017141e-02 1.0591240235190781e-01 2.9481428304149126e-03
60 8.8370486099004886e-02 -3.8457939661977206e-02 1.0682048834010281e-01 2.9049564702712787e-03
61 4.7398637455330905e-02 -3.5277629997164564e-02 2.9711249912494957e-02 4.2206747518017864e-03
62 4.5514137695818913e-02 -3.4910907404889287e-02 3.1007247355803944e-02 4.8712237264928208e-03
63 4.6514253882350205e-02 -3.5110800333671213e-02 3.0287714296309099e-02 4.5088915730230501e-03
64 5.0864627156377518e-02 -3.5853231337213090e-02 2.7399567447300838e-02 3.2600604106240963e-03
65 5.3716745817064059e-02 -3.6248858867451293e-02 2.5211215708176023e-02 2.6106251818243712e-03
66 5.0269578505893864e-02 -3.5762448494620000e-02 2.7881808850461015e-02 3.4176046634979058e-03
67 8.8926864578207199e-02 -3.8474373790102191e-02 6.4920372326463513e-02 1.7348056924486345e-03
68 9.9347840966217446e-02 -3.8733550777847285e-02 7.8567664075677987e-02 1.5371806612635677e-03
3 8.9004089962427049e-02 -3.8476630849864947e-02 8.4968561061405601e-02 2.2650323155004003e-03
70 8.8974064166746025e-02 -3.8475753977394403e-02 9.8502530331498611e-02 2.6282889912929252e-03
71 8.5907293284628358e-02 -3.8381361026753998e-02 8.5177806954741503e-02 2.5063211416160775e-03
72 8.9764155476532145e-02 -3.8498539424545203e-02 9.2414952240308837e-02 2.4056377199758259e-03
73 5.2599821686399068e-02 -3.6101278511393067e-02 2.9971440181443834e-02 3.2747577149514970e-03
74 5.0529458285700407e-02 -3.5802474702081269e-02 3.0726161848375028e-02 3.7175123663250485e-03
75 5.3166470469591942e-02 -3.6177268584346618e-02 2.9983584229971542e-02 3.1876878757861760e-03
76 4.7985199955475899e-02 -3.5383465930293845e-02 2.8898662784831639e-02 3.9811585880176513e-03
77 6.2108589991375529e-02 -3.7122432184660520e-02 5.5575539073077593e-02 3.9452745453488732e-03
78 6.2008904244773122e-02 -3.7114029363262468e-02 5.6578722856262087e-02 4.0335507732060681e-03
79 6.1108106443672087e-02 -3.7036277215038639e-02 5.5308414422897835e-02 4.0979719153315655e-03
80 6.9236026823765104e-02 -3.7634513104763810e-02 1.5208273929425076e-02 8.0811899446122661e-04
81 6.2379727532039596e-02 -3.7145089358195688e-02 2.0640908087222774e-02 1.4485297226583872e-03
82 6.9236026829443159e-02 -3.7634513105111303e-02 1.5301696613059466e-02 8.1308317664115302e-04
83 1.5218461840653158e-01 -3.9336980540303976e-02 1.0859681877889990e-01 6.2164358822181540e-04
69 9.9160494272007585e-02 -3.8729591970403349e-02 7.2779733720884227e-02 1.4315671083720892e-03
85 1.6322727040251370e-01 -3.9395861719476080e-02 1.5000021147559589e-01 6.9945644167221518e-04
86 7.3771414335398050e-02 -3.7887508833168944e-02 6.4081179802607621e-02 2.8676544916747711e-03
87 7.6977230833410737e-02 -3.8040495427041007e-02 6.5398443009544310e-02 2.6056613641063579e-03
88 7.9178091037989576e-02 -3.8135122714755644e-02 6.7526096761133275e-02 2.4900610011073855e-03
89 5.6286997120238040e-02 -3.6556850680000044e-02 2.3575603498826061e-02 2.1645143993065247e-03
90 6.0437289183388830e-02 -3.6976169381409511e-02 2.4554990927947586e-02 1.8729034625152583e-03
91 5.8742407562204904e-02 -3.6815305647391758e-02 2.5339448513469698e-02 2.0821305174791144e-03
92 1.1323020488033077e-01 -3.8974926071479850e-02 7.8246716555112908e-02 1.0546857649971712e-03
93 1.0985568675972934e-01 -3.8924494399971990e-02 7.5608436396063114e-02 1.1113081752811098e-03
94 1.3473911844051262e-01 -3.9212967173994188e-02 9.2344861905923739e-02 7.5362962047717638e-04
95 7.5353064103094045e-02 -3.7965382097836967e-02 1.0639595645770990e-02 4.4937298916908331e-04
96 7.2220463144112859e-02 -3.7806226510647460e-02 1.2528538351370700e-02 5.9397235638614435e-04
97 8.0428395890723772e-02 -3.8185511063235214e-02 1.4066634514586186e-02 4.9680572371493933e-04
98 1.6754224484737074e-01 -3.9415781369830913e-02 1.1326377295071059e-01 4.8923317578738665e-04
99 2.0978098975850931e-01 -3.9550604895261743e-02 2.1622844216041559e-01 4.8143440574936974e-04
100 1.6278891951627888e-01 -3.9393749372028830e-02 1.1243851346493132e-01 5.2845498057724834e-04
101 6.2698195319472599e-02 -3.7171337327569054e-02 2.1079247015823636e-02 1.4595169599012500e-03
102 5.7070462308852384e-02 -3.6642831491643615e-02 2.2293596503498114e-02 1.9748064634447261e-03
103 1.1542940479293719e-01 -3.9005458070808033e-02 1.2045799533717867e-01 1.5364969769856823e-03
104 1.3102200509889575e-01 -3.9179987270681157e-02 1.4144009397673246e-01 1.2518440431737179e-03
105 1.3214707298450531e-01 -3.9190261820583758e-02 1.5478165408896230e-01 1.3363973513320119e-03
106 2.1209589026517836e-01 -3.9555765544042651e-02 3.3863643181498831e-01 7.2988974149179381e-04
107 1.7285855217302670e-01 -3.9438309355022690e-02 2.1627812371539723e-01 8.5229317525267571e-04
108 5.0245960851628552e-02 -3.5758781440315010e-02 2.7909076762030062e-02 3.4250077647662597e-03
109 4.7713016793006227e-02 -3.5334817124694405e-02 2.9526277638116164e-02 4.1258146967169656e-03
110 4.9828375155010984e-02 -3.5693117596634752e-02 2.8379918198110685e-02 3.5568706526116047e-03
111 6.3534380857403139e-01 -3.9762732596593832e-02 4.6148939152093300e+00 3.7694168665955804e-04
112 3.8585824317249817e-01 -3.9718259536352676e-02 1.2629700666117798e+00 4.5868047677782316e-04
113 4.1312848301671801e-01 -3.9727252430286630e-02 1.3040539114222496e+00 3.8618152902644996e-04
114 9.9160494272007585e-02 -3.8729591970403349e-02 7.4539382265031984e-02 1.4661791473190510e-03
115 1.0858947177981799e-01 -3.8904357920251570e-02 8.4177687268539941e-02 1.2789243892737682e-03
116 1.1345479639483948e-01 -3.8978125065909516e-02 8.6910866898914862e-02 1.1648354999457614e-03
117 8.8568565408625233e-02 -3.8463825498532389e-02 1.0407865894369553e-01 2.8127479801392579e-03
118 9.1309381601502287e-02 -3.8541426502351289e-02 1.0837992388547736e-01 2.6895152375979556e-03
119 8.8974064166746053e-02 -3.8475753977394403e-02 9.8779896486358251e-02 2.6356898002764203e-03
84 1.3758882025573660e-01 -3.9236471780844759e-02 9.9203833226745725e-02 7.6185882418771636e-04
121 5.9117031590858064e-02 -3.6852019543222175e-02 3.4621681365218211e-02 2.7980040987219128e-03
122 6.3113461726097692e-02 -3.7204984361042921e-02 3.8180185429568470e-02 2.5978074161985480e-03
123 1.5598194034346261e-01 -3.9358637719483967e-02 1.4797891507003608e-01 7.8817905071590052e-04
124 1.7137274925169296e-01 -3.9432223065289401e-02 2.1278666934537147e-01 8.6007831427701166e-04
125 1.4419075467040912e-01 -3.9285697871730349e-02 1.6491227409869316e-01 1.1050032106222467e-03
126 7.4106358805330688e-02 -3.7904408905810934e-02 3.2988127902761698e-02 1.4581359310215226e-03
127 7.0299835602054217e-02 -3.7698179725478100e-02 3.4671272526309617e-02 1.7681152811346971e-03
128 7.8383618652567613e-02 -3.8101866071026391e-02 3.8645678394020555e-02 1.4651429232108908e-03
129 5.8161561327659601e-02 -3.6757017020897925e-02 2.1983219679185446e-02 1.8537649238828185e-03
130 5.4671786341678116e-02 -3.6368199925038529e-02 2.4001533645766512e-02 2.3754652959755390e-03
131 2.6574494655076808e-01 -3.9640240600547105e-02 4.9704945823004909e-01 5.4875175506883546e-04
132 2.6152862751539735e-01 -3.9635419564134133e-02 4.1486315716466399e-01 4.8032167550334529e-04
133 2.0629831432309811e-01 -3.9542511981516371e-02 2.6670540465733744e-01 6.2396143444748062e-04
134 7.6901652957655414e-02 -3.8037103491711591e-02 7.4880081461603673e-02 2.9914761520360078e-03
120 6.3308256812302607e-02 -3.7220546089199801e-02 3.8836111649848765e-02 2.6209605076701488e-03
136 8.0033192604555811e-02 -3.8169834803521104e-02 8.2392779765735530e-02 2.9497317457428886e-03
137 2.2748327196794468e-01 -3.9586170078878935e-02 1.1204374051517896e-01 1.9625748684950608e-04
138 3.3425808519116390e-01 -3.9694837493361557e-02 5.4221518467150154e-01 3.0228344256234173e-04
139 3.0931613706070771e-01 -3.9679096865867750e-02 4.0327204591648841e-01 2.8331343559772260e-04
140 2.0003476821753619e-01 -3.9526881891351617e-02 2.0982534566160119e-01 5.3772104917411867e-04
141 1.6276984261973038e-01 -3.9393657057154016e-02 1.1153803772128811e-01 5.2440293725804351e-04
142 1.1342206098768259e-01 -3.8977659968509548e-02 1.2000867137863096e-01 1.6097645636624954e-03
143 9.7502901283476148e-02 -3.8693576495565804e-02 9.1660027973684527e-02 1.8909586079965313e-03
144 1.0339431589852731e-01 -3.8813926762574856e-02 1.0878455584713652e-01 1.9005070547479940e-03
135 7.5991094111184904e-02 -3.7995453472833590e-02 7.4142251571024692e-02 3.0601455050351277e-03
146 7.3671118143593090e-02 -3.7882404233339051e-02 6.0346131481101455e-02 2.7105257127242812e-03
147 7.9506758471205502e-02 -3.8148595013351272e-02 6.1183324684726197e-02 2.2305931185342734e-03
148 1.6391652914623728e-01 -3.9399149079536191e-02 1.1733869468692340e-01 5.4043538208943000e-04
149 1.4266005003515994e-01 -3.9274887248197214e-02 9.8309037093425741e-02 6.7952746372457033e-04
150 1.5598194034346266e-01 -3.9358637719483967e-02 1.4938734659825229e-01 7.9568076962215420e-04
151 6.9352844045711834e-02 -3.7641644665643806e-02 6.1857692148215127e-02 3.2720311988854263e-03
152 7.3961274836783039e-02 -3.7897116135719659e-02 6.7036592003249171e-02 2.9789948939282730e-03
153 7.0667443297770860e-02 -3.7719528899339674e-02 6.2980206707663453e-02 3.1668471438564723e-03
154 1.0954924706657647e-01 -3.8919684536088087e-02 1.3442682551849536e-01 1.9916696962105048e-03
155 1.1358155400038598e-01 -3.8979922249204518e-02 1.3664701092357273e-01 1.8255787981319522e-03
156 1.2221011247990993e-01 -3.9089517399631415e-02 1.5328574397748249e-01 1.6591163880592284e-03
157 8.7320694182820319e-02 -3.8426083272936444e-02 3.2897071224293507e-02 9.2496605541672692e-04
158 8.2906945514516023e-02 -3.8278848366988839e-02 3.7728646524421240e-02 1.2252957078127075e-03
159 4.3496458533244971e-02 -3.4467247381182897e-02 3.1722102887583606e-02 5.5710921441673679e-03
160 4.3501623162769065e-02 -3.4468457915763064e-02 3.1726588743803047e-02 5.5702619571051833e-03
161 4.3614595351206792e-02 -3.4494836030357877e-02 3.1559962667700281e-02 5.5059547773263504e-03
162 8.0604850893661234e-02 -3.8192437257370350e-02 6.6447125356364253e-02 2.3326395629177103e-03
163 7.4049182544076317e-02 -3.7901539910162020e-02 6.0389702478686330e-02 2.6749525224578998e-03
164 7.6614738451939363e-02 -3.8024136907660308e-02 6.0583621567424695e-02 2.4452312961204042e-03
165 8.5829287358229131e-02 -3.8378829194562786e-02 1.0246603826974669e-02 3.0226507119101529e-04
166 8.6505617412236391e-02 -3.8400556831981479e-02 8.2684933704492963e-03 2.3864112543091928e-04
167 9.9279163983634858e-02 -3.8732102143990671e-02 3.8528474480463326e-03 7.5528864145590926e-05
168 5.9959065697421210e-02 -3.6932117974019046e-02 2.4995343061612479e-02 1.9466336177067715e-03
169 6.6118893690425770e-02 -3.7430370806992484e-02 2.2076702393678670e-02 1.3273356697466932e-03
170 1.1185487160100369e-01 -3.8954917747980052e-02 1.2791255667826576e-01 1.7855511522114321e-03
171 1.0469421256028753e-01 -3.8837809384577059e-02 9.8473131706216549e-02 1.6603097706234201e-03
172 1.1733579078799941e-01 -3.9030558348227530e-02 1.1006615949153635e-01 1.3394175983662997e-03
173 5.3166470473460972e-02 -3.6177268584857501e-02 2.9983092108882777e-02 3.1876355556168501e-03
174 5.6307751838062838e-02 -3.6559173208405481e-02 2.8971039752391046e-02 2.6573424323458102e-03
175 7.9237545783040375e-02 -3.8137572019973691e-02 7.1116945714578134e-02 2.6170650094598695e-03
176 7.3529765239955483e-02 -3.7875175244587743e-02 5.3903913770286867e-02 2.4338479025923523e-03
177 7.9779166085219053e-02 -3.8159637329772754e-02 7.1147944461570301e-02 2.5695632562343978e-03
178 6.4639645455139172e-02 -3.7323264803124714e-02 5.6521988392657541e-02 3.6095409968988253e-03
179 6.8320940894309901e-02 -3.7577405349682479e-02 5.8056294330736898e-02 3.1973150395075154e-03
180 6.6295266071684955e-02 -3.7442676630717139e-02 5.7856483334688263e-02 3.4538872044688191e-03
181 1.5987118670313868e-01 -3.9379245455448436e-02 1.6884860510387256e-01 8.3677496588547488e-04
182 1.3103246978456753e-01 -3.9180084051770557e-02 1.2166263890908104e-01 1.0765505529934118e-03
183 1.3431284564058765e-01 -3.9209322770409262e-02 1.0824979098192571e-01 8.9159201890996905e-04
184 1.0443717080008746e-01 -3.8833156789761000e-02 4.1722175750653470e-02 7.0839559417118936e-04
185 8.9557183797237358e-02 -3.8492628050686525e-02 3.2398888009949604e-02 8.4883426962207892e-04
186 9.6043034042336065e-02 -3.8660318275963668e-02 4.6987029842764046e-02 1.0115169661412422e-03
187 5.0050211654011349e-02 -3.5728196428013177e-02 2.8514950397363719e-02 3.5339972365965597e-03
188 4.7676280711163942e-02 -3.5328190210252575e-02 2.9400832598815874e-02 4.1161899360934338e-03
189 5.0297546749057537e-02 -3.5766784658945144e-02 2.8324297471137051e-02 3.4669705307883783e-03
190 7.2385937207423603e-02 -3.7815143295287443e-02 6.0861764709181830e-02 2.8675719327979866e-03
191 6.8805445616986968e-02 -3.7607919226710876e-02 5.9213830058552866e-02 3.1997038497497657e-03
192 6.8883735135766247e-02 -3.7612790888191715e-02 5.9411752914815118e-02 3.2005932638967450e-03
193 8.2710835096097918e-02 -3.8271762870510831e-02 8.2086723179733367e-02 2.6834310048863040e-03
194 7.7938828679613867e-02 -3.8082809248595716e-02 7.4650840120509668e-02 2.8747511464413994e-03
195 8.1810651916344387e-02 -3.8238593100450309e-02 8.3731192180912684e-02 2.8213171822622850e-03
196 1.0752253857652971e-01 -3.8886840488549214e-02 1.0204219764319979e-01 1.5946539472121916e-03
197 8.8765437328027122e-02 -3.8469636984439934e-02 6.3193245489643834e-02 1.6972494340822077e-03
198 8.5208994143320171e-02 -3.8358451881430576e-02 6.2591522635889935e-02 1.8840122506980968e-03
199 9.7073273459924864e-02 -3.8683942751697245e-02 6.4927208895572408e-02 1.3562676581265656e-03
145 7.8872607571100803e-02 -3.8122452004884018e-02 6.1502862403999943e-02 2.2921932209540299e-03
201 1.1859657726589506e-01 -3.9046502584707439e-02 8.9468074004692866e-02 1.0558044845631620e-03
202 1.1224543825691698e-01 -3.8960673915538271e-02 9.0491212522936473e-02 1.2506365640946172e-03
203 6.6523430169221090e-02 -3.7458454575628727e-02 5.9693870158862759e-02 3.5310011423799496e-03
204 6.4057905561909947e-02 -3.7279149658082648e-02 5.6572514057909397e-02 3.7006038509735067e-03
205 9.6670943934425171e-02 -3.8674805743020860e-02 9.5870044601738452e-02 2.0262520730598989e-03
206 9.0960487310521476e-02 -3.8531931378917181e-02 8.8454377999705305e-02 2.2187346058544040e-03
207 9.5549087989360598e-02 -3.8648722746194179e-02 1.0589300803740895e-01 2.3130034460577438e-03
208 3.9693977636551742e-01 -3.9722137687978921e-02 1.2330823284683579e+00 4.1150015704388921e-04
209 7.4424970389796966e-02 -3.7920277656662234e-02 4.2721912377207072e-02 1.8664443612856248e-03
210 8.1145269009969240e-02 -3.8213373859181984e-02 5.5591775592168477e-02 1.9159017576482430e-03
211 8.2535833038075962e-02 -3.8265397995194267e-02 5.0253737951495306e-02 1.6524643646545526e-03
212 1.0454345236915140e-01 -3.8835084664872399e-02 8.1757517477679870e-02 1.3841393774920118e-03
213 9.2090193863113942e-02 -3.8562291458388208e-02 7.2154447961555415e-02 1.7482921784548202e-03
214 9.6488991004723426e-02 -3.8670636388988718e-02 7.6608166384316584e-02 1.6277758525307159e-03
215 1.1552185845071034e-01 -3.9006703868308540e-02 1.3137487314001506e-01 1.6718999295432112e-03
216 1.2887143087580430e-01 -3.9159598119578816e-02 1.6102458671393466e-01 1.4951441070989060e-03
217 1.3130221208290421e-01 -3.9182570792226055e-02 1.5653103489587136e-01 1.3768601823504094e-03
218 7.3783807441362911e-02 -3.7888138167055496e-02 1.5577063417978782e-02 6.9676026597419638e-04
219 7.2653357497188389e-02 -3.7829427597176654e-02 1.2654761235375947e-02 5.9030648286502875e-04
220 8.0654548504447462e-02 -3.8194379917106225e-02 1.3651019525810141e-02 4.7840764799950516e-04
221 5.6672142426353433e-02 -3.6599548939834650e-02 2.6424396377024668e-02 2.3836123729865121e-03
222 3.7844841157824494e-01 -3.9715474279749252e-02 1.2024974328935407e+00 4.6276026138436136e-04
223 2.7364121010984227e-01 -3.9648678053733614e-02 5.9178042224625593e-01 5.9884413813946391e-04
224 2.5402622125707175e-01 -3.9626241029571449e-02 4.6317279917450443e-01 5.8470651131136493e-04
225 6.2653844113949378e-02 -3.7167705243308903e-02 5.5195189673049150e-02 3.8288449877266588e-03
226 6.6466109986757865e-02 -3.7454505694581176e-02 5.6270833146701331e-02 3.3362016422676952e-03
227 6.5346917676658928e-02 -3.7375360248735154e-02 5.6944867379992631e-02 3.5327071414658932e-03
228 4.4328311930836577e-02 -3.4657105247629737e-02 3.1139603037077759e-02 5.2206688580202438e-03
229 4.3839995613149801e-02 -3.4546891501648150e-02 3.1367011841554646e-02 5.4036497928064888e-03
230 6.9366701034988182e-02 -3.7642488282688701e-02 6.1378651471167639e-02 3.2449451976256207e-03
231 6.5409481961963556e-02 -3.7379889383626921e-02 5.6515976154649185e-02 3.4971695442518160e-03
232 6.5801661204991715e-02 -3.7407993485730109e-02 5.6801692786893225e-02 3.4592620488347946e-03
233 7.6853161961404196e-02 -3.8034922038606374e-02 6.1623829519906879e-02 2.4661430041761838e-03
234 8.3038441574058777e-02 -3.8283571681342173e-02 6.3304121141118538e-02 2.0468941940521034e-03
235 7.8279378170444641e-02 -3.8097428559335948e-02 6.1531142156460439e-02 2.3413242611213638e-03
236 1.3431284564058765e-01 -3.9209322770409262e-02 1.0784577770117690e-01 8.8826439108379246e-04
237 1.1345479639483948e-01 -3.8978125065909516e-02 8.6873215892606798e-02 1.1643308768724773e-03
238 8.0588952753472692e-02 -3.8191815058965337e-02 6.6447515677156371e-02 2.3339228045233984e-03
239 7.8807346296667552e-02 -3.8119726334086008e-02 6.2300531614325604e-02 2.3272127334280097e-03
240 7.3664401248079533e-02 -3.7882061644745377e-02 6.0028124272476745e-02 2.6969109632031633e-03
241 8.7311039250782332e-02 -3.8425785020638960e-02 6.3776811757389459e-02 1.7937638743138616e-03
242 9.2977192566911962e-02 -3.8585366937851424e-02 6.2867314735854801e-02 1.4828062610222109e-03
243 8.5662537485644452e-02 -3.8373394128601829e-02 6.3510489023961100e-02 1.8836621489972127e-03
244 6.8748508874241304e-02 -3.7604366045426656e-02 5.8836723661707245e-02 3.1864130045234822e-03
245 6.5584190132713757e-02 -3.7392469944752399e-02 5.7427878077562479e-02 3.5284167368451122e-03
246 6.5681558002699633e-02 -3.7399438860835403e-02 5.8462086172470486e-02 3.5777758753486036e-03
247 5.3039296528647223e-02 -3.6160417676329368e-02 2.9700863281874983e-02 3.1770112477551727e-03
248 8.3413438113819655e-02 -3.8296920893387168e-02 6.3357159061766699e-02 2.0231920468877164e-03
249 8.6214061639382944e-02 -3.8391252168843183e-02 6.9314067110159777e-02 2.0194028468145165e-03
250 8.2084018114204169e-02 -3.8248779685472252e-02 8.4336580159883698e-02 2.8156263572274667e-03
251 8.0865716251095648e-02 -3.8202595125769338e-02 8.3316082556254334e-02 2.8988693899994881e-03
252 7.7047061853664875e-02 -3.8043620734450209e-02 7.5357457583217616e-02 2.9950071151409055e-03
253 4.6334101002830343e-02 -3.5075698767101232e-02 3.0382046557140639e-02 4.5666853764070887e-03
254 4.5444322515826703e-02 -3.4896484362286644e-02 3.1027112151320212e-02 4.8928585643747465e-03
255 4.4780573801840959e-02 -3.4756155586420326e-02 3.0771677012835983e-02 5.0318232536979623e-03
256 5.9801709041430659e-02 -3.6917398431024609e-02 2.7621424523825096e-02 2.1660151754637749e-03
257 6.1363276408775501e-02 -3.7058640251465942e-02 2.6030620738267674e-02 1.9076528861213951e-03
258 5.6519850782498667e-02 -3.6582766286334958e-02 2.7713526733028612e-02 2.5173818202263859e-03
259 5.4013781919098079e-02 -3.6286630319222579e-02 2.9808523184124587e-02 3.0433596265340558e-03
260 5.7922312499652392e-02 -3.6732512917670067e-02 2.7905300185964342e-02 2.3785426397074472e-03
261 5.8406661434611769e-02 -3.6781818600936850e-02 3.0041593552610588e-02 2.5056893244462756e-03
262 8.7311039250782332e-02 -3.8425785020638960e-02 6.3162500658414653e-02 1.7764859793146126e-03
263 7.8872607571100803e-02 -3.8122452004884018e-02 6.1407397466957683e-02 2.2886352714054435e-03
264 7.2694573572072124e-02 -3.7831615434178845e-02 6.4410860059950364e-02 2.9999500966932974e-03
265 6.9305653998975494e-02 -3.7638768010871397e-02 6.2414831759546541e-02 3.3075596117754457e-03
266 6.6709493433167608e-02 -3.7471204385279171e-02 5.7357350550733814e-02 3.3675445290360703e-03
267 6.9514634791490310e-02 -3.7651463802049180e-02 5.9409104238183526e-02 3.1228456370358767e-03
268 5.5714655848122532e-02 -3.6491812622025367e-02 3.0006948481615961e-02 2.8287202745352468e-03
269 5.9369084157344154e-02 -3.6876342917298049e-02 3.4126272147579892e-02 2.7274582285856789e-03
270 3.9622840897834311e-01 -3.9721898460685107e-02 1.1964384336141283e+00 4.0141720769280224e-04
271 6.3167426429527251e-01 -3.9762429662041063e-02 4.5351349898730069e+00 3.7690999392791765e-04
272 1.2221011221335359e-01 -3.9089517396597405e-02 1.5280456806282425e-01 1.6539083026201173e-03
273 1.1380162721819441e-01 -3.8983028335878425e-02 1.3736250674642819e-01 1.8249821670534867e-03
274 1.0954924695103202e-01 -3.8919684534266960e-02 1.3488107301674990e-01 1.9983998394169302e-03
275 5.6528926118471851e-02 -3.6583770070005996e-02 2.6163395481811028e-02 2.3755865179048300e-03
276 5.9959065663726732e-02 -3.6932117970879204e-02 2.4887912656929474e-02 1.9382669565471398e-03
277 7.0714532091430915e-02 -3.7722240109243854e-02 4.3981656074623954e-02 2.2075616922544177e-03
278 6.7442482963077297e-02 -3.7520433380282145e-02 4.1573389351897784e-02 2.3704582829740628e-03
279 6.4345764412781392e-02 -3.7301124584909133e-02 3.7935198315644951e-02 2.4520968569660020e-03
280 1.2523351603638933e-01 -3.9122702699396376e-02 1.4150944651823083e-01 1.4273554833862700e-03
281 1.1283969862301610e-01 -3.8969318682454214e-02 1.3209198015775372e-01 1.7981776794310956e-03
282 6.2713097139620214e-02 -3.7172556010486087e-02 2.1984652999952923e-02 1.5212506440926375e-03
283 6.2455552892769960e-02 -3.7151374288188634e-02 2.3158881946088890e-02 1.6200277925653766e-03
284 6.7388778781040035e-02 -3.7516879674562513e-02 1.8203832582712073e-02 1.0401761638580938e-03
285 4.5622042896231667e-02 -3.4933076057465554e-02 3.0391263439601985e-02 4.7466016380935047e-03
286 4.6484656093706153e-02 -3.5105060011920396e-02 3.0024587116937996e-02 4.4767860260384986e-03
287 4.4893682052139644e-02 -3.4780485865634134e-02 3.0918630292828538e-02 5.0245498066013739e-03
288 6.1988373908562419e-02 -3.7112293901222899e-02 5.5202854311423695e-02 3.9389034924128376e-03
289 6.1710768684126491e-02 -3.7088661938300613e-02 5.5040408687329651e-02 3.9740725689636040e-03
290 6.3432964690246021e-02 -3.7230435527298406e-02 5.5981755224179183e-02 3.7584336489263543e-03
291 6.3884421932926441e-02 -3.7265766104372475e-02 2.2017173832591375e-02 1.4506235247242021e-03
292 6.5764432210726170e-02 -3.7405346653799243e-02 2.0571885063573606e-02 1.2547350816750290e-03
293 7.9779166096561341e-02 -3.8159637330230214e-02 7.1180000189814213e-02 2.5707209727425817e-03
294 7.4847615576151161e-02 -3.7941021943143298e-02 5.4938490970130892e-02 2.3633922467144268e-03
295 7.3871961468877048e-02 -3.7892605756290755e-02 5.4596410098958569e-02 2.4341674898910328e-03
296 1.1224543827781418e-01 -3.8960673915844665e-02 9.0719227106087139e-02 1.2537878459306716e-03
297 1.0198551851155137e-01 -3.8787015741669838e-02 8.3946838539220858e-02 1.5248564492790027e-03
298 9.6488991092952989e-02 -3.8670636391016110e-02 7.6744316283593919e-02 1.6306687712168044e-03
299 7.0368553191835090e-02 -3.7702195459704387e-02 5.9272705863926252e-02 3.0147404570980401e-03
300 1.3473911848236159e-01 -3.9212967174350286e-02 9.1572821796087153e-02 7.4732897369321201e-04
301 6.5859946193291385e-02 -3.7412128524998145e-02 5.7371601098718458e-02 3.4857248628752170e-03
302 6.7013786413750345e-02 -3.7491832800095479e-02 5.7687376733952661e-02 3.3459226153254940e-03
303 6.4466828137365137e-02 -3.7310280942676077e-02 5.6486354874436581e-02 3.6330327437511132e-03
304 6.3962970371555822e-02 -3.7271838935241018e-02 2.3876784129390212e-02 1.5680241610594857e-03
305 5.8141564938349190e-02 -3.6754980182312803e-02 2.6311518702312763e-02 2.2207427299798764e-03
306 7.3783807441362911e-02 -3.7888138167055496e-02 1.5624938703024661e-02 6.9890172200137387e-04
307 6.5764432210726170e-02 -3.7405346653799243e-02 2.0580233773756292e-02 1.2552442921591718e-03
308 8.2587452971276884e-02 -3.8267279569325297e-02 7.2084490366543269e-02 2.3662140532848906e-03
309 9.0603354861478469e-02 -3.8522099694624515e-02 8.7221655811985210e-02 2.2120634317744771e-03
310 8.7557917062516880e-02 -3.8433380833365199e-02 7.5094584597036315e-02 2.0955164989689087e-03
311 6.6871970042689619e-02 -3.7482253085434215e-02 2.9999832967942629e-02 1.7499132148986085e-03
312 6.4340494039803575e-02 -3.7300724829018583e-02 3.1293050837484182e-02 2.0231947506653344e-03
313 5.4767606082776227e-02 -3.6379842395107068e-02 2.7321814687888708e-02 2.6919287414042046e-03
314 5.8141564968620787e-02 -3.6754980185397822e-02 2.6493195752916702e-02 2.2360766190690881e-03
315 7.6918095466443639e-02 -3.8037842267346807e-02 8.2382571353374762e-03 3.2892754541281633e-04
316 7.5569034454922329e-02 -3.7975644851806239e-02 1.0299967783196841e-02 4.3164121024750286e-04
317 6.8839233550722148e-02 -3.7610023715358883e-02 5.8926960429981683e-02 3.1800003210435209e-03
318 7.2648318632915404e-02 -3.7829159873206807e-02 5.8748393817279622e-02 2.7409515825744090e-03
319 7.5501528996749973e-02 -3.7972446324939360e-02 6.5750319875999400e-02 2.7621364789630412e-03
320 7.8217893542488093e-02 -3.8094802984127561e-02 6.7964914654271735e-02 2.5917230388318750e-03
321 7.2694573572072124e-02 -3.7831615434178845e-02 6.4421503856322893e-02 3.0004458338706496e-03
322 7.3640580793809376e-02 -3.7880845965122305e-02 2.3839906265366816e-02 1.0720092324912518e-03
323 7.9608174791186259e-02 -3.8152719050691584e-02 2.7700870639423530e-02 1.0063672467737277e-03
324 8.6982973667674032e-02 -3.8415592417328996e-02 9.5200109602761665e-02 2.7058124270001194e-03
325 9.0209707578128004e-02 -3.8511128965786116e-02 1.0522132562396323e-01 2.7013009030618282e-03
326 9.2433588292692145e-02 -3.8571302801339295e-02 1.0621620365155059e-01 2.5468519746943857e-03
327 4.9141623069348561e-01 -3.9745275963242080e-02 2.0955961816880730e+00 3.6933003746386720e-04
328 3.0050592654623015e-01 -3.9672579573961107e-02 5.5141091722198199e-01 4.2222123754751597e-04
329 6.8592899801312890e-02 -3.7594610987161728e-02 1.6281097706397712e-02 8.8712198349307902e-04
330 5.3546202143269384e-02 -3.6226898337570729e-02 2.8353306663715560e-02 2.9599923312716809e-03
331 6.3470493993249805e-02 -3.7233400529665991e-02 5.5960018098198089e-02 3.7510901079813494e-03
332 6.3280873422390749e-02 -3.7218366940006277e-02 5.6145763691322258e-02 3.7934941728065895e-03
333 6.1713711476305291e-02 -3.7088914078882734e-02 5.5412451138835771e-02 4.0004322192871153e-03
334 2.0280141840666238e-01 -3.9533964006818911e-02 1.8838351097639933e-01 4.6357076978690160e-04
335 2.3136581717248442e-01 -3.9592901568099595e-02 3.3018646179050937e-01 5.5005679276991931e-04
336 2.6764594384332707e-01 -3.9642340206996148e-02 3.5091145576384758e-01 3.7928711820475026e-04
337 7.4894122658250184e-02 -3.7943283588434788e-02 4.2465964866051954e-02 1.8237453036932553e-03
338 7.1235532912171301e-02 -3.7751887146515298e-02 3.5706709362776916e-02 1.7569944621617247e-03
339 7.8791832305073667e-02 -3.8119077404692572e-02 4.0736629821501016e-02 1.5225252491987197e-03
340 1.0020263111494904e-01 -3.8751335359692857e-02 7.9853464892501405e-02 1.5248889989313841e-03
341 7.3332932549362004e-02 -3.7865040600646042e-02 3.4090136113731080e-02 1.5504850563574481e-03
342 6.5593064633716905e-02 -3.7393106373705687e-02 3.1737910501106338e-02 1.9493002463819591e-03
343 5.3107764651693617e-02 -3.6169504367036684e-02 2.5768557025807409e-02 2.7473149226082865e-03
344 5.0560037507352579e-02 -3.5807145622158212e-02 3.0823098730589235e-02 3.7235422369269102e-03
345 5.1350400250180728e-02 -3.5925110182561719e-02 3.0900615503618837e-02 3.5891344781334360e-03
346 4.8858899677886918e-02 -3.5534419370019443e-02 2.9153668751767402e-02 3.8388773537092425e-03
347 8.3673945604099326e-02 -3.8306090640597680e-02 9.1229116825350662e-02 2.8881559047993061e-03
348 8.6315486456542745e-02 -3.8394499568165999e-02 9.4619651241355171e-02 2.7476493330683633e-03
349 1.9076717777596611e-01 -3.9500878524323178e-02 2.2699639922192938e-01 6.6916293343607220e-04
350 6.0924415020468616e-02 -3.7020009304673293e-02 5.4826586230722736e-02 4.0945634418567516e-03
351 6.1659126712526907e-02 -3.7084231504283589e-02 5.5376043175086528e-02 4.0071385128962727e-03
352 6.0662754731148912e-02 -3.6996588116876249e-02 5.4847478179755868e-02 4.1427203999133159e-03
353 9.7838720449074296e-02 -3.8701019499630285e-02 9.8075925266073671e-02 2.0037582942830242e-03
354 8.8510939260859345e-02 -3.8462117183720383e-02 7.2392688498910340e-02 1.9599880513343410e-03
355 5.7512255161362359e-02 -3.6689824019339470e-02 2.2326470828785971e-02 1.9385117518523588e-03
356 4.8555866756800334e-02 -3.5482942852782605e-02 2.8724754195927436e-02 3.8418585113844782e-03
357 4.9952993804933878e-02 -3.5712878488791705e-02 2.7842475325644794e-02 3.4676134128912863e-03
358 4.7247172354267862e-02 -3.5249689047256047e-02 2.9739794203664724e-02 4.2585499370792852e-03
359 7.2770236099647667e-02 -3.7835622284892227e-02 6.6029101770641724e-02 3.0666459737795260e-03
360 7.5951319602872824e-02 -3.7993600550125843e-02 7.4169613290862621e-02 3.0656599833301834e-03
361 7.2452266928631479e-02 -3.7818700764835317e-02 6.5841414666369238e-02 3.0944942289267093e-03
362 6.1903744482262657e-02 -3.7105122310630442e-02 3.1866328122418512e-02 2.2819752145042233e-03
363 9.5655117981825313e-02 -3.8651226804742297e-02 9.8762007310950264e-02 2.1505084030090695e-03
364 1.0288302072584557e-01 -3.8804286379169974e-02 1.1939096851230717e-01 2.1153937464480775e-03
365 1.4060164322744262e-01 -3.9259792332811703e-02 1.8304344561024302e-01 1.3199059121254476e-03
366 8.4291296475674737e-02 -3.8327487724925939e-02 7.1844396585949544e-02 2.2285552507601155e-03
367 8.5927392492763890e-02 -3.8382012284272703e-02 8.5439762657085819e-02 2.5123930667143748e-03
368 8.9764155476532145e-02 -3.8498539424545203e-02 9.2501773685520428e-02 2.4078977540768088e-03
369 8.3878126724818827e-02 -3.8313218980915345e-02 1.7792936497276798e-02 5.5949901678225568e-04
370 6.3545307401282530e-02 -3.7239295910365240e-02 5.5933539093114916e-02 3.7376266399882169e-03
371 6.3530666615870882e-02 -3.7238143795553694e-02 5.5766849702114117e-02 3.7287648779352370e-03
372 7.8400795872178894e-02 -3.8102595635553828e-02 6.1244618648124506e-02 2.3205213192531069e-03
373 5.9732199808890128e-02 -3.6910860396510550e-02 2.3108141014447286e-02 1.8176210442820164e-03
374 5.4671786341678116e-02 -3.6368199925038529e-02 2.3980847656139441e-02 2.3734179747002719e-03
375 7.7876828274963339e-02 -3.8080127362869254e-02 7.0867578894318162e-02 2.7350278484043733e-03
376 8.3304431563179376e-02 -3.8293058748322756e-02 7.8655722167350950e-02 2.5208422411940896e-03
377 8.2710835096097918e-02 -3.8271762870510831e-02 8.1858662051424266e-02 2.6759756420820895e-03
378 9.4246609273701210e-02 -3.8617278111481079e-02 1.0407550700567672e-01 2.3629055886396277e-03
379 9.7432562647025475e-02 -3.8692007882167853e-02 1.1562160542192775e-01 2.3901567565667286e-03
380 9.2433588292692118e-02 -3.8571302801339281e-02 1.0670635543471721e-01 2.5586048334291277e-03
381 4.5968348544534215e-02 -3.5003225478605550e-02 3.0374372960700138e-02 4.6560598157923024e-03
382 4.4512657219075540e-02 -3.4697823642531614e-02 3.0765237926643259e-02 5.1055780075924566e-03
383 4.7160599915933611e-02 -3.5233603732233755e-02 2.9705856761066858e-02 4.2731584031101338e-03
384 4.9713747051321464e-02 -3.5674815253863935e-02 3.0468720627554367e-02 3.8408803116672771e-03
385 4.9473040117322752e-02 -3.5635985557899034e-02 3.0475388912177572e-02 3.8889425499394445e-03
386 1.0430691327288448e-01 -3.8830786043514913e-02 1.1670376967029063e-01 1.9885460559010844e-03
387 4.8936545706554854e-02 -3.5547462433681183e-02 2.9170476686168689e-02 3.8258163026110162e-03
388 4.6567232351836768e-02 -3.5121049246790742e-02 3.0025895923505731e-02 4.4573035486115565e-03
389 4.7982976714091061e-02 -3.5383071751550713e-02 2.9019436785008648e-02 3.9982596227522366e-03
390 5.1936905623856867e-02 -3.6009328000901134e-02 2.6551888543144147e-02 2.9963478891314767e-03
391 4.8840614690762993e-02 -3.5531339193325830e-02 2.8867593659734601e-02 3.8047788648619633e-03
392 4.7193393709748475e-02 -3.5239706790142711e-02 2.9771726707725134e-02 4.2752290595283442e-03
393 4.7803043967367460e-02 -3.5350995849258625e-02 2.9664248122497960e-02 4.1256348226585112e-03
394 1.5571411037363037e-01 -3.9357161735422905e-02 3.3366432905803489e-02 1.7861524405176824e-04
395 1.1617844066198323e-01 -3.9015466485181755e-02 1.3243350564243267e-01 1.6581681290341404e-03
396 1.0437565415132329e-01 -3.8832038254066399e-02 1.0769586399010640e-01 1.8316221536907882e-03
397 9.5608718479309060e-02 -3.8650132023592014e-02 9.0687708934890851e-02 1.9773960697299781e-03
398 1.0531788209710989e-01 -3.8848958228810807e-02 1.0099841618923015e-01 1.6743405515631548e-03
399 1.0454345241942500e-01 -3.8835084665782955e-02 8.1484285336204554e-02 1.3795136068938370e-03
400 1.1885465894863163e-01 -3.9049704416255916e-02 9.0411261916500563e-02 1.0602835000837832e-03
401 5.4005390739787246e-02 -3.6285571519792642e-02 2.5402083685359764e-02 2.5945090360968929e-03
402 5.0150219921356633e-02 -3.5743865144597257e-02 2.7796885529296420e-02 3.4276993727152248e-03
403 5.7986697631747540e-02 -3.6739136196233937e-02 2.1948227588003306e-02 1.8653824612346369e-03
404 6.2531570097488443e-02 -3.7157652810252954e-02 2.3275347301019444e-02 1.6229500519371087e-03
405 5.9609247072414905e-02 -3.6899241094708470e-02 3.3212808721921949e-02 2.6265580730169980e-03
406 4.9875226563555190e-02 -3.5700563493653026e-02 2.8411813357553450e-02 3.5524449200571759e-03
407 4.7605382168476998e-02 -3.5315359302251111e-02 3.0238728423182495e-02 4.2492448367774738e-03
408 4.7642271147256054e-02 -3.5322042117420238e-02 2.9448335181209352e-02 4.1301875641025620e-03
409 8.4291296475674737e-02 -3.8327487724925939e-02 7.1804173358883103e-02 2.2273075586902937e-03
410 8.1258565744567954e-02 -3.8217711112506533e-02 5.5844224988717092e-02 1.9172014748416893e-03
411 7.6975174244208841e-02 -3.8040403257153549e-02 7.5835072426131992e-03 3.0217077533654902e-04
412 5.0872388419495797e-02 -3.5854395294710024e-02 2.9764996985465943e-02 3.5401369426138370e-03
413 5.2494542773139183e-02 -3.6086898964492263e-02 3.0454245154438255e-02 3.3445485847164490e-03
414 5.0153462799895208e-02 -3.5744371718685809e-02 2.8595808454404556e-02 3.5256411529771044e-03
415 7.4551142115408905e-02 -3.7926506669511223e-02 6.6026793773156650e-02 2.8713061840231272e-03
416 6.4141854779367360e-02 -3.7285588054484307e-02 5.6537315335821986e-02 3.6854631248310035e-03
417 8.7221381549929783e-02 -3.8423010721904093e-02 1.0026521669171592e-01 2.8281138124914068e-03
418 9.3508296605451457e-02 -3.8598874334431717e-02 1.0933183655120969e-01 2.5377732194662374e-03
419 6.2108589991375529e-02 -3.7122432184660520e-02 5.5589620032938533e-02 3.9462741443350453e-03
420 6.1376552811010940e-02 -3.7059796381059058e-02 5.4848044227932491e-02 4.0172475716994489e-03
421 4.7849002710233138e-02 -3.5359221534764292e-02 2.9643184819444491e-02 4.1128248265045134e-03
422 7.4689740865110391e-02 -3.7933313538489444e-02 6.6434516704505411e-02 2.8744437443140140e-03
423 7.0667443306856356e-02 -3.7719528899863304e-02 6.2936681390748858e-02 3.1646585499790765e-03
424 4.4931554086130872e-02 -3.4788593537174055e-02 3.0902660027870194e-02 5.0115356771781713e-03
425 9.7668619734613119e-02 -3.8697258922590766e-02 1.1606262677766988e-01 2.3829272547950739e-03
426 1.0340373332885487e-01 -3.8814102999819709e-02 1.2232214306652736e-01 2.1364606760237020e-03
427 4.1312848470857899e-01 -3.9727252430789978e-02 1.2957391944728629e+00 3.8371921040460924e-04
428 6.3470493993249805e-02 -3.7233400529665991e-02 5.6012359907732692e-02 3.7545986637440472e-03
429 6.1818874067182547e-02 -3.7097901525358960e-02 5.5561354431759233e-02 3.9932178460648556e-03
430 5.9817557856137481e-02 -3.6918886075018378e-02 3.4763427348598164e-02 2.7241846678403869e-03
431 6.4539649766782684e-02 -3.7315764462218716e-02 3.8675803126253801e-02 2.4800572682652741e-03
432 6.4721013977850128e-02 -3.7329342999849524e-02 3.8445846523139003e-02 2.4469824042865664e-03
433 6.6043977964048206e-02 -3.7425114672499614e-02 5.8917358507131930e-02 3.5530765289776074e-03
434 6.4011987502201079e-02 -3.7275617578282953e-02 5.6306160493429312e-02 3.6901988323559108e-03
435 6.7027020478435909e-02 -3.7492723735896558e-02 5.9083449400585568e-02 3.4250850417597723e-03
436 9.1230373240953136e-02 -3.8539285714072301e-02 6.8815419617173496e-02 1.7118473037413878e-03
437 1.0958444258727330e-01 -3.8920238997124400e-02 6.7677007218425603e-03 1.0017834670856775e-04
438 1.2923256922656881e-01 -3.9163092790410421e-02 1.4264765004693359e-02 1.3138260386225521e-04
439 1.2999197361708226e-01 -3.9170347215587931e-02 -2.0965731711773262e-03 -1.8985245234672869e-05
440 1.2246601804411979e-01 -3.9092421115675353e-02 9.0310189344024391e-02 9.7161084768538969e-04
441 1.3017504886565734e-01 -3.9172077246647348e-02 9.2774966094574182e-02 8.3669460716116187e-04
442 4.5977790368320642e-02 -3.5005117027192188e-02 3.0378153292977460e-02 4.6542724963005650e-03
443 4.5931565500353148e-02 -3.4995845907704576e-02 3.0293848134277893e-02 4.6529262134954461e-03
444 7.6519474786631347e-02 -3.8019799936218075e-02 5.0977610695955279e-02 2.0645401396012912e-03
445 6.9310313237270757e-02 -3.7639052288705836e-02 3.9798080636124736e-02 2.1086445449530135e-03
446 6.7815534378067296e-02 -3.7544891732512249e-02 3.6175604115776284e-02 2.0323980754579142e-03
447 6.3348803831184700e-02 -3.7223767739353993e-02 3.5226412334970640e-02 2.3733212629289545e-03
448 1.5987118670313868e-01 -3.9379245455448436e-02 1.7037880775243139e-01 8.4435829929979580e-04
449 6.3635128704446819e-02 -3.7246347204477101e-02 5.5952272605472357e-02 3.7249032297923096e-03
450 6.9352844054116708e-02 -3.7641644666155653e-02 6.2018612980373734e-02 3.2805432836213672e-03
451 6.8706486534568637e-02 -3.7601738069210154e-02 6.1494792657396026e-02 3.3358461568217786e-03
452 9.5170669123901833e-02 -3.8639718270910194e-02 4.6387023426962153e-02 1.0246186363147571e-03
453 1.0205150365613326e-01 -3.8788300874274283e-02 7.3476340496846787e-02 1.3322166022383499e-03
454 8.8370486120239802e-02 -3.8457939662610290e-02 1.0675015490972485e-01 2.9030437682706477e-03
455 4.3595433409175363e-02 -3.4490375483601350e-02 3.1447417009696804e-02 5.4922237110928192e-03
456 4.3620912796220587e-02 -3.4496305399980984e-02 3.1874227375815217e-02 5.5588105215759256e-03
457 4.3559628047811667e-02 -3.4482025773029772e-02 3.1004159322914438e-02 5.4257078204849284e-03
458 1.0071703663153050e-01 -3.8761822689620619e-02 1.2233924357244443e-01 2.3025452943179216e-03
459 9.7448797708550361e-02 -3.8692370236477945e-02 1.1623102885081778e-01 2.4016243057774149e-03
460 1.0234095159050705e-01 -3.8793909148503822e-02 1.2002969075009409e-01 2.1588581560670096e-03
461 5.2990532963228545e-02 -3.6153925393186542e-02 2.9615835087238980e-02 3.1753671947720242e-03
462 5.0237117492956757e-02 -3.5757407079713963e-02 2.8319818593748908e-02 3.4769586125464372e-03
463 7.3339033479346311e-02 -3.7865355930809357e-02 5.9844256077360124e-02 2.7212164801668349e-03
464 5.2316151921460018e-02 -3.6062342709690727e-02 3.0056543205734029e-02 3.3296236800791899e-03
465 5.5583236522891634e-02 -3.6476604271669995e-02 3.0116050554348101e-02 2.8563612085612446e-03
466 5.2316151924238073e-02 -3.6062342710075017e-02 3.0037836779046988e-02 3.3275514066854672e-03
467 6.8054343985136906e-02 -3.7560342943052362e-02 5.8413084590972025e-02 3.2509184739229671e-03
468 4.7985199955475899e-02 -3.5383465930293845e-02 2.8865871285979294e-02 3.9766411417177299e-03
469 4.5325929857140672e-02 -3.4871881241489724e-02 3.0472725097561909e-02 4.8364775161166274e-03
470 4.4283217000408027e-02 -3.4647071401710590e-02 3.1126076594649752e-02 5.2314605310542477e-03
471 1.6921575200861089e-01 -3.9423101473198899e-02 1.3611633081495000e-02 5.7103415005624313e-05
472 1.9790421430542482e-01 -3.9521224981546275e-02 1.0292798085086126e-01 2.7225001114437772e-04
473 8.5731083975546768e-02 -3.8375632124993939e-02 2.3194055015095565e-02 6.8638522229137744e-04
474 1.1508082528316443e-01 -3.9000734204228865e-02 2.1092528989004784e-02 2.7139043130665021e-04
475 7.2757680618770720e-02 -3.7834958233473374e-02 5.9970946081134506e-02 2.7865871814513345e-03
476 7.2840479448089301e-02 -3.7839331205794524e-02 5.9362773368905469e-02 2.7498219126290153e-03
477 9.3508296605451457e-02 -3.8598874334431717e-02 1.0923431914783510e-01 2.5355096788313922e-03
478 9.3574366628427913e-02 -3.8600538800432321e-02 1.2201773220270102e-02 2.8266143282145253e-04
479 9.8915681903902541e-02 -3.8724385287596329e-02 4.8875084249270714e-03 9.6811409537486570e-05
480 9.4625956876569231e-02 -3.8626568932618691e-02 1.1460345022637160e-01 2.5726732668593308e-03
481 1.0071703667444337e-01 -3.8761822690488869e-02 1.2233913881021916e-01 2.3025433198085110e-03
482 6.9148972090415636e-02 -3.7629175514283741e-02 5.8801843261264891e-02 3.1351436451559894e-03
483 2.1324080797726605e-01 -3.9558256179502357e-02 2.2076531140071795e-01 4.6831238550161037e-04
484 8.7490714421532445e-02 -3.8431319455848975e-02 1.0156997424572525e-01 2.8403897259039828e-03
485 8.9979668089052528e-02 -3.8504652006055240e-02 1.0470639040478230e-01 2.7073638717403470e-03
486 9.0635020161453375e-02 -3.8522976062478918e-02 1.0964891289954221e-01 2.7781292602571659e-03
487 6.3571639841897801e-02 -3.7241366116553792e-02 3.9035486139278729e-02 2.6055908907774102e-03
488 6.8262840712121117e-02 -3.7573703533558926e-02 4.4536441675578756e-02 2.4583522857250569e-03
489 5.3019771943852774e-02 -3.6157820280500970e-02 2.5721102692033693e-02 2.7538969944128308e-03
490 5.2794149188395215e-02 -3.6127603894446268e-02 2.5766977231624365e-02 2.7890087899610314e-03
491 9.1261265780394729e-02 -3.8540123423187043e-02 8.8982234071941169e-02 2.2114153324187527e-03
492 1.1815524521308844e-01 -3.9040978973739628e-02 1.1280023412914007e-01 1.3454961349228900e-03
493 7.0422746499239200e-02 -3.7705354311073302e-02 4.4371336161868918e-02 2.2521372637807160e-03
494 6.8924033843548782e-02 -3.7615292200631881e-02 5.8315291609497631e-02 3.1365861553479921e-03
495 6.8592899788824740e-02 -3.7594610986376245e-02 1.6122978824427630e-02 8.7850642625423203e-04
496 6.7388778772159208e-02 -3.7516879673974171e-02 1.8188226593818069e-02 1.0392844301582887e-03
497 8.3697861021169745e-02 -3.8306928229318367e-02 3.7155983100417400e-02 1.1753623448907194e-03
498 8.8848997532824395e-02 -3.8472092095188169e-02 4.9919152722960200e-02 1.3372121264042811e-03
499 5.6519850762328322e-02 -3.6582766284103486e-02 2.7588327301663784e-02 2.5060092254901825e-03
500 5.9917234132728120e-02 -3.6928215920381750e-02 2.7448308899748149e-02 2.1415836257308698e-03
501 5.5135830422795754e-02 -3.6424039587011549e-02 2.8812970331308838e-02 2.7903042070255815e-03
502 1.2888273640861309e-01 -3.9159707963973431e-02 1.6120406823567857e-01 1.4964306634348216e-03
503 2.8655832316284902e-01 -3.9661008259087679e-02 5.8575586977979988e-01 5.1671699620326351e-04
504 1.0015626423310853e-01 -3.8750382201913111e-02 6.6620365359891381e-02 1.2738577973124049e-03
505 9.0442924131732258e-02 -3.8517645647358996e-02 6.3256063070187399e-02 1.6122460538427331e-03
506 8.6085471527981600e-02 -3.8387118720369970e-02 9.9740785192961048e-02 2.9179566655151237e-03
507 5.3615115496794437e-02 -3.6235796449390942e-02 2.5223423440334788e-02 2.6245868966891495e-03
508 8.7476786504618209e-02 -3.8430891643948813e-02 7.5376739427747766e-02 2.1088359026988032e-03
509 8.2587453045217016e-02 -3.8267279572017969e-02 7.2436749838999115e-02 2.3777771632569372e-03
510 8.1433506046901666e-02 -3.8224373266540608e-02 7.1409633407208725e-02 2.4370623547816449e-03
511 4.4324302070473852e-02 -3.4656214205896818e-02 3.1131417188368732e-02 5.2204561750925646e-03
512 6.1905815798131460e-02 -3.7105298177627151e-02 2.3319847667055311e-02 1.6698070183771218e-03
513 7.7780305962184965e-02 -3.8075939652971146e-02 6.2824338890260845e-02 2.4328769549607685e-03
514 8.1477866783155994e-02 -3.8226055924108035e-02 6.2192505232663529e-02 2.1193100964865155e-03
515 8.7698734341968523e-02 -3.8437685124262780e-02 9.2709252977826506e-02 2.5754822958769107e-03
516 8.3104369006494941e-02 -3.8285931478380178e-02 8.6219216565691773e-02 2.7817155822855589e-03
517 6.5953557334262239e-02 -3.7418747418533876e-02 5.9161117591643470e-02 3.5808499415498707e-03
518 6.8054343985136906e-02 -3.7560342943052362e-02 5.8402695626016063e-02 3.2503402870606097e-03
519 1.5571411046329287e-01 -3.9357161735918300e-02 3.4128227932735893e-02 1.8269324048512020e-04
520 1.6921575189571667e-01 -3.9423101472712378e-02 1.3249399370246455e-02 5.5583775125800438e-05
521 1.3468519463925394e-01 -3.9212508054330873e-02 -5.1687614277331172e-04 -4.2231478336553236e-06
522 1.4005022661599986e-01 -3.9255635784459279e-02 -1.3084077650010168e-02 -9.5432742985746891e-05
523 1.2647969481600443e-01 -3.9135697978227350e-02 1.4794559600063462e-01 1.4501862622302471e-03
524 6.2367206562982183e-02 -3.7144049388488448e-02 2.0904268446756726e-02 1.4677897897459329e-03
525 1.3017504895101520e-01 -3.9172077247452274e-02 9.0921708164306392e-02 8.1998092753754058e-04
526 1.5218461870832597e-01 -3.9336980542089575e-02 1.0990328121144972e-01 6.2912220138594229e-04
527 4.5700158951214195e-02 -3.4949031830489412e-02 3.0407155593081058e-02 4.7290441384280598e-03
528 2.5708190362336431e-01 -3.9630076307066997e-02 3.9224759033080309e-01 4.7788607274764857e-04
529 2.9066228708028807e-01 -3.9664586300195766e-02 5.7356922125124243e-01 4.8499094530460464e-04
530 2.1207359893967204e-01 -3.9555716652084662e-02 2.8195758438708451e-01 6.0791439749471421e-04
531 1.0869989247543321e-01 -3.8906141729247355e-02 8.6835659412382679e-02 1.3154840915959301e-03
532 7.7076339024789012e-02 -3.8044928561339113e-02 6.0264324950343333e-02 2.3926534937670865e-03
533 5.1988604987261974e-02 -3.6016620684106292e-02 2.6672388454161280e-02 3.0023402700798374e-03
534 5.0703109710022537e-02 -3.5828892178767752e-02 2.7550416127568107e-02 3.3044946825135377e-03
535 9.1153772063341229e-02 -3.8537204900942160e-02 1.0807972052506785e-01 2.6949221183051254e-03
536 4.9835807464030643e-02 -3.5694300123121532e-02 3.0652820674186614e-02 3.8402912689871702e-03
537 7.3727111183488125e-02 -3.7885256531459792e-02 5.2209933527599756e-02 2.3402347796239453e-03
538 1.8957378406880968e-01 -3.9497250921415442e-02 2.5390317229771220e-01 7.6246346501382812e-04
539 2.1436170142680988e-01 -3.9560656083204394e-02 3.5776613650443478e-01 7.4724907778905565e-04
540 6.8706486528276059e-02 -3.7601738068816282e-02 6.1397510544534649e-02 3.3305689927262214e-03
541 5.0872388419495790e-02 -3.5854395294710024e-02 2.9775639652594818e-02 3.5414027414677508e-03
542 5.1278992040830230e-02 -3.5914666751481708e-02 3.0783782764095588e-02 3.5882049770281105e-03
543 4.7982976714091061e-02 -3.5383071751550713e-02 2.9034059276699328e-02 4.0002742903194957e-03
544 1.1551054509322908e-01 -3.9006551582054655e-02 -4.1346289145676209e-03 -5.2632815727050218e-05
545 5.2056390085389079e-02 -3.6026150815669240e-02 2.6524428068997973e-02 2.9758060675090501e-03
546 6.8873568911888075e-02 -3.7612159199776805e-02 4.4518759072672512e-02 2.3992395567514193e-03
547 8.1433506058722183e-02 -3.8224373266989346e-02 7.1392606668474121e-02 2.4364812666037568e-03
548 6.0884611369039922e-02 -3.7016465386245027e-02 5.5124281313824637e-02 4.1238754844880763e-03
549 6.0467498450383232e-02 -3.6978918079871130e-02 5.4793108219088150e-02 4.1738018113878818e-03
550 6.3496824343502623e-02 -3.7235477704494653e-02 2.4231337719175541e-02 1.6224810825668872e-03
551 1.7788504138063857e-01 -3.9457784670113932e-02 2.5615520156484434e-01 9.2783640343799896e-04
552 1.6269762377202979e-01 -3.9393307290411565e-02 2.1278762616796412e-01 1.0017365462580690e-03
553 1.4382655420356819e-01 -3.9283156803648411e-02 1.7021870051762769e-01 1.1489953929192203e-03
554 1.2639942781913965e-01 -3.9134872433650374e-02 1.3617087019105764e-01 1.3372198653348133e-03
555 7.6320305562232280e-02 -3.8010680993305922e-02 8.5289298321769690e-03 3.4788515571691986e-04
556 8.3843657730098262e-02 -3.8312019202123009e-02 1.0957113665851916e-02 3.4493954395749715e-04
557 8.5763643919755911e-02 -3.8376693332857335e-02 8.9445749494945354e-03 2.6441870917067709e-04
558 1.0442084259229659e-01 -3.8832860090511394e-02 1.1468658122192955e-01 1.9481154594293464e-03
559 1.3120402399162961e-01 -3.9181667365510688e-02 1.1277998940713112e-01 9.9417500423911028e-04
560 4.5931565500353148e-02 -3.4995845907704576e-02 3.0317771302395023e-02 4.6566006471807494e-03
561 4.7713043824023978e-02 -3.5334821995519537e-02 2.9417328948957745e-02 4.1105850862451125e-03
562 6.9540811845334838e-02 -3.7653046200419024e-02 1.6740923249537871e-02 8.7909603767028486e-04
563 9.4050283588029568e-02 -3.8612426107881043e-02 7.8876311430423757e-02 1.8013282861385558e-03
564 1.0221214419663156e-01 -3.8791419230720027e-02 8.3884474568722417e-02 1.5141532905439817e-03
565 8.9575652763456234e-02 -3.8493157191397939e-02 7.2895277530882888e-02 1.9087175957721936e-03
566 7.6519474786631347e-02 -3.8019799936218075e-02 5.1221721003471797e-02 2.0744263528128934e-03
567 6.5801661204991702e-02 -3.7407993485730109e-02 5.7080916071092051e-02 3.4762669383511017e-03
568 6.2017688582343092e-02 -3.7114771405503129e-02 3.1719509810014694e-02 2.2604689405169936e-03
569 4.8714827020645793e-02 -3.5510059949002866e-02 2.8685391804579474e-02 3.8052949595710093e-03
570 4.7922510336216521e-02 -3.5372331056978734e-02 2.9315242557288207e-02 4.0517600653987868e-03
571 4.6387167294165636e-02 -3.5086078746960007e-02 3.0319201187154286e-02 4.5443210384527267e-03
572 7.5578619070693145e-02 -3.7976098305939621e-02 2.0368504551688375e-02 8.5328814179308975e-04
573 6.8640272179721823e-02 -3.7597587605391454e-02 1.9363084348951638e-02 1.0530963880567774e-03
574 6.8887933141840024e-02 -3.7613051655716920e-02 5.8407901336069774e-02 3.1459985699289999e-03
575 7.1776669557033573e-02 -3.7782013173195711e-02 6.0645419391791383e-02 2.9236139563728982e-03
576 6.2031956803575469e-02 -3.7115976036502345e-02 5.5146809757981377e-02 3.9276146488630113e-03
577 5.6163956415663102e-02 -3.6543030853183854e-02 2.8763863251895297e-02 2.6558466034344455e-03
578 8.9575652875803893e-02 -3.8493157194615747e-02 7.3033924581033624e-02 1.9123479760119681e-03
579 5.7523158012811292e-02 -3.6690970502772050e-02 2.2351253749292945e-02 1.9397077981952657e-03
580 6.2793930756664507e-02 -3.7179151947785739e-02 2.2111461413338879e-02 1.5248223001737065e-03
581 5.3873786704425802e-02 -3.6268903325364255e-02 2.5483339836248654e-02 2.6191399021867137e-03
582 5.8406661434611769e-02 -3.6781818600936850e-02 3.0066822359232994e-02 2.5077935920282059e-03
583 5.9685963753954963e-02 -3.6906499159175897e-02 3.3232305968134576e-02 2.6192651468098446e-03
584 2.9908723952559735e-01 -3.9671475989946747e-02 5.3520849415704996e-01 4.1563333194784670e-04
585 7.2803970436918761e-02 -3.7837404805460439e-02 6.6085517431399246e-02 3.0654057865848669e-03
586 1.3962577279730179e-01 -3.9252402857750182e-02 5.2955737740817056e-02 3.8967457968303558e-04
587 5.2527361334041039e-02 -3.6091390411635921e-02 3.0531427646107501e-02 3.3476878717938739e-03
588 6.1376552811010940e-02 -3.7059796381059058e-02 5.4840212513305009e-02 4.0166739516732039e-03
589 6.3530631202495899e-02 -3.7238141007859098e-02 5.5775722430922818e-02 3.7293636497306437e-03
590 9.5350345264426095e-02 -3.8644006875452129e-02 6.5727477605587808e-02 1.4441242307098761e-03
591 6.4101389424916541e-02 -3.7282487682781744e-02 5.6454023228962938e-02 3.6862055515486498e-03
592 6.7493415119634304e-02 -3.7523796004846975e-02 6.0361239749041624e-02 3.4347590146519371e-03
593 2.1209589026517836e-01 -3.9555765544042651e-02 3.3836032107916847e-01 7.2929461830167962e-04
594 1.7989967078283298e-01 -3.9465137531324086e-02 2.6245614141146023e-01 9.1966781244600857e-04
595 1.6824046928298789e-01 -3.9418861944586249e-02 2.3566167324465578e-01 1.0055685460037265e-03
596 7.3446178473782681e-02 -3.7870881234025044e-02 6.0167033659616717e-02 2.7250546515399953e-03
597 9.8990176280558492e-02 -3.8725973683419353e-02 3.4565068411727927e-03 6.8320551599301306e-05
598 9.5743627842398163e-02 -3.8653310804899921e-02 6.9740101589464022e-03 1.5146121235794138e-04
599 4.5988323632417512e-02 -3.5007225927307220e-02 3.0864289600062919e-02 4.7260732566845789e-03
600 4.5859754046745388e-02 -3.4981390206041726e-02 3.0643625452456826e-02 4.7249080036966739e-03
601 1.2461690826677503e-01 -3.9116128981170624e-02 6.5194416532654093e-02 6.6703330362838289e-04
602 1.3183665136986464e-01 -3.9187453030935460e-02 1.0849484104061251e-01 9.4316112615501328e-04
603 1.1204935623224692e-01 -3.8957791521010671e-02 7.0838789420434922e-02 9.8394355224491704e-04
604 4.4374111638490747e-02 -3.4667266333203002e-02 3.1186882585120774e-02 5.2153501008642576e-03
605 4.4855576240497817e-02 -3.4772308523763340e-02 3.0836941068400261e-02 5.0217642089593634e-03
606 5.6944313532764343e-02 -3.6629218801942080e-02 2.2236448525395480e-02 1.9810829727754907e-03
607 8.9325020468584690e-02 -3.8485948862999241e-02 2.6749921523543364e-02 7.0594081486912460e-04
608 7.3961274824297360e-02 -3.7897116135090246e-02 6.7012232954463416e-02 2.9779124195954475e-03
609 7.7963721414817860e-02 -3.8083884239031841e-02 7.4758415540380166e-02 2.8763714417405326e-03
610 6.5672991941546743e-02 -3.7398826974177235e-02 5.7527277519629924e-02 3.5217922114991695e-03
611 6.5757717823415177e-02 -3.7404868821069227e-02 5.8562512770153348e-02 3.5728596536252332e-03
612 9.7143282644025289e-02 -3.8685521223671311e-02 1.4934065406727629e-02 3.1132400438224346e-04
613 9.3225184872051461e-02 -3.8591702427319047e-02 1.1379712810579696e-02 2.6640334460142716e-04
614 4.6484126973227742e-02 -3.5104957297234778e-02 3.0306950597271756e-02 4.5190151893461745e-03
615 1.7052587797563318e-01 -3.9428682886228479e-02 9.1503180010793786e-02 3.7527563765666716e-04
616 8.8510939289984575e-02 -3.8462117184584629e-02 7.2611478148557188e-02 1.9659116463429478e-03
617 1.6272816486551075e-01 -3.9393455262120777e-02 1.5010913018758834e-01 7.0627734785356404e-04
618 1.9107639329677634e-01 -3.9501807420462005e-02 1.9216637118113120e-01 5.6378761786521380e-04
619 4.3595433409175363e-02 -3.4490375483601350e-02 3.1454202907289397e-02 5.4934088535052326e-03
620 4.4359424251415883e-02 -3.4664011041231603e-02 3.1249309850697713e-02 5.2300410270361298e-03
621 6.3348803831184700e-02 -3.7223767739353993e-02 3.5299261054597242e-02 2.3782293249144586e-03
622 6.8034326225203112e-02 -3.7559053875566878e-02 4.3527918040036119e-02 2.4244141259179529e-03
623 6.1920178604182190e-02 -3.7106517193080814e-02 2.5978948617500976e-02 1.8590728628629445e-03
624 1.9076717777596611e-01 -3.9500878524323178e-02 2.2621788118250313e-01 6.6686793925651233e-04
625 1.4743244352655133e-01 -3.9307496195972264e-02 1.7114676805518111e-01 1.0747922812114924e-03
626 1.4281941968787343e-01 -3.9276028948474449e-02 9.7421973871913037e-02 6.7120976356897766e-04
627 9.0635020145156106e-02 -3.8522976062028105e-02 1.0964895701273404e-01 2.7781303793343510e-03
628 1.6882712972409292e-01 -3.9421420913273726e-02 2.2222771157009796e-01 9.3860368006232653e-04
629 1.5111850274999791e-01 -3.9330606116611974e-02 1.9964681418766025e-01 1.1665614907762050e-03
630 9.7491771885063236e-02 -3.8693328523763712e-02 2.5002984811615094e-02 5.1598127566916598e-04
631 7.0944690365924060e-02 -3.7735415883133477e-02 5.8497581111670589e-02 2.9104784946495836e-03
632 6.9533471657736948e-02 -3.7652602663677280e-02 6.2798031425092479e-02 3.2985758780514273e-03
633 4.4512657219075540e-02 -3.4697823642531614e-02 3.0738324960192343e-02 5.1011117249016311e-03
634 4.3642559920296191e-02 -3.4501335724176366e-02 3.1241308612501635e-02 5.4418180799716753e-03
635 7.9178090982536489e-02 -3.8135122712468661e-02 6.8126973498432358e-02 2.5122186576085025e-03
636 7.1653830631648277e-02 -3.7775233114776589e-02 6.1474594514548168e-02 2.9773697129063807e-03
637 7.5501528976403304e-02 -3.7972446323974035e-02 6.5960510101761835e-02 2.7709664622286015e-03
638 5.8790433687519496e-02 -3.6820050340264712e-02 2.5491959813104214e-02 2.0901987677670779e-03
639 9.4041807868763316e-02 -3.8612215962182721e-02 7.9448469927803425e-02 1.8148550325661472e-03
640 1.1371718510697015e-01 -3.8981838644759480e-02 8.0069792541464818e-02 1.0660641624540934e-03
641 7.2648318632915404e-02 -3.7829159873206807e-02 5.8831961031725964e-02 2.7448504753577667e-03
642 6.0573131766018029e-02 -3.6988498136928998e-02 2.4706868307212308e-02 1.8734115625274107e-03
643 9.7598190292360304e-02 -3.8695696177452478e-02 1.1634746020624835e-01 2.3936489073930587e-03
644 6.9308327828113192e-02 -3.7638931158202667e-02 1.6553312053828446e-02 8.7712129588355249e-04
645 1.0279215045383777e-01 -3.8802558114429272e-02 1.2069743423642849e-01 2.1439165714040877e-03
646 8.3691990634305241e-02 -3.8306722696472048e-02 8.9415606689014576e-02 2.8290512290380294e-03
647 2.1493451052605836e-01 -3.9561868065894269e-02 8.0079281659790280e-02 1.6594184384010358e-04
648 1.7469198977819445e-01 -3.9445607404986170e-02 3.4411327549701549e-03 1.3146424865613104e-05
649 9.5549087989360598e-02 -3.8648722746194179e-02 1.0623273551721144e-01 2.3204240571638715e-03
650 6.8075703771450183e-02 -3.7561717206893573e-02 5.7400063044607333e-02 3.1918497004198606e-03
651 8.5361598494535368e-02 -3.8363505727101316e-02 6.7888988393746394e-02 2.0333270761083975e-03
652 1.8957378406880968e-01 -3.9497250921415442e-02 2.5354744071696689e-01 7.6139521395097065e-04
653 2.1436170142680988e-01 -3.9560656083204394e-02 3.5205333715050724e-01 7.3531702605681088e-04
654 9.8669389708813948e-02 -3.8719108401372410e-02 2.2668462386836397e-02 4.5219318980118327e-04
655 9.4326779875599925e-02 -3.8619250849696488e-02 7.3533897371420118e-02 1.6655056178099185e-03
656 8.4939710765357085e-02 -3.8349468386258613e-02 8.9253086669875345e-02 2.7102645258743315e-03
657 6.6249747126968836e-02 -3.7439509869449335e-02 5.7165061034748645e-02 3.4188790793469766e-03
658 6.1084875708813283e-02 -3.7034227747422932e-02 5.5254313244283877e-02 4.0980605073599524e-03
659 1.3530345547948022e-01 -3.9217739374327348e-02 9.5057747938520801e-02 7.6641408634004675e-04
660 8.6507326428929027e-02 -3.8400611100006379e-02 6.2304814617582409e-02 1.7981114972558400e-03
661 1.1653727919207563e-01 -3.9020193493184807e-02 -6.9668428183781682e-03 -8.6460899688381679e-05
662 1.4799424891067700e-01 -3.9311129774629999e-02 1.6670506015256512e-01 1.0353444643534052e-03
663 2.8655832260403646e-01 -3.9661008258589994e-02 5.8575719195988818e-01 5.1671816554738591e-04
664 2.7819742722493512e-01 -3.9653223462031026e-02 6.1572849832698284e-01 5.9320333053270217e-04
665 1.1033532288344945e-01 -3.8931943148682063e-02 8.0041213970474687e-02 1.1619003123791169e-03
666 5.2599821690065905e-02 -3.6101278511892453e-02 2.9926391052605313e-02 3.2698355290724582e-03
667 5.5854724898814601e-02 -3.6507907974376655e-02 3.0197056993254767e-02 2.8282451410913245e-03
668 5.6366950975596464e-02 -3.6565784193034169e-02 3.0000907705568382e-02 2.7443342662112707e-03
669 7.9676568546518695e-02 -3.8155491506325204e-02 8.2363955669639860e-02 2.9851990883513432e-03
670 6.9118296360436357e-02 -3.7627289991980541e-02 5.7829394752000295e-02 3.0869805740134856e-03
671 4.7904527472141273e-02 -3.5369129264375548e-02 2.9397947001707989e-02 4.0670021411990318e-03
672 1.3850970067830415e-01 -3.9243760608026645e-02 -1.3083794131653304e-02 -9.8550444237440640e-05
673 5.9198398439079085e-02 -3.6859904472980473e-02 3.4745236721682234e-02 2.7979127476055062e-03
674 6.9366701034988182e-02 -3.7642488282688701e-02 6.0734943516194122e-02 3.2109138693526963e-03
675 7.2193833321659268e-02 -3.7804785914600396e-02 6.5259985847338928e-02 3.0970424589094577e-03
676 7.6826417003720712e-02 -3.8033717133517130e-02 5.5597580215423888e-02 2.2270987736321946e-03
677 1.4522855373217966e-01 -3.9292834681450034e-02 1.6004311292762147e-01 1.0501938558907880e-03
678 1.1931109448142552e-01 -3.9055316673309991e-02 1.1325362761185535e-01 1.3135951832669022e-03
679 4.5071407956524208e-02 -3.4818366085823074e-02 3.1563218314476019e-02 5.0796137136611000e-03
680 4.4355934282192644e-02 -3.4663237079914783e-02 3.1250317832385792e-02 5.2312206068202407e-03
681 4.4672095775194022e-02 -3.4732656861054832e-02 3.1017193609908331e-02 5.1023309536552168e-03
682 7.8739470588238269e-02 -3.8116884400327823e-02 6.9075235821918268e-02 2.5863987584905188e-03
683 6.0704408799434499e-02 -3.7000336259839513e-02 5.4934712716389077e-02 4.1418335731988566e-03
684 7.3968006665661154e-02 -3.7897455448063867e-02 3.8782277471012712e-02 1.7229930500706494e-03
685 7.2647242539700743e-02 -3.7829102691355185e-02 5.9618371640328252e-02 2.7816529173974127e-03
686 1.0611987978085398e-01 -3.8863009725214559e-02 1.0462135249228950e-01 1.6973275035864269e-03
687 6.6188911968613123e-02 -3.7435267599546157e-02 2.1638129987336420e-02 1.2972945785102211e-03
688 7.0004951401227922e-02 -3.7680815665638349e-02 2.7953446195690904e-02 1.4417928136033092e-03
689 6.2789264408684334e-02 -3.7178771852694623e-02 5.5499786597986087e-02 3.8280575636765618e-03
690 8.2983797392106706e-02 -3.8281611556810750e-02 2.6007780095998564e-02 8.4247795572611446e-04
691 4.6069320962990816e-02 -3.5023396832058705e-02 3.0968466973112767e-02 4.7214085348866713e-03
692 4.5133085081139064e-02 -3.4831412918170365e-02 3.0553397194138666e-02 4.9005505823827723e-03
693 4.3829948797666538e-02 -3.4544587346253680e-02 3.1372926075823288e-02 5.4077045397863946e-03
694 1.2246601809742112e-01 -3.9092421116278267e-02 8.9698977787081635e-02 9.6503506822292735e-04
695 8.3832157704629831e-02 -3.8311618590929380e-02 6.9902313584274969e-02 2.2014234865814454e-03
696 7.2229044812582771e-02 -3.7806690421471965e-02 6.4531589425045693e-02 3.0584278652942298e-03
697 1.0187544172230405e-01 -3.8784866372826694e-02 3.7785987205793910e-02 6.8847229679316912e-04
698 1.1364266185293237e-01 -3.8980786513088360e-02 3.3903041790375885e-02 4.5224053804958489e-04
699 4.5859754046745388e-02 -3.4981390206041726e-02 3.0627204052889174e-02 4.7223760055697074e-03
700 6.7903386338663274e-02 -3.7550594358029189e-02 3.6723628293716719e-02 2.0560325702508910e-03
701 6.9409529347441309e-02 -3.7645092558580201e-02 5.8149640371361520e-02 3.0691279818967064e-03
702 5.1960577095071792e-01 -3.9749862249276909e-02 2.2692834095162882e+00 3.3845564584878373e-04
703 8.3388690528157644e-02 -3.8296045385159981e-02 7.8587952846190606e-02 2.5116236337223733e-03
704 4.3642559920296191e-02 -3.4501335724176366e-02 3.1255728537387457e-02 5.4443298380074476e-03
705 1.0406978569231472e-01 -3.8826447561709623e-02 7.2819127453868426e-02 1.2488423060453722e-03
706 5.9732199808890128e-02 -3.6910860396510550e-02 2.3091771496357851e-02 1.8163334642665788e-03
707 4.4672095775194022e-02 -3.4732656861054832e-02 3.1024427435473699e-02 5.1035209185682174e-03
708 4.5089438315552732e-02 -3.4822185371069160e-02 3.1603344276641986e-02 5.0810597137788448e-03
709 9.4625956876569231e-02 -3.8626568932618691e-02 1.1457731351205772e-01 2.5720865373493025e-03
710 6.9310313237270757e-02 -3.7639052288705836e-02 3.9750404639894418e-02 2.1061185002852964e-03
711 1.0644960402310133e-01 -3.8868695644052563e-02 2.3960450504973744e-03 3.8530169425560907e-05
712 7.8338824032734886e-02 -3.8099961299331173e-02 3.0538918755774500e-02 1.1596173196626155e-03
713 9.7008212215941969e-02 -3.8682472808920836e-02 1.0439511045172155e-01 2.1848466864123652e-03
714 1.1531064446659356e-01 -3.9003853431466118e-02 1.0260758669891241e-01 1.3126796100526269e-03
715 6.5346917676658928e-02 -3.7375360248735154e-02 5.6928689663212372e-02 3.5317035192215765e-03
716 2.3044769314212063e-01 -3.9591340348674092e-02 3.2986817959949877e-01 5.5604397439991469e-04
717 1.1332579247471695e-01 -3.8976289889850968e-02 -4.4980397965669432e-03 -6.0482533309053496e-05
718 5.6276266238260410e-02 -3.6555648881467770e-02 2.9935982743270601e-02 2.7498271349305731e-03
719 6.0873671137567538e-02 -3.7015490139602807e-02 5.5138634077144505e-02 4.1268983634020241e-03
720 7.6837058465512004e-02 -3.8034196697174893e-02 5.5786696187281333e-02 2.2338267383296734e-03
721 1.2461690834446235e-01 -3.9116128982004963e-02 6.5324534876035012e-02 6.6836460153136342e-04
722 1.1204935635355308e-01 -3.8957791522798504e-02 7.1191752606638306e-02 9.8884617179768506e-04
723 8.3832157613888070e-02 -3.8311618587767687e-02 7.0154108632494480e-02 2.2093532383762270e-03
724 6.2031956803575448e-02 -3.7115976036502345e-02 5.5200940296744390e-02 3.9314698836069566e-03
725 1.1359711007976687e-01 -3.8980142394043307e-02 3.4383395025070422e-02 4.5917550079788795e-04
726 7.7876828274963339e-02 -3.8080127362869254e-02 7.0782844992724844e-02 2.7317576706421660e-03
727 1.0205150381134542e-01 -3.8788300877294304e-02 7.3042784490068499e-02 1.3243556918226857e-03
728 7.5617417482164440e-02 -3.7977932154322144e-02 6.3538640798319154e-02 2.6580647254824071e-03
729 5.6156213262066608e-02 -3.6542158212488275e-02 2.3610616897774345e-02 2.1808105610587551e-03
200 1.3098228736287348e-01 -3.9179619737287681e-02 1.2104841380655541e-01 1.0723048751800110e-03
