300 8 BEM3DMeshData
0 -1.0182029990938527e-03 1.3618537823110840e-02 8.5289623565815171e-03 -6.8072862623685679e-03 0.0000000000000000e+00 0.0000000000000000e+00 0.0000000000000000e+00 0.0000000000000000e+00
1 -6.3844911754120412e-04 6.2182182723741512e-03 1.2038237030830876e-02 -2.5100212625613571e-03 0.0000000000000000e+00 0.0000000000000000e+00 0.0000000000000000e+00 0.0000000000000000e+00
3 -1.9013272161400075e-02 -1.7724373896150190e-02 -1.1466020786307254e-02 -8.1900073445749164e-03 0.0000000000000000e+00 0.0000000000000000e+00 0.0000000000000000e+00 0.0000000000000000e+00
4 -1.6138935163204807e-02 -1.2296056468491384e-02 -1.1261708424710056e-02 -7.1768613474705208e-03 0.0000000000000000e+00 0.0000000000000000e+00 0.0000000000000000e+00 0.0000000000000000e+00
5 -2.0913240969580332e-02 -1.7330906121702332e-02 -1.7069305974401448e-02 -1.1008192564554153e-02 0.0000000000000000e+00 0.0000000000000000e+00 0.0000000000000000e+00 0.0000000000000000e+00
6 -8.6918262414794750e-02 -1.7829853833659867e-01 -6.3944162763078405e-02 -4.9707043760866244e-02 0.0000000000000000e+00 0.0000000000000000e+00 0.0000000000000000e+00 0.0000000000000000e+00
7 -5.9526868062755568e-02 -1.1080233371533560e-01 -2.0020626977217380e-02 -2.7217707767967711e-02 0.0000000000000000e+00 0.0000000000000000e+00 0.0000000000000000e+00 0.0000000000000000e+00
8 -5.4915197529903065e-02 -8.6614314191349684e-02 -4.8980275470187115e-02 -3.5610872807113891e-02 0.0000000000000000e+00 0.0000000000000000e+00 0.0000000000000000e+00 0.0000000000000000e+00
9 1.2880320627316671e-02 -1.2740730038235632e-02 7.9028497076354988e-03 -3.9560731982593109e-03 0.0000000000000000e+00 0.0000000000000000e+00 0.0000000000000000e+00 0.0000000000000000e+00
10 1.1431866313650488e-02 -1.1314875565506099e-02 3.7269775393103705e-03 -3.6402194114778905e-03 0.0000000000000000e+00 0.0000000000000000e+00 0.0000000000000000e+00 0.0000000000000000e+00
11 1.7424528159582040e-02 -2.2932112435764755e-02 8.7208217868198611e-03 -4.9790834888140427e-03 0.0000000000000000e+00 0.0000000000000000e+00 0.0000000000000000e+00 0.0000000000000000e+00
12 3.7106700978760190e-03 8.9527211877286688e-04 -1.4140154255184684e-03 -2.9217872559227464e-03 0.0000000000000000e+00 0.0000000000000000e+00 0.0000000000000000e+00 0.0000000000000000e+00
13 3.9753680213838738e-03 1.8694873259441326e-03 -1.5748990075781272e-03 -4.8267492709743983e-03 0.0000000000000000e+00 0.0000000000000000e+00 0.0000000000000000e+00 0.0000000000000000e+00
14 4.1206093322403436e-03 6.3521350444764244e-04 -1.8994901736685511e-03 -3.0916204440842704e-03 0.0000000000000000e+00 0.0000000000000000e+00 0.0000000000000000e+00 0.0000000000000000e+00
15 7.1855647486527320e-03 -3.4565352324658206e-03 5.8191044208213919e-03 -2.8282306491185503e-03 0.0000000000000000e+00 0.0000000000000000e+00 0.0000000000000000e+00 0.0000000000000000e+00
16 8.7009508846603387e-03 -5.7424136762413260e-03 6.2056624247045639e-03 -3.0261801909109618e-03 0.0000000000000000e+00 0.0000000000000000e+00 0.0000000000000000e+00 0.0000000000000000e+00
17 8.8028870565859153e-03 -4.5606793296573958e-03 8.2488918199577297e-03 -3.5725106371058981e-03 0.0000000000000000e+00 0.0000000000000000e+00 0.0000000000000000e+00 0.0000000000000000e+00
18 -2.5474203095810357e-02 2.3404898128221257e-02 2.9672957763442964e-01 -1.2215056226170739e-02 0.0000000000000000e+00 0.0000000000000000e+00 0.0000000000000000e+00 0.0000000000000000e+00
19 1.8159431545090605e-03 6.4861087171635565e-02 5.4486726144070789e-02 -9.0894577550086567e-03 0.0000000000000000e+00 0.0000000000000000e+00 0.0000000000000000e+00 0.0000000000000000e+00
20 -1.5641551243549958e-02 1.5319841424614577e-02 7.7731488744043495e-02 -3.6466873292802147e-03 0.0000000000000000e+00 0.0000000000000000e+00 0.0000000000000000e+00 0.0000000000000000e+00
21 1.0686288360795314e-02 -5.3639993590980451e-03 1.2201132993450997e-02 -4.5186882181833662e-03 0.0000000000000000e+00 0.0000000000000000e+00 0.0000000000000000e+00 0.0000000000000000e+00
22 8.3009039046900452e-03 -2.4764847366227070e-03 9.4897014041854504e-03 -4.2499996690399007e-03 0.0000000000000000e+00 0.0000000000000000e+00 0.0000000000000000e+00 0.0000000000000000e+00
23 -1.2556538361668753e-02 -6.3270718617390379e-02 8.2151533862940454e-02 4.3493563690223669e-02 0.0000000000000000e+00 0.0000000000000000e+00 0.0000000000000000e+00 0.0000000000000000e+00
24 -7.2624200057659766e-03 -1.1302164495042330e-02 4.8591513034287645e-02 1.2049669486064014e-02 0.0000000000000000e+00 0.0000000000000000e+00 0.0000000000000000e+00 0.0000000000000000e+00
25 1.1718894992574186e-04 -1.8211114135370549e-02 1.4979156124559592e-02 1.0240593964341314e-02 0.0000000000000000e+00 0.0000000000000000e+00 0.0000000000000000e+00 0.0000000000000000e+00
26 1.9290748066644194e-02 9.0841137022046214e-02 -2.1067287655574403e-03 -2.2989250110115617e-03 0.0000000000000000e+00 0.0000000000000000e+00 0.0000000000000000e+00 0.0000000000000000e+00
27 2.6539525903732097e-02 6.0487525144344419e-02 -8.0996153491440168e-02 1.8058081019159303e-02 0.0000000000000000e+00 0.0000000000000000e+00 0.0000000000000000e+00 0.0000000000000000e+00
28 1.2031146516009341e-02 3.9286053586272990e-02 -1.7435517761595052e-02 2.3406779879099802e-03 0.0000000000000000e+00 0.0000000000000000e+00 0.0000000000000000e+00 0.0000000000000000e+00
29 -1.1052759348758481e-02 -4.7362589104917805e-04 -1.1084197336633784e-02 -8.3528234801768311e-03 0.0000000000000000e+00 0.0000000000000000e+00 0.0000000000000000e+00 0.0000000000000000e+00
30 -1.3742955112234634e-02 -1.3669091345721183e-04 -1.4962094290770439e-02 -1.2808180795094687e-02 0.0000000000000000e+00 0.0000000000000000e+00 0.0000000000000000e+00 0.0000000000000000e+00
31 -1.3537782107970981e-02 -2.5693924746786464e-03 -1.3837663287172980e-02 -9.9390605920191156e-03 0.0000000000000000e+00 0.0000000000000000e+00 0.0000000000000000e+00 0.0000000000000000e+00
32 -7.3415489091610952e-03 1.2541834072290821e-02 4.2246278340966170e-02 2.7244569473981722e-03 0.0000000000000000e+00 0.0000000000000000e+00 0.0000000000000000e+00 0.0000000000000000e+00
33 1.2540000382944259e-02 -4.9696486599806033e-03 1.7898207709996547e-02 -5.7765095941762611e-03 0.0000000000000000e+00 0.0000000000000000e+00 0.0000000000000000e+00 0.0000000000000000e+00
34 8.9971173374227172e-03 -1.2019848658834991e-03 1.2390383781675318e-02 -5.5545497943618920e-03 0.0000000000000000e+00 0.0000000000000000e+00 0.0000000000000000e+00 0.0000000000000000e+00
35 6.9734338881550836e-03 -2.1077512602779339e-03 7.0041267192798287e-03 -3.3996845232515970e-03 0.0000000000000000e+00 0.0000000000000000e+00 0.0000000000000000e+00 0.0000000000000000e+00
36 -7.3305876556985887e-03 9.0955427505745954e-03 2.5887955498275547e-02 -3.4711879495721888e-03 0.0000000000000000e+00 0.0000000000000000e+00 0.0000000000000000e+00 0.0000000000000000e+00
37 -1.0469830155262197e-03 2.0777011114842640e-02 1.6069156570121489e-02 -2.6852611032533919e-03 0.0000000000000000e+00 0.0000000000000000e+00 0.0000000000000000e+00 0.0000000000000000e+00
38 -3.5529931967452511e-03 1.0099222001277327e-02 1.4399964261340586e-02 -2.4056166202076298e-03 0.0000000000000000e+00 0.0000000000000000e+00 0.0000000000000000e+00 0.0000000000000000e+00
39 4.3331495566860789e-03 2.3988759679982700e-02 1.0944681655928787e-03 -7.5205261508158442e-04 0.0000000000000000e+00 0.0000000000000000e+00 0.0000000000000000e+00 0.0000000000000000e+00
40 3.6078926002619310e-04 1.4182232004715554e-02 6.6477063200171037e-03 -1.4709164264031566e-03 0.0000000000000000e+00 0.0000000000000000e+00 0.0000000000000000e+00 0.0000000000000000e+00
41 9.4538986277499168e-03 2.9149708392414882e-03 -1.4324394228199994e-02 -1.2336685519914002e-02 0.0000000000000000e+00 0.0000000000000000e+00 0.0000000000000000e+00 0.0000000000000000e+00
42 1.1010389358133440e-02 1.2092911709809084e-02 -2.9609667301753118e-02 -1.8466991594418225e-02 0.0000000000000000e+00 0.0000000000000000e+00 0.0000000000000000e+00 0.0000000000000000e+00
43 1.5182847753785636e-02 -1.2060156097520843e-02 -2.1994514530335491e-02 -1.1773995138901126e-02 0.0000000000000000e+00 0.0000000000000000e+00 0.0000000000000000e+00 0.0000000000000000e+00
44 -2.3429931632496310e-02 1.3173761680786270e-04 -5.3098205033837130e-02 -9.4298752176423806e-02 0.0000000000000000e+00 0.0000000000000000e+00 0.0000000000000000e+00 0.0000000000000000e+00
45 -1.6757329956516721e-02 5.7301184355449944e-03 -2.5750113877376697e-02 -5.2351837751438757e-02 0.0000000000000000e+00 0.0000000000000000e+00 0.0000000000000000e+00 0.0000000000000000e+00
46 -1.4573182525247875e-02 1.2928230904546700e-02 -2.8469354271542489e-02 -4.7945873623018859e-02 0.0000000000000000e+00 0.0000000000000000e+00 0.0000000000000000e+00 0.0000000000000000e+00
2 -4.7449462665492617e-03 2.2852390056599489e-02 2.2589792686601003e-02 -4.3979795524957989e-03 0.0000000000000000e+00 0.0000000000000000e+00 0.0000000000000000e+00 0.0000000000000000e+00
48 -3.6273169953771431e-02 -9.8713415055484741e-02 -1.0081189626524995e-01 -2.5247770920624923e-01 0.0000000000000000e+00 0.0000000000000000e+00 0.0000000000000000e+00 0.0000000000000000e+00
49 6.2247400388491863e-03 4.4356352841308662e-04 7.9203755754269321e-03 -4.5018279387998815e-03 0.0000000000000000e+00 0.0000000000000000e+00 0.0000000000000000e+00 0.0000000000000000e+00
50 4.1433805137543606e-03 2.4815745665946877e-03 5.7397593201851107e-03 -4.5480281896637820e-03 0.0000000000000000e+00 0.0000000000000000e+00 0.0000000000000000e+00 0.0000000000000000e+00
51 4.4956488678448286e-03 8.4304846664244202e-04 5.2317147773584529e-03 -3.4239754603038086e-03 0.0000000000000000e+00 0.0000000000000000e+00 0.0000000000000000e+00 0.0000000000000000e+00
52 1.4014639909291202e-02 -1.0684708918546735e-02 1.5705722979850720e-02 -4.5158177721102682e-03 0.0000000000000000e+00 0.0000000000000000e+00 0.0000000000000000e+00 0.0000000000000000e+00
53 1.1366099030091160e-02 -8.7013016560225920e-03 9.6753516754913543e-03 -3.8382574539470218e-03 0.0000000000000000e+00 0.0000000000000000e+00 0.0000000000000000e+00 0.0000000000000000e+00
54 1.4997911925761056e-02 -1.4954831981457660e-02 1.3089940050864224e-02 -4.3061182866507919e-03 0.0000000000000000e+00 0.0000000000000000e+00 0.0000000000000000e+00 0.0000000000000000e+00
55 1.5365014419241848e-03 6.5239684328466108e-03 2.1474190347664382e-03 -7.1729191811795469e-03 0.0000000000000000e+00 0.0000000000000000e+00 0.0000000000000000e+00 0.0000000000000000e+00
56 8.5706230513912080e-04 6.5741774957845198e-03 5.1512062294316431e-03 -5.0547630261729200e-03 0.0000000000000000e+00 0.0000000000000000e+00 0.0000000000000000e+00 0.0000000000000000e+00
57 -6.0988738278021214e-03 7.9143139543034306e-03 -7.3946475697585952e-03 -1.3246470293383565e-02 0.0000000000000000e+00 0.0000000000000000e+00 0.0000000000000000e+00 0.0000000000000000e+00
58 -6.7414196089191931e-03 1.1394355195014241e-02 -9.7142223682791032e-03 -1.9348588238661986e-02 0.0000000000000000e+00 0.0000000000000000e+00 0.0000000000000000e+00 0.0000000000000000e+00
59 -8.3242932125493080e-03 8.6467470497933376e-03 -1.0995072697084812e-02 -1.8536120092534379e-02 0.0000000000000000e+00 0.0000000000000000e+00 0.0000000000000000e+00 0.0000000000000000e+00
60 8.9989030288077330e-03 -1.6290931004525458e-02 -2.3939500483051573e-02 1.6245238067605583e-02 0.0000000000000000e+00 0.0000000000000000e+00 0.0000000000000000e+00 0.0000000000000000e+00
61 2.8361701016668709e-03 -3.6338011306735821e-02 3.0255614880940938e-03 2.1537579350788757e-02 0.0000000000000000e+00 0.0000000000000000e+00 0.0000000000000000e+00 0.0000000000000000e+00
62 5.0511947180715538e-03 -1.1093922303874622e-02 -6.9328870328660402e-03 7.9241859509898635e-03 0.0000000000000000e+00 0.0000000000000000e+00 0.0000000000000000e+00 0.0000000000000000e+00
63 3.3491721616287070e-03 3.4815103111029621e-03 -6.5846737033035062e-04 -7.6889627385933390e-03 0.0000000000000000e+00 0.0000000000000000e+00 0.0000000000000000e+00 0.0000000000000000e+00
64 4.1509239313792957e-03 3.6188961559109529e-03 -1.5372355643351926e-03 -8.7242902522924951e-03 0.0000000000000000e+00 0.0000000000000000e+00 0.0000000000000000e+00 0.0000000000000000e+00
65 8.5529561442798468e-04 1.1063527486071041e-02 -3.0731394514665195e-03 -1.3606268847922671e-02 0.0000000000000000e+00 0.0000000000000000e+00 0.0000000000000000e+00 0.0000000000000000e+00
66 -1.2526948342372472e-02 -6.5195924963392920e-03 2.3169882352970034e-02 -3.8254906282683861e-03 0.0000000000000000e+00 0.0000000000000000e+00 0.0000000000000000e+00 0.0000000000000000e+00
67 -2.0518642098775991e-02 -1.9317841106487817e-02 3.7955990717318158e-02 -5.0675281278764655e-03 0.0000000000000000e+00 0.0000000000000000e+00 0.0000000000000000e+00 0.0000000000000000e+00
47 -4.2229852966866391e-02 -1.0174965642483888e-02 -1.8002159802087225e-01 -1.6879928018328536e-01 0.0000000000000000e+00 0.0000000000000000e+00 0.0000000000000000e+00 0.0000000000000000e+00
69 5.6583734731486162e-03 -9.0442048354613308e-02 -1.8999774692449792e-02 6.0515249770631802e-02 0.0000000000000000e+00 0.0000000000000000e+00 0.0000000000000000e+00 0.0000000000000000e+00
70 -3.0640306955759207e-02 -3.2504582501967316e-01 1.7975002179245633e-01 2.7655258114396153e-01 0.0000000000000000e+00 0.0000000000000000e+00 0.0000000000000000e+00 0.0000000000000000e+00
71 -1.3880967410014983e-03 -2.8371704844429892e-03 1.8763452931510400e-02 2.7410154080395313e-03 0.0000000000000000e+00 0.0000000000000000e+00 0.0000000000000000e+00 0.0000000000000000e+00
72 -1.3741905691939771e-01 -3.1246621498192662e-01 -5.3901906046121245e-02 -2.7171736333418142e-02 0.0000000000000000e+00 0.0000000000000000e+00 0.0000000000000000e+00 0.0000000000000000e+00
73 -7.6923416236367836e-02 -1.6719114430913731e-01 2.3440547446290129e-02 -1.5150632521562091e-02 0.0000000000000000e+00 0.0000000000000000e+00 0.0000000000000000e+00 0.0000000000000000e+00
74 2.0918386917828037e-03 -2.2695010974921144e-03 3.0913189899897569e-03 4.0009071667742647e-04 0.0000000000000000e+00 0.0000000000000000e+00 0.0000000000000000e+00 0.0000000000000000e+00
75 2.7918871289722372e-03 -3.0017862021857219e-03 2.7117412272689863e-04 1.1056659269876202e-03 0.0000000000000000e+00 0.0000000000000000e+00 0.0000000000000000e+00 0.0000000000000000e+00
76 1.5960100539019711e-03 -6.7829451487115677e-03 6.5328477915287233e-03 3.1706829746447215e-03 0.0000000000000000e+00 0.0000000000000000e+00 0.0000000000000000e+00 0.0000000000000000e+00
77 6.1152151727813228e-02 3.4306633052267527e-01 -9.4874359304874312e-02 3.6691917596232547e-02 0.0000000000000000e+00 0.0000000000000000e+00 0.0000000000000000e+00 0.0000000000000000e+00
78 -7.5123510934709432e-03 2.7942268047060584e-02 -1.6641623098065394e-02 -3.5258876152169320e-02 0.0000000000000000e+00 0.0000000000000000e+00 0.0000000000000000e+00 0.0000000000000000e+00
79 -1.7608009057278003e-02 2.6479151392117296e-02 -5.0857227808057230e-02 -6.4454260169308400e-02 0.0000000000000000e+00 0.0000000000000000e+00 0.0000000000000000e+00 0.0000000000000000e+00
80 -8.5149395609002906e-03 1.7036451844470030e-02 -1.5767597262129760e-02 -2.9859471544661734e-02 0.0000000000000000e+00 0.0000000000000000e+00 0.0000000000000000e+00 0.0000000000000000e+00
81 -1.3782998279756145e-02 -6.7313022680364149e-03 -1.1853812580475090e-02 -7.2265346148757733e-03 0.0000000000000000e+00 0.0000000000000000e+00 0.0000000000000000e+00 0.0000000000000000e+00
82 -1.1168028433383922e-02 -5.4358883991526222e-03 -8.4206493541789176e-03 -4.9132621102927643e-03 0.0000000000000000e+00 0.0000000000000000e+00 0.0000000000000000e+00 0.0000000000000000e+00
83 -1.1488565055077287e-02 -4.6061634911097249e-03 -9.5796983449327206e-03 -5.7302786210584036e-03 0.0000000000000000e+00 0.0000000000000000e+00 0.0000000000000000e+00 0.0000000000000000e+00
84 8.1664364648420303e-03 -5.3409414435640762e-04 -8.1988631787837697e-03 -7.7952244089213836e-03 0.0000000000000000e+00 0.0000000000000000e+00 0.0000000000000000e+00 0.0000000000000000e+00
85 6.5240674079299820e-03 6.4316618855830253e-03 -7.0257587251037340e-03 -1.2186315576363791e-02 0.0000000000000000e+00 0.0000000000000000e+00 0.0000000000000000e+00 0.0000000000000000e+00
86 3.3129340822219233e-03 -6.6374846467226242e-03 -6.6254170206242274e-04 3.6155198266452845e-03 0.0000000000000000e+00 0.0000000000000000e+00 0.0000000000000000e+00 0.0000000000000000e+00
87 3.4119207218941982e-03 -1.6365584143278079e-03 -2.6439906794141167e-03 1.1536461559231059e-03 0.0000000000000000e+00 0.0000000000000000e+00 0.0000000000000000e+00 0.0000000000000000e+00
88 4.4973418664109709e-03 -1.9643091380647302e-03 -5.9274795054924945e-03 2.7166832072845429e-03 0.0000000000000000e+00 0.0000000000000000e+00 0.0000000000000000e+00 0.0000000000000000e+00
89 -1.8411207965069734e-03 2.7049982724676309e-02 -3.6346952654467966e-04 -2.6470314582150632e-02 0.0000000000000000e+00 0.0000000000000000e+00 0.0000000000000000e+00 0.0000000000000000e+00
90 4.1585818426341601e-03 1.8901716725955229e-02 1.4460750429282604e-02 -1.9234190899316425e-02 0.0000000000000000e+00 0.0000000000000000e+00 0.0000000000000000e+00 0.0000000000000000e+00
91 -1.7845463247142564e-04 4.6376820544608524e-02 1.2001992943104138e-02 -3.8371896352308435e-02 0.0000000000000000e+00 0.0000000000000000e+00 0.0000000000000000e+00 0.0000000000000000e+00
92 1.7521859371090475e-02 8.6531412131373511e-02 8.6965547305730681e-02 4.8303421863739567e-03 0.0000000000000000e+00 0.0000000000000000e+00 0.0000000000000000e+00 0.0000000000000000e+00
93 -4.9648394107289759e-02 -9.2663765204268639e-02 4.5908668205659038e-02 -8.4108460874924330e-03 0.0000000000000000e+00 0.0000000000000000e+00 0.0000000000000000e+00 0.0000000000000000e+00
94 -3.2393666444908154e-02 -4.9339470424743528e-02 3.2106174722891991e-02 -8.0676462379240949e-03 0.0000000000000000e+00 0.0000000000000000e+00 0.0000000000000000e+00 0.0000000000000000e+00
95 -4.5137110684802140e-02 -7.9516506408448845e-02 9.4460307627206239e-03 -1.5253455445430966e-02 0.0000000000000000e+00 0.0000000000000000e+00 0.0000000000000000e+00 0.0000000000000000e+00
96 1.6044427720979940e-03 8.0481876452465403e-03 3.9135883256393470e-03 -8.7161768925282917e-03 0.0000000000000000e+00 0.0000000000000000e+00 0.0000000000000000e+00 0.0000000000000000e+00
97 1.6558934977368013e-03 5.1962468908031976e-03 3.1995690059091640e-03 -5.8088983094444465e-03 0.0000000000000000e+00 0.0000000000000000e+00 0.0000000000000000e+00 0.0000000000000000e+00
98 3.1735048598431001e-03 4.9245073396697791e-03 5.4170291701064171e-03 -6.1930760726433328e-03 0.0000000000000000e+00 0.0000000000000000e+00 0.0000000000000000e+00 0.0000000000000000e+00
99 -7.7707067440714239e-03 1.9146360851678978e-03 1.8438255273849274e-02 -2.9785966179731883e-03 0.0000000000000000e+00 0.0000000000000000e+00 0.0000000000000000e+00 0.0000000000000000e+00
100 5.8226998508603489e-03 -1.8175243620717314e-03 5.0497853309348969e-03 -2.6074826084390617e-03 0.0000000000000000e+00 0.0000000000000000e+00 0.0000000000000000e+00 0.0000000000000000e+00
101 -1.5450295447347514e-02 7.2302351460813138e-02 5.9205935110689084e-02 -2.0152048550311362e-03 0.0000000000000000e+00 0.0000000000000000e+00 0.0000000000000000e+00 0.0000000000000000e+00
102 -2.8855417666746978e-03 3.2925751773472907e-02 -1.0058714894470369e-03 -1.2248522872949991e-02 0.0000000000000000e+00 0.0000000000000000e+00 0.0000000000000000e+00 0.0000000000000000e+00
103 -1.7038452771823049e-02 -1.0782247890842526e-02 -1.4727308725474954e-02 -9.1528762175928681e-03 0.0000000000000000e+00 0.0000000000000000e+00 0.0000000000000000e+00 0.0000000000000000e+00
104 -1.7310311636293138e-02 -7.0458273625855867e-03 -1.7853208290835736e-02 -1.2061161936663612e-02 0.0000000000000000e+00 0.0000000000000000e+00 0.0000000000000000e+00 0.0000000000000000e+00
105 -2.1365625782564686e-02 -1.4110700627864119e-02 -2.1126109420544610e-02 -1.3663456084896723e-02 0.0000000000000000e+00 0.0000000000000000e+00 0.0000000000000000e+00 0.0000000000000000e+00
106 3.6516171697954869e-03 6.8366669635707951e-04 3.8608565329763429e-03 -2.6304577526984453e-03 0.0000000000000000e+00 0.0000000000000000e+00 0.0000000000000000e+00 0.0000000000000000e+00
107 3.7230708937794083e-03 -5.5952616688433957e-05 3.3849743081595467e-03 -2.0821356181030043e-03 0.0000000000000000e+00 0.0000000000000000e+00 0.0000000000000000e+00 0.0000000000000000e+00
108 4.4434569490715264e-03 2.1497373232396928e-05 4.5148904427250360e-03 -2.7293288437447443e-03 0.0000000000000000e+00 0.0000000000000000e+00 0.0000000000000000e+00 0.0000000000000000e+00
109 1.8966515094367034e-03 1.2448546877470248e-03 3.1543139063576709e-03 -1.8073269057465242e-03 0.0000000000000000e+00 0.0000000000000000e+00 0.0000000000000000e+00 0.0000000000000000e+00
110 5.8452160702223907e-04 6.0498863763734753e-04 8.9441105402194437e-03 -5.7293399178775660e-04 0.0000000000000000e+00 0.0000000000000000e+00 0.0000000000000000e+00 0.0000000000000000e+00
111 8.5410066598171058e-03 -4.0363968758684067e-03 -6.3848487694047901e-03 -5.3816229657696934e-03 0.0000000000000000e+00 0.0000000000000000e+00 0.0000000000000000e+00 0.0000000000000000e+00
112 7.0734809828478535e-03 -1.6267951590484317e-03 -5.2494340683264286e-03 -5.0098869308441481e-03 0.0000000000000000e+00 0.0000000000000000e+00 0.0000000000000000e+00 0.0000000000000000e+00
113 3.9120727581735265e-02 -1.0210255754666794e-01 -2.8751961788904191e-02 -1.0163241318083235e-02 0.0000000000000000e+00 0.0000000000000000e+00 0.0000000000000000e+00 0.0000000000000000e+00
114 8.0818702611257648e-02 -3.7854302773020471e-01 1.0622767403803546e-01 -3.3676503379425310e-03 0.0000000000000000e+00 0.0000000000000000e+00 0.0000000000000000e+00 0.0000000000000000e+00
115 3.8867392017089636e-02 -8.8374622804871961e-02 5.3434379464110185e-02 -1.6236294923359942e-03 0.0000000000000000e+00 0.0000000000000000e+00 0.0000000000000000e+00 0.0000000000000000e+00
116 7.3916225030254620e-03 1.8047192710539502e-02 -1.1509827006059957e-02 2.1283136958856821e-03 0.0000000000000000e+00 0.0000000000000000e+00 0.0000000000000000e+00 0.0000000000000000e+00
117 -1.0835884717017108e-02 5.8609026990391500e-02 -3.1192036691350115e-02 -5.3802160169958611e-02 0.0000000000000000e+00 0.0000000000000000e+00 0.0000000000000000e+00 0.0000000000000000e+00
118 -8.4068670698107431e-02 6.5856150339751382e-02 -3.1020447978134136e-01 -4.1548433369075233e-01 0.0000000000000000e+00 0.0000000000000000e+00 0.0000000000000000e+00 0.0000000000000000e+00
119 -1.3299949142380613e-01 -2.5811638958298683e-01 -2.2196299059601440e-01 -1.5373235726550213e-01 0.0000000000000000e+00 0.0000000000000000e+00 0.0000000000000000e+00 0.0000000000000000e+00
120 -6.6807108638944804e-02 -5.0383568971310244e-02 -1.4426278574722184e-01 -1.1275346084638097e-01 0.0000000000000000e+00 0.0000000000000000e+00 0.0000000000000000e+00 0.0000000000000000e+00
121 -6.1635836226644498e-03 3.5797245456781462e-04 1.1485486467150289e-02 -2.2513494091901303e-03 0.0000000000000000e+00 0.0000000000000000e+00 0.0000000000000000e+00 0.0000000000000000e+00
122 -9.5247756954202692e-03 -4.1956671265412446e-03 1.5327064177971316e-02 -2.9906344347314616e-03 0.0000000000000000e+00 0.0000000000000000e+00 0.0000000000000000e+00 0.0000000000000000e+00
123 1.0679128033111395e-02 -5.5936092498210677e-03 -1.0831053992592311e-02 -7.9989218313496167e-03 0.0000000000000000e+00 0.0000000000000000e+00 0.0000000000000000e+00 0.0000000000000000e+00
124 -3.8520746916823495e-03 1.2195169771890073e-02 -4.9720136918493547e-03 -1.5788298974390109e-02 0.0000000000000000e+00 0.0000000000000000e+00 0.0000000000000000e+00 0.0000000000000000e+00
125 -2.9150164429211393e-03 1.7384441427550325e-02 -3.6777216553456997e-03 -1.9915033184436305e-02 0.0000000000000000e+00 0.0000000000000000e+00 0.0000000000000000e+00 0.0000000000000000e+00
126 1.7609218776715354e-03 -3.1895620243302576e-04 4.0488599051863453e-03 -7.2764664501072786e-04 0.0000000000000000e+00 0.0000000000000000e+00 0.0000000000000000e+00 0.0000000000000000e+00
127 2.0843146499295315e-03 4.0258178149458505e-03 -1.5567757836749379e-03 -2.9592916419955278e-04 0.0000000000000000e+00 0.0000000000000000e+00 0.0000000000000000e+00 0.0000000000000000e+00
128 1.7158035348438562e-03 5.9048043898957620e-03 -5.3922657935184999e-04 -4.6153921811363155e-04 0.0000000000000000e+00 0.0000000000000000e+00 0.0000000000000000e+00 0.0000000000000000e+00
129 3.1752244157652572e-03 5.5743379045073722e-03 -3.4622576408372204e-03 2.0812641674006834e-04 0.0000000000000000e+00 0.0000000000000000e+00 0.0000000000000000e+00 0.0000000000000000e+00
130 2.6956787065389285e-03 5.0614214551264816e-05 -5.0690676702208936e-03 -2.1396943557220990e-02 0.0000000000000000e+00 0.0000000000000000e+00 0.0000000000000000e+00 0.0000000000000000e+00
131 2.5944696192262717e-03 3.6412829179956951e-03 5.7498686023435951e-03 -2.5147495991140030e-02 0.0000000000000000e+00 0.0000000000000000e+00 0.0000000000000000e+00 0.0000000000000000e+00
132 3.2617862916269826e-03 4.1873768106964644e-03 -1.8761508922513360e-04 -1.3187240575257941e-02 0.0000000000000000e+00 0.0000000000000000e+00 0.0000000000000000e+00 0.0000000000000000e+00
133 4.4131825119784085e-02 -3.4981375952542353e-02 -2.3996319865897286e-01 -9.9992863269247195e-04 0.0000000000000000e+00 0.0000000000000000e+00 0.0000000000000000e+00 0.0000000000000000e+00
134 5.3403273148570464e-03 3.9348923605898693e-03 -3.6419210964925039e-03 -9.1795120098207839e-03 0.0000000000000000e+00 0.0000000000000000e+00 0.0000000000000000e+00 0.0000000000000000e+00
135 4.7177453329078434e-03 2.1524079301368996e-03 -2.5683869647118254e-03 -6.1493040682201157e-03 0.0000000000000000e+00 0.0000000000000000e+00 0.0000000000000000e+00 0.0000000000000000e+00
136 4.6742162422756840e-02 -3.1189553289885943e-02 1.9630250817680739e-01 3.6333912880466362e-02 0.0000000000000000e+00 0.0000000000000000e+00 0.0000000000000000e+00 0.0000000000000000e+00
137 3.3042966263316847e-02 -7.9481877600277528e-02 3.8878387455550258e-02 -2.1918768771797957e-02 0.0000000000000000e+00 0.0000000000000000e+00 0.0000000000000000e+00 0.0000000000000000e+00
138 2.3455058019943718e-02 -1.4388526317507470e-02 4.3473994766285322e-02 -2.9588290633007237e-03 0.0000000000000000e+00 0.0000000000000000e+00 0.0000000000000000e+00 0.0000000000000000e+00
139 -4.4617067976303784e-02 4.8382968274120385e-02 -9.8600606012434533e-02 -1.5546005482231579e-01 0.0000000000000000e+00 0.0000000000000000e+00 0.0000000000000000e+00 0.0000000000000000e+00
140 -4.1359361810740639e-02 -1.3845567765953578e-02 -7.0657775960821553e-02 -6.1688885333348625e-02 0.0000000000000000e+00 0.0000000000000000e+00 0.0000000000000000e+00 0.0000000000000000e+00
141 -3.0915675114468577e-02 1.2405568453642378e-02 -4.5555517383853140e-02 -6.7332341912142255e-02 0.0000000000000000e+00 0.0000000000000000e+00 0.0000000000000000e+00 0.0000000000000000e+00
142 5.2769897381505330e-03 8.4430132405179451e-03 -8.0959750997944106e-03 1.5867851654513584e-03 0.0000000000000000e+00 0.0000000000000000e+00 0.0000000000000000e+00 0.0000000000000000e+00
143 2.8280393232514656e-03 8.5608056934649932e-03 -2.0965628239069728e-03 -9.9816448870151573e-05 0.0000000000000000e+00 0.0000000000000000e+00 0.0000000000000000e+00 0.0000000000000000e+00
144 3.3091084048517409e-03 2.5410452593966383e-03 -5.9260528292703993e-04 -5.0812665441256838e-03 0.0000000000000000e+00 0.0000000000000000e+00 0.0000000000000000e+00 0.0000000000000000e+00
145 1.8100485897199613e-02 -1.2969482717817293e-02 2.7137974946897292e-02 -4.5744999759515332e-03 0.0000000000000000e+00 0.0000000000000000e+00 0.0000000000000000e+00 0.0000000000000000e+00
146 1.9315438313652140e-02 -2.2446204476483673e-02 2.0711959716680491e-02 -4.2850007284860698e-03 0.0000000000000000e+00 0.0000000000000000e+00 0.0000000000000000e+00 0.0000000000000000e+00
147 2.5726147795655456e-02 -2.9651695726579906e-02 4.2352389902547818e-02 -1.6844740074557364e-03 0.0000000000000000e+00 0.0000000000000000e+00 0.0000000000000000e+00 0.0000000000000000e+00
148 -7.4216257030584362e-02 -6.8889663883480473e-02 4.9050803967049961e-01 1.0760039230304122e-01 0.0000000000000000e+00 0.0000000000000000e+00 0.0000000000000000e+00 0.0000000000000000e+00
149 -2.4218295683998463e-02 2.2026352444225128e-02 1.3233729450627524e-01 1.8399486217700003e-02 0.0000000000000000e+00 0.0000000000000000e+00 0.0000000000000000e+00 0.0000000000000000e+00
150 -1.3470225459074310e-02 -8.2432443922659943e-03 -9.9886285995162191e-03 -6.0183409151426523e-03 0.0000000000000000e+00 0.0000000000000000e+00 0.0000000000000000e+00 0.0000000000000000e+00
151 -1.1092151804427245e-02 1.0010074839477922e-02 -1.6729261155899514e-02 -2.9055091610276699e-02 0.0000000000000000e+00 0.0000000000000000e+00 0.0000000000000000e+00 0.0000000000000000e+00
152 1.3313785662666963e-02 -1.3000611374776755e-02 -1.0035738903730326e-02 -7.4139906948956988e-03 0.0000000000000000e+00 0.0000000000000000e+00 0.0000000000000000e+00 0.0000000000000000e+00
153 1.7906915379090508e-02 -2.5541815781248960e-02 -6.2214702541724112e-03 -7.3709550692731421e-03 0.0000000000000000e+00 0.0000000000000000e+00 0.0000000000000000e+00 0.0000000000000000e+00
154 1.3884866620808414e-02 -1.6174663827670376e-02 -3.5893865790260558e-03 -5.6634054694207564e-03 0.0000000000000000e+00 0.0000000000000000e+00 0.0000000000000000e+00 0.0000000000000000e+00
155 3.4841402976289256e-03 1.5621714490005701e-02 1.9238080989807443e-03 -2.1939553043502438e-02 0.0000000000000000e+00 0.0000000000000000e+00 0.0000000000000000e+00 0.0000000000000000e+00
156 -2.8835951602760065e-03 2.1764976250161022e-02 4.6699129130152596e-02 -5.0502766839564471e-02 0.0000000000000000e+00 0.0000000000000000e+00 0.0000000000000000e+00 0.0000000000000000e+00
157 -1.5129348764350626e-03 5.6331575809309614e-02 1.1734462261483732e-02 -3.6511083882270812e-02 0.0000000000000000e+00 0.0000000000000000e+00 0.0000000000000000e+00 0.0000000000000000e+00
158 -5.6497961995765874e-04 2.4631053215096667e-03 1.9209129171334619e-03 -7.8411316894855037e-04 0.0000000000000000e+00 0.0000000000000000e+00 0.0000000000000000e+00 0.0000000000000000e+00
159 -1.1826162102288942e-03 2.8750303418948455e-03 3.1160774339888666e-03 -9.7523404735938058e-04 0.0000000000000000e+00 0.0000000000000000e+00 0.0000000000000000e+00 0.0000000000000000e+00
160 -3.9678201848342018e-04 3.6847505291865085e-03 2.2879404852918853e-03 -8.8230929786293111e-04 0.0000000000000000e+00 0.0000000000000000e+00 0.0000000000000000e+00 0.0000000000000000e+00
161 5.4477710242846235e-03 -5.9423722643197978e-04 5.6261031974316244e-03 -3.1089536152189940e-03 0.0000000000000000e+00 0.0000000000000000e+00 0.0000000000000000e+00 0.0000000000000000e+00
162 -1.0174141734304663e-02 7.3718546967465283e-03 -1.2984831185582130e-02 -2.0596099963554382e-02 0.0000000000000000e+00 0.0000000000000000e+00 0.0000000000000000e+00 0.0000000000000000e+00
163 -7.9080948596644326e-03 6.5020484058708940e-03 -9.3479156007908615e-03 -1.3877395878838258e-02 0.0000000000000000e+00 0.0000000000000000e+00 0.0000000000000000e+00 0.0000000000000000e+00
164 2.7297965497707858e-03 1.6306901512671776e-03 3.5295452004115347e-04 -2.7433916251719970e-03 0.0000000000000000e+00 0.0000000000000000e+00 0.0000000000000000e+00 0.0000000000000000e+00
165 2.2946215806887750e-03 1.7804860868524054e-03 1.6287606157258112e-03 -2.5020357879790987e-03 0.0000000000000000e+00 0.0000000000000000e+00 0.0000000000000000e+00 0.0000000000000000e+00
166 2.1845875027659595e-03 3.4646771144177303e-03 1.8006939906782230e-03 -4.2318056692015197e-03 0.0000000000000000e+00 0.0000000000000000e+00 0.0000000000000000e+00 0.0000000000000000e+00
167 -3.6897678011768298e-02 -4.5434936072889016e-02 -3.2188405652985017e-02 -2.2535996125671389e-02 0.0000000000000000e+00 0.0000000000000000e+00 0.0000000000000000e+00 0.0000000000000000e+00
168 -4.7708574677099824e-02 -5.1117364746956141e-02 -6.5848767745213491e-02 -4.4677349566225731e-02 0.0000000000000000e+00 0.0000000000000000e+00 0.0000000000000000e+00 0.0000000000000000e+00
169 -2.2975086427380982e-03 -2.4045856791959547e-02 2.6793066419910666e-01 -3.1966819728052404e-01 0.0000000000000000e+00 0.0000000000000000e+00 0.0000000000000000e+00 0.0000000000000000e+00
170 -2.6233515144187106e-02 5.2434789150280235e-02 -9.7029133392649621e-03 -1.3688893673220270e-01 0.0000000000000000e+00 0.0000000000000000e+00 0.0000000000000000e+00 0.0000000000000000e+00
171 -2.1619229881796969e-02 8.6787123064705641e-03 -1.1026225099863285e-02 -8.4149965504601187e-02 0.0000000000000000e+00 0.0000000000000000e+00 0.0000000000000000e+00 0.0000000000000000e+00
172 1.0676165641356765e-03 -2.2908009487967963e-03 7.6848021017376401e-03 7.2572990727838083e-04 0.0000000000000000e+00 0.0000000000000000e+00 0.0000000000000000e+00 0.0000000000000000e+00
173 2.4231734114030178e-03 5.0900555052787802e-03 -4.5749818171356941e-04 -1.0719466124072466e-02 0.0000000000000000e+00 0.0000000000000000e+00 0.0000000000000000e+00 0.0000000000000000e+00
174 3.8530804346235746e-03 7.8737213854197623e-03 7.9534989127135851e-03 -9.2868681574148713e-03 0.0000000000000000e+00 0.0000000000000000e+00 0.0000000000000000e+00 0.0000000000000000e+00
175 4.8718868317742360e-03 3.6396078858367243e-03 7.6617493766197838e-03 -6.0659039632779063e-03 0.0000000000000000e+00 0.0000000000000000e+00 0.0000000000000000e+00 0.0000000000000000e+00
176 -3.7648294857325387e-03 2.4624797075255369e-03 7.8169704810022861e-03 -1.6773652974402225e-03 0.0000000000000000e+00 0.0000000000000000e+00 0.0000000000000000e+00 0.0000000000000000e+00
177 -4.1229333773611489e-03 4.7494839591238121e-03 1.0924290752969518e-02 -2.0555832970739567e-03 0.0000000000000000e+00 0.0000000000000000e+00 0.0000000000000000e+00 0.0000000000000000e+00
178 4.0716690517407341e-03 6.4279508934063333e-03 -4.5449790918903048e-04 -1.4208106649388697e-02 0.0000000000000000e+00 0.0000000000000000e+00 0.0000000000000000e+00 0.0000000000000000e+00
179 1.2013317386175388e-02 1.2737902686127874e-02 -3.0000264757534544e-02 8.9738255659384258e-03 0.0000000000000000e+00 0.0000000000000000e+00 0.0000000000000000e+00 0.0000000000000000e+00
180 6.8487150716647575e-03 1.1506909514569083e-03 -1.3564518228134561e-02 5.0128397297765047e-03 0.0000000000000000e+00 0.0000000000000000e+00 0.0000000000000000e+00 0.0000000000000000e+00
181 7.7873927211662324e-03 1.0018016290729643e-02 -1.5269787986911049e-02 3.9759438307452270e-03 0.0000000000000000e+00 0.0000000000000000e+00 0.0000000000000000e+00 0.0000000000000000e+00
182 4.9898276482196330e-03 7.7743586057153714e-03 -2.9099655372312500e-03 -1.3738745996734764e-02 0.0000000000000000e+00 0.0000000000000000e+00 0.0000000000000000e+00 0.0000000000000000e+00
183 1.8563750686220917e-02 -1.0295289425944957e-02 4.8885087234214725e-02 -1.8662347797080543e-02 0.0000000000000000e+00 0.0000000000000000e+00 0.0000000000000000e+00 0.0000000000000000e+00
184 9.1517514502660602e-03 2.6548973238736895e-02 4.4269855920985868e-02 -3.3493397336767629e-02 0.0000000000000000e+00 0.0000000000000000e+00 0.0000000000000000e+00 0.0000000000000000e+00
185 1.0158555446863707e-02 7.2912872933095898e-03 2.5388340135708540e-02 -1.4558375758361320e-02 0.0000000000000000e+00 0.0000000000000000e+00 0.0000000000000000e+00 0.0000000000000000e+00
186 1.2357864824164972e-03 1.3990722751652807e-02 4.7553436573959324e-03 -1.4416270566597559e-02 0.0000000000000000e+00 0.0000000000000000e+00 0.0000000000000000e+00 0.0000000000000000e+00
187 3.0906109157455446e-03 1.2385613683614375e-03 -5.0351506558382153e-04 -2.6425043383436833e-03 0.0000000000000000e+00 0.0000000000000000e+00 0.0000000000000000e+00 0.0000000000000000e+00
188 2.9485753869774823e-03 2.2596479150222924e-03 1.0642342309827020e-05 -3.9005092159465457e-03 0.0000000000000000e+00 0.0000000000000000e+00 0.0000000000000000e+00 0.0000000000000000e+00
189 3.4141722673834999e-03 1.5470861590233817e-03 -8.8227255239647841e-04 -3.4967350171333997e-03 0.0000000000000000e+00 0.0000000000000000e+00 0.0000000000000000e+00 0.0000000000000000e+00
190 9.7736800008902738e-03 1.4946918936645306e-03 1.7071161255978851e-02 -8.1491253608035920e-03 0.0000000000000000e+00 0.0000000000000000e+00 0.0000000000000000e+00 0.0000000000000000e+00
191 5.3086944821600784e-03 -6.9291246677450008e-03 -5.1610677008156143e-02 -3.0373798321439233e-02 0.0000000000000000e+00 0.0000000000000000e+00 0.0000000000000000e+00 0.0000000000000000e+00
192 2.5992244038356149e-02 -4.9638763879200340e-02 3.9759102340041954e-03 -7.1522575386532032e-03 0.0000000000000000e+00 0.0000000000000000e+00 0.0000000000000000e+00 0.0000000000000000e+00
193 2.3379236706048280e-02 -3.9491038891079230e-02 -2.3901028113018270e-02 -1.1128584629524771e-02 0.0000000000000000e+00 0.0000000000000000e+00 0.0000000000000000e+00 0.0000000000000000e+00
194 -5.4666293567455764e-03 2.5813366297242596e-02 3.8594336952209173e-02 -4.5826915062797255e-03 0.0000000000000000e+00 0.0000000000000000e+00 0.0000000000000000e+00 0.0000000000000000e+00
195 -4.1468352669473733e-02 -6.3887093166345110e-02 -1.8750228553519668e-02 -1.9895349128095610e-02 0.0000000000000000e+00 0.0000000000000000e+00 0.0000000000000000e+00 0.0000000000000000e+00
196 -1.0360140713472530e-02 3.2402558830255468e-03 -1.1296277246966167e-02 -1.2125812405956943e-02 0.0000000000000000e+00 0.0000000000000000e+00 0.0000000000000000e+00 0.0000000000000000e+00
197 -9.3369814565071561e-03 4.9190485955883760e-03 -1.0556452268764815e-02 -1.3446940491035392e-02 0.0000000000000000e+00 0.0000000000000000e+00 0.0000000000000000e+00 0.0000000000000000e+00
198 -1.2301825631059280e-02 4.5203121662478916e-03 -1.4118232633086427e-02 -1.8435630645381413e-02 0.0000000000000000e+00 0.0000000000000000e+00 0.0000000000000000e+00 0.0000000000000000e+00
199 -1.6560191102592665e-02 -2.6840919928613079e-03 -1.8469314740882023e-02 -1.4722355405324265e-02 0.0000000000000000e+00 0.0000000000000000e+00 0.0000000000000000e+00 0.0000000000000000e+00
200 -2.1020591605345498e-02 -4.3706968960999177e-03 -2.5461262907041086e-02 -2.1283020049005293e-02 0.0000000000000000e+00 0.0000000000000000e+00 0.0000000000000000e+00 0.0000000000000000e+00
201 -2.4772696193658048e-02 -1.3002419814971572e-02 -2.9204880669592446e-02 -2.0712939263586267e-02 0.0000000000000000e+00 0.0000000000000000e+00 0.0000000000000000e+00 0.0000000000000000e+00
202 -2.3129125181521132e-02 1.1097046624607249e-02 -2.4875534925038023e-02 -5.7309928415103413e-02 0.0000000000000000e+00 0.0000000000000000e+00 0.0000000000000000e+00 0.0000000000000000e+00
203 -1.8042953261676847e-02 4.1622557220589605e-03 -2.1033368766392273e-02 -2.9236766916090610e-02 0.0000000000000000e+00 0.0000000000000000e+00 0.0000000000000000e+00 0.0000000000000000e+00
204 -1.8066920765876709e-02 6.0246919946399082e-03 -1.9482967358608501e-02 -4.2917342923536425e-02 0.0000000000000000e+00 0.0000000000000000e+00 0.0000000000000000e+00 0.0000000000000000e+00
205 2.9946890729046563e-03 3.0528129202888176e-03 -3.1794940463784494e-03 1.6144698787722960e-04 0.0000000000000000e+00 0.0000000000000000e+00 0.0000000000000000e+00 0.0000000000000000e+00
206 2.0191169784612079e-02 -6.0316257921989311e-03 -6.9768116412780370e-02 -1.7982545301293815e-02 0.0000000000000000e+00 0.0000000000000000e+00 0.0000000000000000e+00 0.0000000000000000e+00
207 -1.0941713852601958e-02 1.3877102777506262e-03 -1.1534564092487829e-02 -1.0293506859789988e-02 0.0000000000000000e+00 0.0000000000000000e+00 0.0000000000000000e+00 0.0000000000000000e+00
208 -1.3916240422735975e-02 2.6633118278711824e-03 -1.5749227669829762e-02 -1.7422923877946420e-02 0.0000000000000000e+00 0.0000000000000000e+00 0.0000000000000000e+00 0.0000000000000000e+00
209 2.6930659033381252e-02 -9.9798229113600614e-03 1.4921382902517613e-01 -7.3377714397436691e-02 0.0000000000000000e+00 0.0000000000000000e+00 0.0000000000000000e+00 0.0000000000000000e+00
210 1.8442253624169982e-02 -1.6979133662172241e-02 -7.3294558017525824e-02 3.2670431772331782e-02 0.0000000000000000e+00 0.0000000000000000e+00 0.0000000000000000e+00 0.0000000000000000e+00
211 -2.0056433401920279e-03 5.3173871334647330e-03 6.3844343816978500e-03 -1.4584787577148393e-03 0.0000000000000000e+00 0.0000000000000000e+00 0.0000000000000000e+00 0.0000000000000000e+00
212 -1.6786684277870661e-03 8.5953628145531320e-03 8.0528371641013750e-03 -1.6621204181637796e-03 0.0000000000000000e+00 0.0000000000000000e+00 0.0000000000000000e+00 0.0000000000000000e+00
213 -2.9511221595510950e-02 -3.8047091474646383e-02 -1.3725594947748410e-02 -1.3254105817583500e-02 0.0000000000000000e+00 0.0000000000000000e+00 0.0000000000000000e+00 0.0000000000000000e+00
214 4.6678574952653679e-03 -7.3093119574989414e-04 4.1894770638093029e-03 -2.3535141531545681e-03 0.0000000000000000e+00 0.0000000000000000e+00 0.0000000000000000e+00 0.0000000000000000e+00
215 -1.5391168869806744e-02 -7.3639067477552079e-04 4.7327513272249065e-02 -4.2857370370300582e-03 0.0000000000000000e+00 0.0000000000000000e+00 0.0000000000000000e+00 0.0000000000000000e+00
216 -1.5446245852211177e-02 4.8636073343375757e-03 -1.7764035379215896e-02 -2.6877508326934810e-02 0.0000000000000000e+00 0.0000000000000000e+00 0.0000000000000000e+00 0.0000000000000000e+00
217 4.3688715554148728e-03 3.0815280588564094e-03 -6.2160875201714349e-03 1.3662013320112824e-03 0.0000000000000000e+00 0.0000000000000000e+00 0.0000000000000000e+00 0.0000000000000000e+00
218 2.4684057748886365e-02 -3.9050432663955546e-02 2.3621157371729533e-02 -4.4058866335025980e-03 0.0000000000000000e+00 0.0000000000000000e+00 0.0000000000000000e+00 0.0000000000000000e+00
219 -2.1813855716396710e-03 3.0355529708491129e-03 5.0114277808724393e-03 -1.2605949024149501e-03 0.0000000000000000e+00 0.0000000000000000e+00 0.0000000000000000e+00 0.0000000000000000e+00
220 4.6396557004746569e-03 9.1083951878489079e-04 -2.4890253185590682e-03 -4.1528446318216837e-03 0.0000000000000000e+00 0.0000000000000000e+00 0.0000000000000000e+00 0.0000000000000000e+00
221 1.5595603268840061e-04 3.2985890677146410e-03 1.2501489641648942e-03 -7.3360620603265300e-04 0.0000000000000000e+00 0.0000000000000000e+00 0.0000000000000000e+00 0.0000000000000000e+00
222 5.0768353252263814e-03 -6.2338860127363565e-05 -2.9301830713734335e-03 -3.5379480618906857e-03 0.0000000000000000e+00 0.0000000000000000e+00 0.0000000000000000e+00 0.0000000000000000e+00
223 5.3927728709829417e-03 1.0958182272897540e-03 -3.5311567318696085e-03 -5.3948164183522966e-03 0.0000000000000000e+00 0.0000000000000000e+00 0.0000000000000000e+00 0.0000000000000000e+00
224 -4.0503794372340633e-02 1.0787390405407600e-01 -2.1193026965127515e-01 -1.0551452656726953e-01 0.0000000000000000e+00 0.0000000000000000e+00 0.0000000000000000e+00 0.0000000000000000e+00
225 -6.0122987301487504e-02 2.5586138451949003e-01 3.0641913257674019e-01 6.5394370741677504e-03 0.0000000000000000e+00 0.0000000000000000e+00 0.0000000000000000e+00 0.0000000000000000e+00
226 1.1020163782032603e-02 1.9662107033179407e-01 -3.2761731757344392e-01 -1.4442921540029054e-02 0.0000000000000000e+00 0.0000000000000000e+00 0.0000000000000000e+00 0.0000000000000000e+00
227 2.6644730764737740e-03 3.8581030089274849e-03 3.7099056385138786e-04 -6.2564762338164987e-03 0.0000000000000000e+00 0.0000000000000000e+00 0.0000000000000000e+00 0.0000000000000000e+00
228 -2.8421602419170050e-02 -6.9237430357184581e-03 -3.9381959400543287e-02 -3.4642768591279530e-02 0.0000000000000000e+00 0.0000000000000000e+00 0.0000000000000000e+00 0.0000000000000000e+00
229 -2.8512314823673359e-02 -2.5524818026916463e-02 -2.8695034527433015e-02 -1.8863770284997330e-02 0.0000000000000000e+00 0.0000000000000000e+00 0.0000000000000000e+00 0.0000000000000000e+00
230 5.0655008898457650e-02 -1.5546651148757712e-01 -3.9807204295415760e-01 1.8478125073905582e-01 0.0000000000000000e+00 0.0000000000000000e+00 0.0000000000000000e+00 0.0000000000000000e+00
231 -2.2506249639371097e-02 -1.3799651275546637e-02 -2.1130936615417720e-02 -1.0798734795719483e-01 0.0000000000000000e+00 0.0000000000000000e+00 0.0000000000000000e+00 0.0000000000000000e+00
232 -1.2479455155328934e-02 2.9525395264703302e-01 -1.2907398186989225e-01 -8.0731035096828340e-03 0.0000000000000000e+00 0.0000000000000000e+00 0.0000000000000000e+00 0.0000000000000000e+00
233 -2.1686657293069483e-02 -2.3971553454531051e-02 -9.4518529300067437e-03 -8.7676303152312979e-03 0.0000000000000000e+00 0.0000000000000000e+00 0.0000000000000000e+00 0.0000000000000000e+00
234 -2.5597629355803155e-02 -2.7083536254169770e-02 -1.8086974566085188e-02 -1.2874978825883567e-02 0.0000000000000000e+00 0.0000000000000000e+00 0.0000000000000000e+00 0.0000000000000000e+00
235 4.3045696379546937e-02 -3.0386596747450956e-01 -2.5430725670999293e-01 -1.4506553541913889e-01 0.0000000000000000e+00 0.0000000000000000e+00 0.0000000000000000e+00 0.0000000000000000e+00
236 5.3479942427001933e-03 -4.7257702896315118e-02 -2.1754492036635590e-03 -5.4891146657212245e-02 0.0000000000000000e+00 0.0000000000000000e+00 0.0000000000000000e+00 0.0000000000000000e+00
237 -8.2378682507602092e-04 4.6248603806037262e-03 3.5462525762909695e-03 -1.0696901214029735e-03 0.0000000000000000e+00 0.0000000000000000e+00 0.0000000000000000e+00 0.0000000000000000e+00
238 4.0740974786807646e-04 4.8655890554451710e-03 1.4665415931595098e-03 -7.8693667080416321e-04 0.0000000000000000e+00 0.0000000000000000e+00 0.0000000000000000e+00 0.0000000000000000e+00
239 4.4367841563070646e-03 5.1605940967099789e-05 -2.2357064475091153e-03 -2.7927608206931363e-03 0.0000000000000000e+00 0.0000000000000000e+00 0.0000000000000000e+00 0.0000000000000000e+00
240 -7.3883553037076180e-02 -1.1524087770884861e-01 -1.0649551919978541e-01 -7.0047014813335279e-02 0.0000000000000000e+00 0.0000000000000000e+00 0.0000000000000000e+00 0.0000000000000000e+00
241 -1.2720868467285368e-02 -4.2186882673908611e-03 -1.1765574549445545e-02 -7.4901382067442332e-03 0.0000000000000000e+00 0.0000000000000000e+00 0.0000000000000000e+00 0.0000000000000000e+00
242 -1.5727537688505943e-02 3.2593237167114558e-01 4.8395756558385974e-03 -4.6063241579718800e-01 0.0000000000000000e+00 0.0000000000000000e+00 0.0000000000000000e+00 0.0000000000000000e+00
243 1.5066508530218931e-02 -4.2844822754344878e-03 2.7508623831569965e-02 -8.2060602879156525e-03 0.0000000000000000e+00 0.0000000000000000e+00 0.0000000000000000e+00 0.0000000000000000e+00
244 6.1224403021830709e-03 2.0841639697950071e-02 -1.2120335594633609e-02 -2.0468873973860331e-02 0.0000000000000000e+00 0.0000000000000000e+00 0.0000000000000000e+00 0.0000000000000000e+00
245 -2.2938159510033810e-02 2.2165647561296015e-03 -2.9314972345559864e-02 -3.4397587097516870e-02 0.0000000000000000e+00 0.0000000000000000e+00 0.0000000000000000e+00 0.0000000000000000e+00
246 5.9284756833898333e-03 -4.8386820010021053e-04 -3.9413022763222193e-03 -4.3288830918212411e-03 0.0000000000000000e+00 0.0000000000000000e+00 0.0000000000000000e+00 0.0000000000000000e+00
247 6.4742943277260462e-03 1.1149614500160787e-03 -5.3639319271873726e-03 -6.8634292931163124e-03 0.0000000000000000e+00 0.0000000000000000e+00 0.0000000000000000e+00 0.0000000000000000e+00
248 -3.3865991712220572e-02 -2.3659509404225239e-02 -4.4673406544573635e-02 -3.1739549772777445e-02 0.0000000000000000e+00 0.0000000000000000e+00 0.0000000000000000e+00 0.0000000000000000e+00
249 -2.1992325847271104e-02 -2.6506878291979116e-02 2.5846596653882323e-02 -5.8839328215142791e-03 0.0000000000000000e+00 0.0000000000000000e+00 0.0000000000000000e+00 0.0000000000000000e+00
250 1.5204094311869248e-03 3.3941507212373722e-03 4.1315835090653188e-03 -3.1678225518392755e-03 0.0000000000000000e+00 0.0000000000000000e+00 0.0000000000000000e+00 0.0000000000000000e+00
251 2.2518812991536314e-03 7.4619259773386223e-02 -3.3746292566956937e-02 -3.0154891316901560e-02 0.0000000000000000e+00 0.0000000000000000e+00 0.0000000000000000e+00 0.0000000000000000e+00
252 -6.4375874971526803e-02 -1.3613543632443439e-01 1.0438406572804601e-01 1.6596085648875422e-02 0.0000000000000000e+00 0.0000000000000000e+00 0.0000000000000000e+00 0.0000000000000000e+00
253 6.4254104160948629e-03 8.1941647532234509e-03 1.3983828973175239e-02 -1.1152544544061919e-02 0.0000000000000000e+00 0.0000000000000000e+00 0.0000000000000000e+00 0.0000000000000000e+00
254 3.9220004131891896e-03 1.1957537812855865e-02 1.0056788594663737e-02 -1.3032376088515069e-02 0.0000000000000000e+00 0.0000000000000000e+00 0.0000000000000000e+00 0.0000000000000000e+00
255 -3.9985316678920267e-02 -5.4489490711948405e-02 1.3354989410777476e-01 1.1428937864843077e-02 0.0000000000000000e+00 0.0000000000000000e+00 0.0000000000000000e+00 0.0000000000000000e+00
256 -3.7552814997418263e-02 -5.7489115606923352e-02 6.6814540390553873e-02 -3.5188346963994552e-03 0.0000000000000000e+00 0.0000000000000000e+00 0.0000000000000000e+00 0.0000000000000000e+00
257 2.7170654210291628e-03 3.3309542360059536e-03 4.0329430048507689e-03 -4.4127007168788422e-03 0.0000000000000000e+00 0.0000000000000000e+00 0.0000000000000000e+00 0.0000000000000000e+00
258 4.9853726935020883e-03 4.3294858124093887e-02 1.3926210205572345e-02 -3.5315165447975566e-03 0.0000000000000000e+00 0.0000000000000000e+00 0.0000000000000000e+00 0.0000000000000000e+00
259 3.9402165704811856e-03 5.0895862159146857e-05 -1.7672853087082746e-03 -2.1685079869745850e-03 0.0000000000000000e+00 0.0000000000000000e+00 0.0000000000000000e+00 0.0000000000000000e+00
260 -4.0027612085640268e-03 8.7042150757299930e-03 -4.5884670348924480e-03 -1.1704230310473140e-02 0.0000000000000000e+00 0.0000000000000000e+00 0.0000000000000000e+00 0.0000000000000000e+00
261 -1.8380146252018523e-03 8.4174067555464280e-03 -1.3943691598209357e-03 -9.6662508761311394e-03 0.0000000000000000e+00 0.0000000000000000e+00 0.0000000000000000e+00 0.0000000000000000e+00
262 5.3003459246908321e-04 8.1632028055794708e-03 2.7176446000343494e-03 -9.4850635690972161e-04 0.0000000000000000e+00 0.0000000000000000e+00 0.0000000000000000e+00 0.0000000000000000e+00
263 1.0215654753262526e-02 -8.5710155500217915e-03 5.7130791792686869e-03 -3.2630229795037264e-03 0.0000000000000000e+00 0.0000000000000000e+00 0.0000000000000000e+00 0.0000000000000000e+00
264 3.3456378474067397e-03 8.0107463501956095e-04 -1.0371032168962353e-03 -2.3573907749083107e-03 0.0000000000000000e+00 0.0000000000000000e+00 0.0000000000000000e+00 0.0000000000000000e+00
265 -3.1120702717183667e-02 -4.7113975610379187e-02 1.1229996815264858e-02 -9.9843930114001216e-03 0.0000000000000000e+00 0.0000000000000000e+00 0.0000000000000000e+00 0.0000000000000000e+00
266 -2.3617099091063985e-02 -3.1192603382259723e-02 3.4628815423024127e-03 -7.7840656313833351e-03 0.0000000000000000e+00 0.0000000000000000e+00 0.0000000000000000e+00 0.0000000000000000e+00
267 -3.1771873526794149e-02 -4.6522351952912482e-02 -2.7029042946136324e-03 -1.2129515741188979e-02 0.0000000000000000e+00 0.0000000000000000e+00 0.0000000000000000e+00 0.0000000000000000e+00
268 -3.6361659806985691e-02 -3.5948550740788919e-02 -4.1796111929326182e-02 -2.7915392254068434e-02 0.0000000000000000e+00 0.0000000000000000e+00 0.0000000000000000e+00 0.0000000000000000e+00
269 3.4812580094795019e-03 1.3829513109733660e-02 -1.7854935231121237e-03 -1.1920603387323482e-04 0.0000000000000000e+00 0.0000000000000000e+00 0.0000000000000000e+00 0.0000000000000000e+00
270 -1.3732592891241329e-02 6.2257517857483872e-03 -1.6925250228386032e-02 -2.9198808910245681e-02 0.0000000000000000e+00 0.0000000000000000e+00 0.0000000000000000e+00 0.0000000000000000e+00
271 -1.8411745409476269e-02 3.8024802773618089e-03 -2.0235314822384678e-02 -5.6080353548757525e-02 0.0000000000000000e+00 0.0000000000000000e+00 0.0000000000000000e+00 0.0000000000000000e+00
272 -6.6964514088597655e-03 1.7843195381880636e-01 4.3839998816087862e-02 -9.5036426337624422e-02 0.0000000000000000e+00 0.0000000000000000e+00 0.0000000000000000e+00 0.0000000000000000e+00
273 -8.0621206915959239e-04 1.0864047488244823e-02 3.0612506509673830e-04 -1.1902047342077365e-02 0.0000000000000000e+00 0.0000000000000000e+00 0.0000000000000000e+00 0.0000000000000000e+00
274 -1.7610931762290758e-02 4.3259001991448857e-04 -2.0712857718723925e-02 -2.0648024507756213e-02 0.0000000000000000e+00 0.0000000000000000e+00 0.0000000000000000e+00 0.0000000000000000e+00
275 6.7481485861853987e-03 3.2804113789635624e-03 1.1150870070099839e-02 -7.1271964731148500e-03 0.0000000000000000e+00 0.0000000000000000e+00 0.0000000000000000e+00 0.0000000000000000e+00
276 3.5101912278470244e-03 9.0609810768863919e-04 -3.8595153872688524e-03 7.2231810231449553e-04 0.0000000000000000e+00 0.0000000000000000e+00 0.0000000000000000e+00 0.0000000000000000e+00
277 -2.4763829652824424e-02 -3.3484237681255115e-02 1.9608342408471573e-02 -7.0151880430480863e-03 0.0000000000000000e+00 0.0000000000000000e+00 0.0000000000000000e+00 0.0000000000000000e+00
278 1.1463712610401518e-02 -1.1224298023681691e-02 -3.8362263549237344e-03 -4.8476136607376969e-03 0.0000000000000000e+00 0.0000000000000000e+00 0.0000000000000000e+00 0.0000000000000000e+00
279 1.0158147998230197e-02 -7.6986124656202781e-03 -6.2284400878557375e-03 -5.3122606819366513e-03 0.0000000000000000e+00 0.0000000000000000e+00 0.0000000000000000e+00 0.0000000000000000e+00
280 -1.3710019714560359e-02 -1.1539771628628692e-02 1.7744785659157256e-02 -3.9143343989729955e-03 0.0000000000000000e+00 0.0000000000000000e+00 0.0000000000000000e+00 0.0000000000000000e+00
281 -6.8830292227065430e-03 -1.3200274067194251e-01 2.6728925794117486e-01 -1.8793431624680104e-01 0.0000000000000000e+00 0.0000000000000000e+00 0.0000000000000000e+00 0.0000000000000000e+00
282 -1.0731688513909276e-02 -2.0187508063859178e-03 -9.9807006915931581e-03 -6.5847959032992306e-03 0.0000000000000000e+00 0.0000000000000000e+00 0.0000000000000000e+00 0.0000000000000000e+00
283 -9.2529540149773951e-03 -3.5514650514284537e-03 -6.9282327212234259e-03 -3.9555045042978711e-03 0.0000000000000000e+00 0.0000000000000000e+00 0.0000000000000000e+00 0.0000000000000000e+00
284 1.1673091653237777e-04 7.0784828581443105e-03 1.3822259951057324e-03 -7.5969135544606903e-03 0.0000000000000000e+00 0.0000000000000000e+00 0.0000000000000000e+00 0.0000000000000000e+00
285 1.0697490389981008e-03 3.9531321132813720e-03 6.9873310292226483e-05 -5.8593107665409121e-04 0.0000000000000000e+00 0.0000000000000000e+00 0.0000000000000000e+00 0.0000000000000000e+00
286 -1.1979047530131781e-01 -2.9700219202980543e-01 1.0892648479572803e-01 9.8475060458763683e-02 0.0000000000000000e+00 0.0000000000000000e+00 0.0000000000000000e+00 0.0000000000000000e+00
287 3.5407324001668758e-03 1.4320263355396801e-05 -1.4486034693009559e-03 -1.6792296810826709e-03 0.0000000000000000e+00 0.0000000000000000e+00 0.0000000000000000e+00 0.0000000000000000e+00
288 3.4926727279880878e-03 3.8134954672272656e-04 -1.3336422945435340e-03 -2.0125004597958728e-03 0.0000000000000000e+00 0.0000000000000000e+00 0.0000000000000000e+00 0.0000000000000000e+00
289 3.7857774559700488e-03 3.9803603816313438e-04 -1.5937817673431992e-03 -2.3730358223914968e-03 0.0000000000000000e+00 0.0000000000000000e+00 0.0000000000000000e+00 0.0000000000000000e+00
290 1.4801837118331392e-02 -1.8299755433147061e-02 1.0010829066308029e-03 -5.1417646714363233e-03 0.0000000000000000e+00 0.0000000000000000e+00 0.0000000000000000e+00 0.0000000000000000e+00
291 -2.5133708819214718e-02 -2.0167314606531168e-02 6.9163198943642396e-02 -3.0988025372735285e-03 0.0000000000000000e+00 0.0000000000000000e+00 0.0000000000000000e+00 0.0000000000000000e+00
292 3.3498195982543102e-03 1.7990117652769105e-03 4.1525609900756105e-03 -3.3803270691913278e-03 0.0000000000000000e+00 0.0000000000000000e+00 0.0000000000000000e+00 0.0000000000000000e+00
293 -2.1720427067224057e-02 -2.7970565615765188e-02 1.1485885327450870e-02 -6.4531186348092415e-03 0.0000000000000000e+00 0.0000000000000000e+00 0.0000000000000000e+00 0.0000000000000000e+00
294 -2.3474642976592745e-02 -2.9304841984562503e-02 -4.3120672356249798e-03 -8.6465567284315006e-03 0.0000000000000000e+00 0.0000000000000000e+00 0.0000000000000000e+00 0.0000000000000000e+00
295 -1.0087274589268414e-02 -3.0446398504372476e-03 -8.4941893293775592e-03 -5.1144873538714357e-03 0.0000000000000000e+00 0.0000000000000000e+00 0.0000000000000000e+00 0.0000000000000000e+00
296 -4.2377565993431829e-02 3.5964880715546244e-01 1.3314210509894595e-01 -7.1112654433568567e-02 0.0000000000000000e+00 0.0000000000000000e+00 0.0000000000000000e+00 0.0000000000000000e+00
297 1.1940615622807731e-02 -1.2608918976835146e-02 1.3093298163566788e-04 -4.2066710472620705e-03 0.0000000000000000e+00 0.0000000000000000e+00 0.0000000000000000e+00 0.0000000000000000e+00
298 -1.8109157439790458e-02 -2.0441764775351035e-02 1.6745596090067521e-02 -5.0754849065575737e-03 0.0000000000000000e+00 0.0000000000000000e+00 0.0000000000000000e+00 0.0000000000000000e+00
299 -9.1219953015694202e-02 -3.7979716050463819e-01 3.0104578306513408e-01 1.3715118916266564e-01 0.0000000000000000e+00 0.0000000000000000e+00 0.0000000000000000e+00 0.0000000000000000e+00
68 -1.2141518843347718e-02 -1.3195068962234342e-03 3.0510286785803538e-02 -3.9787903716653203e-03 0.0000000000000000e+00 0.0000000000000000e+00 0.0000000000000000e+00 0.0000000000000000e+00
