316 8 BEM3DMeshData
0 2.0039071263440375e-01 7.4624804824647439e-01 -7.1000276861328648e-02 -3.5670251474773096e-17 0.0000000000000000e+00 0.0000000000000000e+00 0.0000000000000000e+00 0.0000000000000000e+00
2 1.4407422452055929e-01 8.4470667726716342e-01 -3.9915346875337487e-02 -1.5720931501039814e-18 0.0000000000000000e+00 0.0000000000000000e+00 0.0000000000000000e+00 0.0000000000000000e+00
3 4.4309850559142411e-02 9.9238170513259039e-01 -3.7646475235705433e-02 -2.1887331357051121e-18 0.0000000000000000e+00 0.0000000000000000e+00 0.0000000000000000e+00 0.0000000000000000e+00
4 5.4985512886990426e-02 9.8427105346738197e-01 -4.7187516579509280e-02 -6.0308745844506184e-19 0.0000000000000000e+00 0.0000000000000000e+00 0.0000000000000000e+00 0.0000000000000000e+00
5 4.7890088775710368e-02 9.8721528362847721e-01 -3.8354291716797211e-02 -2.2361669807513529e-19 0.0000000000000000e+00 0.0000000000000000e+00 0.0000000000000000e+00 0.0000000000000000e+00
6 -2.4357962625209187e-02 1.0742620322942593e+00 3.9952683324445640e-02 -4.5231559383379638e-18 0.0000000000000000e+00 0.0000000000000000e+00 0.0000000000000000e+00 0.0000000000000000e+00
7 -1.0829785814415708e-02 1.0972336173847144e+00 1.9193343885831212e-02 -2.1006417091906648e-18 0.0000000000000000e+00 0.0000000000000000e+00 0.0000000000000000e+00 0.0000000000000000e+00
8 -8.5743672101779318e-03 1.0717958572893398e+00 1.3728295331809581e-02 2.4055735702022130e-19 0.0000000000000000e+00 0.0000000000000000e+00 0.0000000000000000e+00 0.0000000000000000e+00
9 5.4985512886990384e-02 9.8427105346738197e-01 4.7187516579509259e-02 1.0842021724855044e-19 0.0000000000000000e+00 0.0000000000000000e+00 0.0000000000000000e+00 0.0000000000000000e+00
10 5.0640341802472920e-02 9.8229633156855145e-01 3.7646802554422161e-02 1.4094628242311558e-18 0.0000000000000000e+00 0.0000000000000000e+00 0.0000000000000000e+00 0.0000000000000000e+00
11 6.4279374276832890e-02 9.7405249506605585e-01 5.3115854720887624e-02 -1.0842021724855044e-19 0.0000000000000000e+00 0.0000000000000000e+00 0.0000000000000000e+00 0.0000000000000000e+00
12 -2.0039071263440383e-01 7.4624804824647484e-01 -7.1000276861328510e-02 3.4220131069073734e-18 0.0000000000000000e+00 0.0000000000000000e+00 0.0000000000000000e+00 0.0000000000000000e+00
13 -2.4227352436661492e-01 6.9033425720223573e-01 -1.9416200304092704e-01 -9.1316927977591611e-17 0.0000000000000000e+00 0.0000000000000000e+00 0.0000000000000000e+00 0.0000000000000000e+00
14 -2.8026841733277480e-01 5.8284431317525276e-01 -1.3031615326147650e-01 2.7823338251409258e-17 0.0000000000000000e+00 0.0000000000000000e+00 0.0000000000000000e+00 0.0000000000000000e+00
15 1.5024922629152665e-01 8.3221779910238158e-01 2.4318942808389851e-02 -5.1499603193061461e-18 0.0000000000000000e+00 0.0000000000000000e+00 0.0000000000000000e+00 0.0000000000000000e+00
16 2.0434341137266382e-01 7.3225261972581346e-01 -4.2253444112455010e-03 -8.5651971626354850e-18 0.0000000000000000e+00 0.0000000000000000e+00 0.0000000000000000e+00 0.0000000000000000e+00
17 -1.0866550587295033e-01 9.1369181040791114e-01 7.3149562900371126e-02 -6.0850846930748936e-18 0.0000000000000000e+00 0.0000000000000000e+00 0.0000000000000000e+00 0.0000000000000000e+00
18 -9.7528948995477330e-02 9.2049215606796753e-01 4.8085645267338231e-02 -3.8285889215894375e-18 0.0000000000000000e+00 0.0000000000000000e+00 0.0000000000000000e+00 0.0000000000000000e+00
19 -1.2118596686271822e-01 8.8799977230458815e-01 6.1397370243019118e-02 -4.7772658225142539e-18 0.0000000000000000e+00 0.0000000000000000e+00 0.0000000000000000e+00 0.0000000000000000e+00
20 3.2700627145346162e-13 1.0593952278469558e+00 -4.9047824992026062e-13 -2.8121493848842771e-19 0.0000000000000000e+00 0.0000000000000000e+00 0.0000000000000000e+00 0.0000000000000000e+00
21 -1.4507519156116243e-02 1.0553523013589565e+00 2.1424992320756436e-02 -1.7957098481791167e-19 0.0000000000000000e+00 0.0000000000000000e+00 0.0000000000000000e+00 0.0000000000000000e+00
22 -2.7116726583918956e-02 1.0446655657057200e+00 3.8279690648572298e-02 -6.7762635780344027e-21 0.0000000000000000e+00 0.0000000000000000e+00 0.0000000000000000e+00 0.0000000000000000e+00
23 -4.5734429660137292e-02 1.0628964200741602e+00 7.4084668914931054e-02 -4.0217124335634180e-18 0.0000000000000000e+00 0.0000000000000000e+00 0.0000000000000000e+00 0.0000000000000000e+00
24 -7.7343241426169926e-02 9.6080572077827742e-01 -6.4029381482292425e-02 -1.9651164376299768e-18 0.0000000000000000e+00 0.0000000000000000e+00 0.0000000000000000e+00 0.0000000000000000e+00
25 -1.0381678508394820e-01 9.3165153945089196e-01 -8.9328686893955830e-02 -6.4984367713349922e-18 0.0000000000000000e+00 0.0000000000000000e+00 0.0000000000000000e+00 0.0000000000000000e+00
26 -8.9901583762452206e-02 9.4093894523889388e-01 -6.5740951493853145e-02 -8.7447681474533967e-18 0.0000000000000000e+00 0.0000000000000000e+00 0.0000000000000000e+00 0.0000000000000000e+00
27 -8.4082860319614580e-02 1.0415725150468667e+00 -1.3892561070657683e-01 -1.3444106938820255e-17 0.0000000000000000e+00 0.0000000000000000e+00 0.0000000000000000e+00 0.0000000000000000e+00
28 -7.5145717318220631e-02 1.0195059868968142e+00 -1.0883270869466402e-01 -8.7752613335545515e-18 0.0000000000000000e+00 0.0000000000000000e+00 0.0000000000000000e+00 0.0000000000000000e+00
1 1.6606502295145423e-01 8.0431940814646463e-01 -1.9151793230735160e-02 2.1684043449710089e-19 0.0000000000000000e+00 0.0000000000000000e+00 0.0000000000000000e+00 0.0000000000000000e+00
30 -2.1311272852970123e-01 8.7243548497265988e-01 -3.5319324110344258e-01 -5.4454054113084460e-17 0.0000000000000000e+00 0.0000000000000000e+00 0.0000000000000000e+00 0.0000000000000000e+00
31 -3.2840267963156494e-01 7.1153074527731541e-01 -5.7384254690486969e-01 -3.1103049823177908e-17 0.0000000000000000e+00 0.0000000000000000e+00 0.0000000000000000e+00 0.0000000000000000e+00
32 -2.5912351799293909e-01 7.0104841500657278e-01 -3.0524176789650204e-01 -6.2544912825257537e-17 0.0000000000000000e+00 0.0000000000000000e+00 0.0000000000000000e+00 0.0000000000000000e+00
33 -5.0640341802472816e-02 9.8229633156855145e-01 3.7646802554422147e-02 -1.5195771073742148e-18 0.0000000000000000e+00 0.0000000000000000e+00 0.0000000000000000e+00 0.0000000000000000e+00
34 -6.0830322733412448e-02 9.7201339981747814e-01 4.3801019138900069e-02 -1.9193766584782446e-18 0.0000000000000000e+00 0.0000000000000000e+00 0.0000000000000000e+00 0.0000000000000000e+00
35 -6.4279374276832946e-02 9.7405249506605573e-01 5.3115854720887638e-02 -1.8024861117571511e-18 0.0000000000000000e+00 0.0000000000000000e+00 0.0000000000000000e+00 0.0000000000000000e+00
36 6.9938667203496313e-02 1.0040858858217314e+00 8.9313077877364352e-02 2.5478751053409354e-18 0.0000000000000000e+00 0.0000000000000000e+00 0.0000000000000000e+00 0.0000000000000000e+00
37 7.8964014686088921e-02 9.8002151170896956e-01 8.7926965851336636e-02 1.9515639104739080e-18 0.0000000000000000e+00 0.0000000000000000e+00 0.0000000000000000e+00 0.0000000000000000e+00
38 8.6862856183177975e-02 9.8676933072677997e-01 1.0977140555476518e-01 3.2526065174565133e-19 0.0000000000000000e+00 0.0000000000000000e+00 0.0000000000000000e+00 0.0000000000000000e+00
39 4.4309850559142404e-02 9.9238170513259039e-01 3.7646475235705398e-02 1.4365678785432934e-18 0.0000000000000000e+00 0.0000000000000000e+00 0.0000000000000000e+00 0.0000000000000000e+00
40 4.2004335008946174e-02 9.8949829592439653e-01 3.1505061776699893e-02 -3.1170812458958252e-19 0.0000000000000000e+00 0.0000000000000000e+00 0.0000000000000000e+00 0.0000000000000000e+00
41 4.7890088775710396e-02 9.8721528362847721e-01 3.8354291716797190e-02 7.4538899358378430e-19 0.0000000000000000e+00 0.0000000000000000e+00 0.0000000000000000e+00 0.0000000000000000e+00
42 -5.0640341802472920e-02 9.8229633156855145e-01 -3.7646802554422092e-02 -1.7110065534536867e-18 0.0000000000000000e+00 0.0000000000000000e+00 0.0000000000000000e+00 0.0000000000000000e+00
43 -4.2004335008946174e-02 9.8949829592439653e-01 -3.1505061776699858e-02 3.7947076036992655e-19 0.0000000000000000e+00 0.0000000000000000e+00 0.0000000000000000e+00 0.0000000000000000e+00
44 -4.7890088775710465e-02 9.8721528362847721e-01 -3.8354291716797120e-02 -5.5565361339882102e-19 0.0000000000000000e+00 0.0000000000000000e+00 0.0000000000000000e+00 0.0000000000000000e+00
45 -4.1378483073269134e-02 1.0421148764628418e+00 5.9747898141689217e-02 -4.7908183496703227e-18 0.0000000000000000e+00 0.0000000000000000e+00 0.0000000000000000e+00 0.0000000000000000e+00
46 1.4507519156116273e-02 1.0553523013589565e+00 2.1424992320756432e-02 -2.9815559743351372e-19 0.0000000000000000e+00 0.0000000000000000e+00 0.0000000000000000e+00 0.0000000000000000e+00
47 2.7116726583918980e-02 1.0446655657057200e+00 3.8279690648572291e-02 2.7105054312137611e-18 0.0000000000000000e+00 0.0000000000000000e+00 0.0000000000000000e+00 0.0000000000000000e+00
48 2.4357962625209218e-02 1.0742620322942595e+00 3.9952683324445626e-02 6.6678433607858523e-18 0.0000000000000000e+00 0.0000000000000000e+00 0.0000000000000000e+00 0.0000000000000000e+00
49 -4.2503472385873507e-02 1.0170070274612049e+00 -5.1004903894684997e-02 -2.3310346708438345e-18 0.0000000000000000e+00 0.0000000000000000e+00 0.0000000000000000e+00 0.0000000000000000e+00
50 -5.3869788837405723e-02 1.0250097158672695e+00 -7.3143605989464747e-02 -3.5914196963582334e-19 0.0000000000000000e+00 0.0000000000000000e+00 0.0000000000000000e+00 0.0000000000000000e+00
51 -5.4150550103529975e-02 1.0084304659682968e+00 -6.4482458076534799e-02 1.0842021724855044e-18 0.0000000000000000e+00 0.0000000000000000e+00 0.0000000000000000e+00 0.0000000000000000e+00
52 5.2421175039674139e-17 1.4011885510061086e+00 -4.5414518499986567e-17 1.0813087079376837e-15 0.0000000000000000e+00 0.0000000000000000e+00 0.0000000000000000e+00 0.0000000000000000e+00
53 -8.7659361202806676e-03 1.1967262088422921e+00 1.9575269916407477e-02 1.3620289791849149e-18 0.0000000000000000e+00 0.0000000000000000e+00 0.0000000000000000e+00 0.0000000000000000e+00
54 -5.7955668283535169e-02 1.1945855442825970e+00 1.3230511127064942e-01 -7.3725747729014302e-18 0.0000000000000000e+00 0.0000000000000000e+00 0.0000000000000000e+00 0.0000000000000000e+00
55 -2.0208737083346462e-01 7.3896183780847779e-01 4.4255245682454133e-02 -1.1082579081875266e-17 0.0000000000000000e+00 0.0000000000000000e+00 0.0000000000000000e+00 0.0000000000000000e+00
56 -2.6462990564725758e-01 6.0371787205035932e-01 -2.0196011775419437e-02 -1.5151725360484924e-17 0.0000000000000000e+00 0.0000000000000000e+00 0.0000000000000000e+00 0.0000000000000000e+00
57 -2.8218304255100457e-01 5.7453547976531927e-01 1.1316556399489915e-01 -3.1021734660241496e-17 0.0000000000000000e+00 0.0000000000000000e+00 0.0000000000000000e+00 0.0000000000000000e+00
58 -1.4557385154345917e-01 9.6993133145996990e-01 -2.3674446123409645e-01 1.7482760031328759e-18 0.0000000000000000e+00 0.0000000000000000e+00 0.0000000000000000e+00 0.0000000000000000e+00
59 -1.2599197295308112e-01 1.0634590674793236e+00 -2.4842609189723727e-01 -1.1885566315872342e-17 0.0000000000000000e+00 0.0000000000000000e+00 0.0000000000000000e+00 0.0000000000000000e+00
60 -1.8558832404487291e-01 9.9450649925029655e-01 -3.6937654359223354e-01 -9.2821258491915248e-17 0.0000000000000000e+00 0.0000000000000000e+00 0.0000000000000000e+00 0.0000000000000000e+00
61 -3.2029786331539289e-01 5.1835644209956488e-01 -2.6838111730248632e-01 -2.1019291992704914e-16 0.0000000000000000e+00 0.0000000000000000e+00 0.0000000000000000e+00 0.0000000000000000e+00
62 -3.6569671498674849e-02 1.0307303500306946e+00 -4.8089745614935349e-02 -2.1141942363467336e-18 0.0000000000000000e+00 0.0000000000000000e+00 0.0000000000000000e+00 0.0000000000000000e+00
63 -2.7116726583919008e-02 1.0446655657057200e+00 -3.8279690648572250e-02 -2.1277467635028025e-18 0.0000000000000000e+00 0.0000000000000000e+00 0.0000000000000000e+00 0.0000000000000000e+00
64 -4.1690035796757757e-02 1.0454184220821143e+00 -6.1410690053117438e-02 3.0899761915836876e-18 0.0000000000000000e+00 0.0000000000000000e+00 0.0000000000000000e+00 0.0000000000000000e+00
65 1.0368523268060811e-01 9.9576880091001907e-01 1.5307825504513706e-01 -1.1926223897340549e-18 0.0000000000000000e+00 0.0000000000000000e+00 0.0000000000000000e+00 0.0000000000000000e+00
66 7.8993578602170322e-02 1.0462771955646077e+00 1.3075992405172551e-01 -1.8431436932253575e-18 0.0000000000000000e+00 0.0000000000000000e+00 0.0000000000000000e+00 0.0000000000000000e+00
67 7.6928092638645654e-02 1.0178594496038238e+00 1.1134171612802574e-01 -3.7947076036992655e-19 0.0000000000000000e+00 0.0000000000000000e+00 0.0000000000000000e+00 0.0000000000000000e+00
68 4.2503472385873563e-02 1.0170070274612049e+00 5.1004903894684879e-02 2.7647155398380363e-18 0.0000000000000000e+00 0.0000000000000000e+00 0.0000000000000000e+00 0.0000000000000000e+00
69 4.5278963078506033e-02 1.0057019334709434e+00 4.8843094209305826e-02 1.4365678785432934e-18 0.0000000000000000e+00 0.0000000000000000e+00 0.0000000000000000e+00 0.0000000000000000e+00
70 5.4473912754753127e-02 1.0096105814202203e+00 6.5735185199129395e-02 5.0686451563697332e-18 0.0000000000000000e+00 0.0000000000000000e+00 0.0000000000000000e+00 0.0000000000000000e+00
71 -4.5278963078505985e-02 1.0057019334709434e+00 4.8843094209305875e-02 -1.8736368793265124e-18 0.0000000000000000e+00 0.0000000000000000e+00 0.0000000000000000e+00 0.0000000000000000e+00
72 -5.9397228791196244e-02 9.9501221911747340e-01 6.4025570736134935e-02 -1.3925221652860698e-18 0.0000000000000000e+00 0.0000000000000000e+00 0.0000000000000000e+00 0.0000000000000000e+00
73 -5.4473912754753148e-02 1.0096105814202203e+00 6.5735185199129381e-02 -5.2482161411876449e-18 0.0000000000000000e+00 0.0000000000000000e+00 0.0000000000000000e+00 0.0000000000000000e+00
74 -2.2775150003086626e-02 1.1280255700210429e+00 -4.4482712999758603e-02 4.6620693416876691e-18 0.0000000000000000e+00 0.0000000000000000e+00 0.0000000000000000e+00 0.0000000000000000e+00
75 -4.9412665516213213e-02 1.2023295521045123e+00 -1.1333449486328885e-01 -2.6183482465524932e-17 0.0000000000000000e+00 0.0000000000000000e+00 0.0000000000000000e+00 0.0000000000000000e+00
76 -4.7796056629251134e-02 1.1075052879243203e+00 -9.0352888411422250e-02 -3.5507621148900270e-18 0.0000000000000000e+00 0.0000000000000000e+00 0.0000000000000000e+00 0.0000000000000000e+00
77 -1.0554556326538342e-01 9.5816830330132874e-01 1.2553097759684534e-01 -4.8280877993495119e-18 0.0000000000000000e+00 0.0000000000000000e+00 0.0000000000000000e+00 0.0000000000000000e+00
78 -9.0332938013288774e-02 9.5784417407370903e-01 8.9740107807634209e-02 -5.8106460181645003e-18 0.0000000000000000e+00 0.0000000000000000e+00 0.0000000000000000e+00 0.0000000000000000e+00
79 -1.0851302624761933e-01 9.3920792108150641e-01 1.1192256395483777e-01 -2.3818566476790926e-18 0.0000000000000000e+00 0.0000000000000000e+00 0.0000000000000000e+00 0.0000000000000000e+00
80 -2.3296030018677258e-01 7.3757383092209949e-01 2.4772554752471188e-01 -3.3359545594663365e-17 0.0000000000000000e+00 0.0000000000000000e+00 0.0000000000000000e+00 0.0000000000000000e+00
81 -2.4086574233629793e-01 6.8272051522305288e-01 1.6614470137074255e-01 -9.6426230715429551e-18 0.0000000000000000e+00 0.0000000000000000e+00 0.0000000000000000e+00 0.0000000000000000e+00
82 -3.1138888119501479e-01 5.3901668807628300e-01 2.5586762001762642e-01 3.2207580786397516e-17 0.0000000000000000e+00 0.0000000000000000e+00 0.0000000000000000e+00 0.0000000000000000e+00
83 -8.7951402768011111e-02 9.6102404733374347e-01 -8.7931625940090574e-02 -5.6242987697685543e-18 0.0000000000000000e+00 0.0000000000000000e+00 0.0000000000000000e+00 0.0000000000000000e+00
84 -6.8174711615800077e-02 9.7828454036631718e-01 -6.5149622465449544e-02 -1.3959102970750870e-18 0.0000000000000000e+00 0.0000000000000000e+00 0.0000000000000000e+00 0.0000000000000000e+00
85 -7.9076472313855783e-02 9.8180635972086439e-01 -8.9734018792987008e-02 -2.0532078641444240e-18 0.0000000000000000e+00 0.0000000000000000e+00 0.0000000000000000e+00 0.0000000000000000e+00
86 6.0830322733412413e-02 9.7201339981747814e-01 4.3801019138900076e-02 -4.3368086899420177e-19 0.0000000000000000e+00 0.0000000000000000e+00 0.0000000000000000e+00 0.0000000000000000e+00
87 7.2450241878259242e-02 9.5806752382257498e-01 4.8845010380108730e-02 1.2468324983583301e-18 0.0000000000000000e+00 0.0000000000000000e+00 0.0000000000000000e+00 0.0000000000000000e+00
88 7.7538311360005260e-02 9.6057953369667137e-01 6.4170427525549634e-02 -3.4694469519536142e-18 0.0000000000000000e+00 0.0000000000000000e+00 0.0000000000000000e+00 0.0000000000000000e+00
89 1.4467035518534926e-02 1.0827231050861448e+00 -2.4350564253754720e-02 -7.1828393927164669e-19 0.0000000000000000e+00 0.0000000000000000e+00 0.0000000000000000e+00 0.0000000000000000e+00
90 4.3836140581670298e-02 1.0708349841716684e+00 -7.3072127002632506e-02 -2.3310346708438345e-18 0.0000000000000000e+00 0.0000000000000000e+00 0.0000000000000000e+00 0.0000000000000000e+00
91 2.8324632324830054e-02 1.0603815703799335e+00 -4.3832103469179727e-02 -2.1345230270808369e-18 0.0000000000000000e+00 0.0000000000000000e+00 0.0000000000000000e+00 0.0000000000000000e+00
92 7.9076472313855686e-02 9.8180635972086439e-01 -8.9734018792987161e-02 -1.7008421580866351e-18 0.0000000000000000e+00 0.0000000000000000e+00 0.0000000000000000e+00 0.0000000000000000e+00
93 7.0672873015401774e-02 1.0036117120941563e+00 -9.0359330066154028e-02 2.3852447794681098e-18 0.0000000000000000e+00 0.0000000000000000e+00 0.0000000000000000e+00 0.0000000000000000e+00
94 8.8695287677898457e-02 9.8466998861899591e-01 -1.1190534985670343e-01 6.2341624917916505e-19 0.0000000000000000e+00 0.0000000000000000e+00 0.0000000000000000e+00 0.0000000000000000e+00
95 2.1311272852970145e-01 8.7243548497265955e-01 -3.5319324110344197e-01 -6.8494472246771743e-17 0.0000000000000000e+00 0.0000000000000000e+00 0.0000000000000000e+00 0.0000000000000000e+00
96 1.4557385154345914e-01 9.6993133145996990e-01 -2.3674446123409668e-01 -2.6115719829744588e-17 0.0000000000000000e+00 0.0000000000000000e+00 0.0000000000000000e+00 0.0000000000000000e+00
97 1.8558832404487291e-01 9.9450649925029644e-01 -3.6937654359223371e-01 -1.8038413644727580e-17 0.0000000000000000e+00 0.0000000000000000e+00 0.0000000000000000e+00 0.0000000000000000e+00
98 1.0554556326538346e-01 9.5816830330132874e-01 1.2553097759684534e-01 4.9873299934333204e-18 0.0000000000000000e+00 0.0000000000000000e+00 0.0000000000000000e+00 0.0000000000000000e+00
99 9.0332938013288691e-02 9.5784417407370903e-01 8.9740107807634265e-02 -5.5294310796760726e-18 0.0000000000000000e+00 0.0000000000000000e+00 0.0000000000000000e+00 0.0000000000000000e+00
100 -7.6928092638645654e-02 1.0178594496038238e+00 1.1134171612802585e-01 -3.6049722235143022e-18 0.0000000000000000e+00 0.0000000000000000e+00 0.0000000000000000e+00 0.0000000000000000e+00
101 -6.9938667203496341e-02 1.0040858858217314e+00 8.9313077877364422e-02 -3.9810548520952116e-18 0.0000000000000000e+00 0.0000000000000000e+00 0.0000000000000000e+00 0.0000000000000000e+00
102 -8.6862856183177864e-02 9.8676933072677997e-01 1.0977140555476517e-01 -5.0144350477454580e-18 0.0000000000000000e+00 0.0000000000000000e+00 0.0000000000000000e+00 0.0000000000000000e+00
103 1.7969164618162228e-01 8.6930872174468243e-01 2.3710523192205685e-01 -3.5561831257524545e-17 0.0000000000000000e+00 0.0000000000000000e+00 0.0000000000000000e+00 0.0000000000000000e+00
104 2.0680824341631648e-01 8.9340917769504713e-01 3.5250132017099883e-01 2.9490299091605721e-17 0.0000000000000000e+00 0.0000000000000000e+00 0.0000000000000000e+00 0.0000000000000000e+00
105 1.3721413640736541e-01 9.4495265040014009e-01 1.9299868337846590e-01 1.3877787807814457e-17 0.0000000000000000e+00 0.0000000000000000e+00 0.0000000000000000e+00 0.0000000000000000e+00
106 1.3561821232690707e-01 8.5554817764633539e-01 -1.3715194586672773e-02 -4.0657581468206416e-18 0.0000000000000000e+00 0.0000000000000000e+00 0.0000000000000000e+00 0.0000000000000000e+00
107 3.2840267963156494e-01 7.1153074527731541e-01 -5.7384254690486824e-01 -2.9303274216851971e-16 0.0000000000000000e+00 0.0000000000000000e+00 0.0000000000000000e+00 0.0000000000000000e+00
108 2.5912351799293842e-01 7.0104841500657278e-01 -3.0524176789650237e-01 -6.6380278010425009e-17 0.0000000000000000e+00 0.0000000000000000e+00 0.0000000000000000e+00 0.0000000000000000e+00
109 -1.8516934143506775e-01 7.8783473777763890e-01 -1.1416510540782997e-01 -4.1457180570414476e-17 0.0000000000000000e+00 0.0000000000000000e+00 0.0000000000000000e+00 0.0000000000000000e+00
110 5.9431788703516661e-02 9.9511883758130248e-01 -6.4166565931202790e-02 -2.6427427954334171e-19 0.0000000000000000e+00 0.0000000000000000e+00 0.0000000000000000e+00 0.0000000000000000e+00
111 2.6149530092830936e-01 9.2486099568053937e-01 -5.4306075861866143e-01 -1.3264129378187661e-15 0.0000000000000000e+00 0.0000000000000000e+00 0.0000000000000000e+00 0.0000000000000000e+00
112 5.6074763823805773e-02 1.0298898846358018e+00 7.9300078522943601e-02 4.0657581468206416e-18 0.0000000000000000e+00 0.0000000000000000e+00 0.0000000000000000e+00 0.0000000000000000e+00
113 1.8598376987271442e-01 8.5001619061208045e-01 -2.3443350541567476e-01 8.2670415652019713e-18 0.0000000000000000e+00 0.0000000000000000e+00 0.0000000000000000e+00 0.0000000000000000e+00
114 1.4400590840788158e-01 9.2626784234294690e-01 -1.9299991099385311e-01 -1.3606737264693081e-17 0.0000000000000000e+00 0.0000000000000000e+00 0.0000000000000000e+00 0.0000000000000000e+00
115 -1.4467035518534897e-02 1.0827231050861450e+00 -2.4350564253754692e-02 2.0328790734103208e-18 0.0000000000000000e+00 0.0000000000000000e+00 0.0000000000000000e+00 0.0000000000000000e+00
116 2.1646631597744053e-03 1.1340470585835742e+00 4.2700843436361277e-03 5.5836411883003478e-18 0.0000000000000000e+00 0.0000000000000000e+00 0.0000000000000000e+00 0.0000000000000000e+00
117 -1.6606502295145445e-01 8.0431940814646485e-01 -1.9151793230735188e-02 -1.5317743818146767e-17 0.0000000000000000e+00 0.0000000000000000e+00 0.0000000000000000e+00 0.0000000000000000e+00
118 -2.0434341137266399e-01 7.3225261972581368e-01 -4.2253444112455374e-03 -9.0734169309880652e-18 0.0000000000000000e+00 0.0000000000000000e+00 0.0000000000000000e+00 0.0000000000000000e+00
119 -1.3665067619904750e-01 9.0547009227278852e-01 1.4719890712516179e-01 -1.0188112289574724e-17 0.0000000000000000e+00 0.0000000000000000e+00 0.0000000000000000e+00 0.0000000000000000e+00
120 -1.0426619049077947e-01 9.3152160195987077e-01 9.0375390524268379e-02 -8.8633527600689987e-18 0.0000000000000000e+00 0.0000000000000000e+00 0.0000000000000000e+00 0.0000000000000000e+00
121 -1.2836686075762130e-01 8.9723375807937111e-01 1.0887054509237747e-01 -5.4616684438957286e-18 0.0000000000000000e+00 0.0000000000000000e+00 0.0000000000000000e+00 0.0000000000000000e+00
122 4.7796056629251168e-02 1.1075052879243203e+00 -9.0352888411422319e-02 1.3349239248727773e-18 0.0000000000000000e+00 0.0000000000000000e+00 0.0000000000000000e+00 0.0000000000000000e+00
123 4.9412665516213143e-02 1.2023295521045125e+00 -1.1333449486328896e-01 2.3039296165316969e-17 0.0000000000000000e+00 0.0000000000000000e+00 0.0000000000000000e+00 0.0000000000000000e+00
124 7.9517166612146015e-02 1.1305000153386064e+00 -1.6513017494350665e-01 6.7965923687685059e-18 0.0000000000000000e+00 0.0000000000000000e+00 0.0000000000000000e+00 0.0000000000000000e+00
125 -3.8049703082916586e-01 1.8739754362867711e-01 5.8900816851189031e-01 -6.7713711157310619e-15 0.0000000000000000e+00 0.0000000000000000e+00 0.0000000000000000e+00 0.0000000000000000e+00
126 -3.2840268078072071e-01 7.1153074189892651e-01 5.7384255247914762e-01 -8.1069184568530184e-16 0.0000000000000000e+00 0.0000000000000000e+00 0.0000000000000000e+00 0.0000000000000000e+00
127 -2.5825082421087187e-01 7.4467161139942606e-01 3.7016948068061784e-01 -1.6405334122421289e-17 0.0000000000000000e+00 0.0000000000000000e+00 0.0000000000000000e+00 0.0000000000000000e+00
128 -1.5267435022684722e-01 8.3727762944613526e-01 7.3018308088280415e-02 -1.0716660848661408e-17 0.0000000000000000e+00 0.0000000000000000e+00 0.0000000000000000e+00 0.0000000000000000e+00
129 -1.2945541011501568e-01 8.6962589419661929e-01 4.3806606538432873e-02 -5.6209106379795371e-18 0.0000000000000000e+00 0.0000000000000000e+00 0.0000000000000000e+00 0.0000000000000000e+00
130 1.4234661621333081e-01 8.9701219031135548e-01 -1.5313364192284484e-01 -9.9746599868666408e-18 0.0000000000000000e+00 0.0000000000000000e+00 0.0000000000000000e+00 0.0000000000000000e+00
131 1.9714965248278454e-01 8.0126528492255189e-01 -2.0214236831039009e-01 -1.7536970139953034e-17 0.0000000000000000e+00 0.0000000000000000e+00 0.0000000000000000e+00 0.0000000000000000e+00
132 1.6127194867581746e-01 8.4319249243952032e-01 -1.3084864128462931e-01 -1.1628068299907035e-17 0.0000000000000000e+00 0.0000000000000000e+00 0.0000000000000000e+00 0.0000000000000000e+00
133 1.4528985060043231e-01 8.5081520013317857e-01 -7.4046387326883498e-02 -6.6678433607858523e-18 0.0000000000000000e+00 0.0000000000000000e+00 0.0000000000000000e+00 0.0000000000000000e+00
134 1.1710619109809554e-01 9.0220733626018734e-01 -7.9307197599981796e-02 -5.3125906451789717e-18 0.0000000000000000e+00 0.0000000000000000e+00 0.0000000000000000e+00 0.0000000000000000e+00
135 3.6569671498674898e-02 1.0307303500306946e+00 4.8089745614935404e-02 6.5052130349130266e-19 0.0000000000000000e+00 0.0000000000000000e+00 0.0000000000000000e+00 0.0000000000000000e+00
136 1.3921579178328722e-01 9.8766743175052918e-01 2.3371171597587659e-01 1.0625181290357943e-17 0.0000000000000000e+00 0.0000000000000000e+00 0.0000000000000000e+00 0.0000000000000000e+00
137 1.4771710046597869e-01 1.0630787768259959e+00 3.0466102535392275e-01 4.5319650809894085e-17 0.0000000000000000e+00 0.0000000000000000e+00 0.0000000000000000e+00 0.0000000000000000e+00
138 1.1216315740927110e-01 1.0418312984505440e+00 2.0199056997944181e-01 -1.1384122811097797e-17 0.0000000000000000e+00 0.0000000000000000e+00 0.0000000000000000e+00 0.0000000000000000e+00
139 8.4082860319614608e-02 1.0415725150468667e+00 -1.3892561070657705e-01 -6.3154776547280633e-18 0.0000000000000000e+00 0.0000000000000000e+00 0.0000000000000000e+00 0.0000000000000000e+00
140 1.2599197295308118e-01 1.0634590674793234e+00 -2.4842609189723724e-01 2.4096393283490336e-17 0.0000000000000000e+00 0.0000000000000000e+00 0.0000000000000000e+00 0.0000000000000000e+00
141 1.1357010798877132e-01 1.0189614471164210e+00 -1.9138657550112922e-01 9.6358468079649207e-18 0.0000000000000000e+00 0.0000000000000000e+00 0.0000000000000000e+00 0.0000000000000000e+00
142 2.4227352436661506e-01 6.9033425720223607e-01 -1.9416200304092715e-01 -1.6805133673525319e-17 0.0000000000000000e+00 0.0000000000000000e+00 0.0000000000000000e+00 0.0000000000000000e+00
143 1.8516934143506775e-01 7.8783473777763902e-01 -1.1416510540782997e-01 -1.2902005852577503e-17 0.0000000000000000e+00 0.0000000000000000e+00 0.0000000000000000e+00 0.0000000000000000e+00
144 1.3665067619904728e-01 9.0547009227278841e-01 1.4719890712516148e-01 6.2883726004159257e-18 0.0000000000000000e+00 0.0000000000000000e+00 0.0000000000000000e+00 0.0000000000000000e+00
145 1.7814453600531516e-01 8.4038482192919695e-01 1.9161185493849117e-01 -1.6913553890773869e-17 0.0000000000000000e+00 0.0000000000000000e+00 0.0000000000000000e+00 0.0000000000000000e+00
146 1.0866550587295043e-01 9.1369181040791114e-01 7.3149562900371098e-02 1.5178830414797062e-18 0.0000000000000000e+00 0.0000000000000000e+00 0.0000000000000000e+00 0.0000000000000000e+00
147 1.0426619049077954e-01 9.3152160195987077e-01 9.0375390524268504e-02 -1.7347234759768071e-18 0.0000000000000000e+00 0.0000000000000000e+00 0.0000000000000000e+00 0.0000000000000000e+00
148 8.7929705814132772e-02 9.4342038240478998e-01 6.4487835473905963e-02 -2.8731357570865868e-18 0.0000000000000000e+00 0.0000000000000000e+00 0.0000000000000000e+00 0.0000000000000000e+00
149 9.7528948995477482e-02 9.2049215606796764e-01 -4.8085645267338217e-02 -4.8924623033408388e-18 0.0000000000000000e+00 0.0000000000000000e+00 0.0000000000000000e+00 0.0000000000000000e+00
150 1.1681512692830379e-01 8.9457360069927527e-01 -5.9737528594016452e-02 -8.4025668367626594e-19 0.0000000000000000e+00 0.0000000000000000e+00 0.0000000000000000e+00 0.0000000000000000e+00
151 2.4086574233629801e-01 6.8272051522305333e-01 1.6614470137074278e-01 -1.7564075194265172e-17 0.0000000000000000e+00 0.0000000000000000e+00 0.0000000000000000e+00 0.0000000000000000e+00
152 2.3296030018677241e-01 7.3757383092209994e-01 2.4772554752471193e-01 -4.0332320816460765e-17 0.0000000000000000e+00 0.0000000000000000e+00 0.0000000000000000e+00 0.0000000000000000e+00
153 1.8477668697386168e-01 7.9291010289192188e-01 1.2625807176966533e-01 7.5894152073985310e-18 0.0000000000000000e+00 0.0000000000000000e+00 0.0000000000000000e+00 0.0000000000000000e+00
154 -5.4985512886990412e-02 9.8427105346738197e-01 -4.7187516579509231e-02 -3.4897757426877174e-19 0.0000000000000000e+00 0.0000000000000000e+00 0.0000000000000000e+00 0.0000000000000000e+00
155 -4.4309850559142425e-02 9.9238170513259050e-01 -3.7646475235705322e-02 -7.4538899358378430e-19 0.0000000000000000e+00 0.0000000000000000e+00 0.0000000000000000e+00 0.0000000000000000e+00
156 -5.5281696165678816e-02 9.9013427689185707e-01 -5.3114618434692118e-02 9.4528876913579918e-19 0.0000000000000000e+00 0.0000000000000000e+00 0.0000000000000000e+00 0.0000000000000000e+00
157 -4.5621469730972003e-02 9.9756849829249827e-01 -4.3799946160963034e-02 -1.3417001884508117e-18 0.0000000000000000e+00 0.0000000000000000e+00 0.0000000000000000e+00 0.0000000000000000e+00
158 -4.5278963078506013e-02 1.0057019334709434e+00 -4.8843094209305826e-02 -3.3542504711270293e-18 0.0000000000000000e+00 0.0000000000000000e+00 0.0000000000000000e+00 0.0000000000000000e+00
159 -5.9431788703516661e-02 9.9511883758130248e-01 -6.4166565931202860e-02 -1.9380113833178392e-18 0.0000000000000000e+00 0.0000000000000000e+00 0.0000000000000000e+00 0.0000000000000000e+00
160 -7.0672873015401802e-02 1.0036117120941563e+00 -9.0359330066153973e-02 2.1277467635028025e-18 0.0000000000000000e+00 0.0000000000000000e+00 0.0000000000000000e+00 0.0000000000000000e+00
161 -3.8049703036854499e-01 1.8739754743535308e-01 -5.8900816930614897e-01 -1.6152281335363172e-14 0.0000000000000000e+00 0.0000000000000000e+00 0.0000000000000000e+00 0.0000000000000000e+00
162 1.2118596686271840e-01 8.8799977230458804e-01 6.1397370243019049e-02 -1.6805133673525319e-18 0.0000000000000000e+00 0.0000000000000000e+00 0.0000000000000000e+00 0.0000000000000000e+00
163 1.4131771963500558e-01 8.6597798366591772e-01 9.5521577357957577e-02 -4.9873299934333204e-18 0.0000000000000000e+00 0.0000000000000000e+00 0.0000000000000000e+00 0.0000000000000000e+00
164 4.1088731911000065e-01 1.2687704619896312e-01 3.9732354531814557e-01 6.9774915012477123e-14 0.0000000000000000e+00 0.0000000000000000e+00 0.0000000000000000e+00 0.0000000000000000e+00
165 3.8049703082916581e-01 1.8739754362867778e-01 5.8900816851188942e-01 6.0095158016526540e-15 0.0000000000000000e+00 0.0000000000000000e+00 0.0000000000000000e+00 0.0000000000000000e+00
166 3.1138888119501462e-01 5.3901668807628356e-01 2.5586762001762597e-01 -1.3444106938820255e-17 0.0000000000000000e+00 0.0000000000000000e+00 0.0000000000000000e+00 0.0000000000000000e+00
167 -1.9423019370498978e-01 7.6269551611874431e-01 9.0185826699067523e-02 -1.9928991182999178e-17 0.0000000000000000e+00 0.0000000000000000e+00 0.0000000000000000e+00 0.0000000000000000e+00
168 -1.8477668697386157e-01 7.9291010289192176e-01 1.2625807176966539e-01 -7.4064560907916022e-18 0.0000000000000000e+00 0.0000000000000000e+00 0.0000000000000000e+00 0.0000000000000000e+00
169 -1.8598376987271448e-01 8.5001619061208056e-01 -2.3443350541567493e-01 -4.5516162453657083e-17 0.0000000000000000e+00 0.0000000000000000e+00 0.0000000000000000e+00 0.0000000000000000e+00
170 -1.4234661621333092e-01 8.9701219031135537e-01 -1.5313364192284487e-01 -1.3464435729554358e-17 0.0000000000000000e+00 0.0000000000000000e+00 0.0000000000000000e+00 0.0000000000000000e+00
171 -1.4400590840788161e-01 9.2626784234294690e-01 -1.9299991099385280e-01 -2.2205815745218738e-17 0.0000000000000000e+00 0.0000000000000000e+00 0.0000000000000000e+00 0.0000000000000000e+00
172 9.3570437280001847e-02 1.1170865947964235e+00 1.9302587914580038e-01 -1.3010426069826053e-18 0.0000000000000000e+00 0.0000000000000000e+00 0.0000000000000000e+00 0.0000000000000000e+00
173 -6.8174711615800118e-02 9.7828454036631718e-01 6.5149622465449433e-02 -1.6601845766184287e-19 0.0000000000000000e+00 0.0000000000000000e+00 0.0000000000000000e+00 0.0000000000000000e+00
174 -5.4985512886990391e-02 9.8427105346738197e-01 4.7187516579509203e-02 1.0672615135404184e-19 0.0000000000000000e+00 0.0000000000000000e+00 0.0000000000000000e+00 0.0000000000000000e+00
175 -7.7538311360005260e-02 9.6057953369667137e-01 6.4170427525549772e-02 -7.6063558663436170e-19 0.0000000000000000e+00 0.0000000000000000e+00 0.0000000000000000e+00 0.0000000000000000e+00
176 -7.2450241878259269e-02 9.5806752382257498e-01 4.8845010380108654e-02 -2.4733362059825570e-18 0.0000000000000000e+00 0.0000000000000000e+00 0.0000000000000000e+00 0.0000000000000000e+00
177 -8.7929705814132841e-02 9.4342038240478998e-01 6.4487835473905880e-02 -3.9403972706270052e-18 0.0000000000000000e+00 0.0000000000000000e+00 0.0000000000000000e+00 0.0000000000000000e+00
178 -1.4528985060043226e-01 8.5081520013317868e-01 -7.4046387326883345e-02 -1.2071913564268288e-17 0.0000000000000000e+00 0.0000000000000000e+00 0.0000000000000000e+00 0.0000000000000000e+00
179 1.0851302624761930e-01 9.3920792108150641e-01 1.1192256395483768e-01 3.4694469519536142e-18 0.0000000000000000e+00 0.0000000000000000e+00 0.0000000000000000e+00 0.0000000000000000e+00
180 1.8144067162560137e-01 1.1916805495241392e+00 -4.4586038708541076e-01 3.8181941332607328e-15 0.0000000000000000e+00 0.0000000000000000e+00 0.0000000000000000e+00 0.0000000000000000e+00
181 -7.9517166612145987e-02 1.1305000153386064e+00 -1.6513017494350654e-01 -1.9136168344369153e-17 0.0000000000000000e+00 0.0000000000000000e+00 0.0000000000000000e+00 0.0000000000000000e+00
182 -6.9858662492298246e-02 1.0794874932422645e+00 -1.2637173471455765e-01 -8.6736173798840355e-18 0.0000000000000000e+00 0.0000000000000000e+00 0.0000000000000000e+00 0.0000000000000000e+00
183 -1.0847727821444847e-01 9.0108649385604045e-01 3.8268029787433079e-02 -5.1973941643523869e-18 0.0000000000000000e+00 0.0000000000000000e+00 0.0000000000000000e+00 0.0000000000000000e+00
184 1.0829785814415708e-02 1.0972336173847144e+00 1.9193343885831226e-02 -3.7133924407628527e-18 0.0000000000000000e+00 0.0000000000000000e+00 0.0000000000000000e+00 0.0000000000000000e+00
185 8.5743672101779595e-03 1.0717958572893398e+00 1.3728295331809581e-02 2.0599841277224584e-18 0.0000000000000000e+00 0.0000000000000000e+00 0.0000000000000000e+00 0.0000000000000000e+00
186 -4.4309850559142411e-02 9.9238170513259050e-01 3.7646475235705440e-02 -5.1330196603610601e-19 0.0000000000000000e+00 0.0000000000000000e+00 0.0000000000000000e+00 0.0000000000000000e+00
187 -5.5281696039718206e-02 9.9013427691758515e-01 5.3114618246270340e-02 -1.9956096237311316e-18 0.0000000000000000e+00 0.0000000000000000e+00 0.0000000000000000e+00 0.0000000000000000e+00
188 -1.0847727821444859e-01 9.0108649385604056e-01 -3.8268029787433058e-02 -5.4345633895835910e-18 0.0000000000000000e+00 0.0000000000000000e+00 0.0000000000000000e+00 0.0000000000000000e+00
189 -1.4407422452055935e-01 8.4470667726716342e-01 -3.9915346875337453e-02 -1.2614014650511041e-17 0.0000000000000000e+00 0.0000000000000000e+00 0.0000000000000000e+00 0.0000000000000000e+00
190 -3.6807051477297466e-02 1.1202998714968950e+00 7.1153786207837549e-02 -2.9815559743351372e-18 0.0000000000000000e+00 0.0000000000000000e+00 0.0000000000000000e+00 0.0000000000000000e+00
191 -9.3570437280001653e-02 1.1170865947964237e+00 1.9302587914580061e-01 -1.2658060363768264e-17 0.0000000000000000e+00 0.0000000000000000e+00 0.0000000000000000e+00 0.0000000000000000e+00
192 1.0219698070872738e-01 9.9226070559263313e-01 -1.4715255297919111e-01 -2.1141942363467336e-18 0.0000000000000000e+00 0.0000000000000000e+00 0.0000000000000000e+00 0.0000000000000000e+00
193 -1.8144067162560140e-01 1.1916805495241389e+00 -4.4586038708541037e-01 -3.7428556348001463e-15 0.0000000000000000e+00 0.0000000000000000e+00 0.0000000000000000e+00 0.0000000000000000e+00
194 4.5621469730971947e-02 9.9756849829249827e-01 -4.3799946160963055e-02 -1.1248597539537109e-18 0.0000000000000000e+00 0.0000000000000000e+00 0.0000000000000000e+00 0.0000000000000000e+00
195 5.5281696165678774e-02 9.9013427689185707e-01 -5.3114618434692104e-02 -1.6330795223062911e-18 0.0000000000000000e+00 0.0000000000000000e+00 0.0000000000000000e+00 0.0000000000000000e+00
196 6.8174711615800049e-02 9.7828454036631718e-01 6.5149622465449364e-02 3.2526065174565133e-19 0.0000000000000000e+00 0.0000000000000000e+00 0.0000000000000000e+00 0.0000000000000000e+00
197 -4.1906757566488290e-01 1.8672494022457575e-01 -1.4195852067640236e-14 8.1092630440510183e-15 0.0000000000000000e+00 0.0000000000000000e+00 0.0000000000000000e+00 0.0000000000000000e+00
198 -4.1088731911000098e-01 1.2687704619896234e-01 3.9732354531814346e-01 -6.9630878753862424e-14 0.0000000000000000e+00 0.0000000000000000e+00 0.0000000000000000e+00 0.0000000000000000e+00
199 1.1879770103061031e-01 8.8121373030290739e-01 4.9017723473959718e-13 -6.9388939039072284e-18 0.0000000000000000e+00 0.0000000000000000e+00 0.0000000000000000e+00 0.0000000000000000e+00
29 -6.0941896439003558e-02 1.0463648602976996e+00 -9.5517092874562518e-02 -3.2932640989247197e-18 0.0000000000000000e+00 0.0000000000000000e+00 0.0000000000000000e+00 0.0000000000000000e+00
201 2.2775150003086598e-02 1.1280255700210429e+00 -4.4482712999758645e-02 8.1721738751094897e-18 0.0000000000000000e+00 0.0000000000000000e+00 0.0000000000000000e+00 0.0000000000000000e+00
202 7.5145717318220617e-02 1.0195059868968142e+00 -1.0883270869466391e-01 -6.6610670972078179e-18 0.0000000000000000e+00 0.0000000000000000e+00 0.0000000000000000e+00 0.0000000000000000e+00
203 5.3869788837405702e-02 1.0250097158672695e+00 -7.3143605989464844e-02 -3.9844429838842288e-18 0.0000000000000000e+00 0.0000000000000000e+00 0.0000000000000000e+00 0.0000000000000000e+00
204 6.0941896439003454e-02 1.0463648602976996e+00 -9.5517092874562462e-02 1.9989977555201488e-18 0.0000000000000000e+00 0.0000000000000000e+00 0.0000000000000000e+00 0.0000000000000000e+00
205 1.2836686075762124e-01 8.9723375807937122e-01 1.0887054509237731e-01 3.6862873864507151e-18 0.0000000000000000e+00 0.0000000000000000e+00 0.0000000000000000e+00 0.0000000000000000e+00
206 4.5621469730971906e-02 9.9756849829249816e-01 4.3799946160963027e-02 -1.3552527156068805e-19 0.0000000000000000e+00 0.0000000000000000e+00 0.0000000000000000e+00 0.0000000000000000e+00
207 5.5281696039718185e-02 9.9013427691758515e-01 5.3114618246270388e-02 -6.5052130349130266e-19 0.0000000000000000e+00 0.0000000000000000e+00 0.0000000000000000e+00 0.0000000000000000e+00
208 -7.8964014686088935e-02 9.8002151170896956e-01 8.7926965851336636e-02 -6.3324183136731493e-18 0.0000000000000000e+00 0.0000000000000000e+00 0.0000000000000000e+00 0.0000000000000000e+00
209 8.7951402768011194e-02 9.6102404733374347e-01 -8.7931625940090685e-02 -4.8924623033408388e-18 0.0000000000000000e+00 0.0000000000000000e+00 0.0000000000000000e+00 0.0000000000000000e+00
210 1.0554556284688700e-01 9.5816830429729161e-01 -1.2553097759639140e-01 -1.2739375526704677e-18 0.0000000000000000e+00 0.0000000000000000e+00 0.0000000000000000e+00 0.0000000000000000e+00
211 1.0812595826465096e-01 9.3828977632559085e-01 -1.0978909522941330e-01 -3.4152368433293390e-18 0.0000000000000000e+00 0.0000000000000000e+00 0.0000000000000000e+00 0.0000000000000000e+00
212 8.5013971625823942e-02 9.4047636484001684e-01 5.1006025290624452e-02 4.3368086899420177e-19 0.0000000000000000e+00 0.0000000000000000e+00 0.0000000000000000e+00 0.0000000000000000e+00
213 9.7528948995477358e-02 9.2049215606796764e-01 4.8085645267338190e-02 3.7947076036992655e-18 0.0000000000000000e+00 0.0000000000000000e+00 0.0000000000000000e+00 0.0000000000000000e+00
214 1.0847727821444857e-01 9.0108649385604045e-01 3.8268029787433079e-02 -6.2883726004159257e-18 0.0000000000000000e+00 0.0000000000000000e+00 0.0000000000000000e+00 0.0000000000000000e+00
200 1.1606873324965560e-01 8.8661478104097258e-01 -2.1413470010274081e-02 -6.6678433607858523e-18 0.0000000000000000e+00 0.0000000000000000e+00 0.0000000000000000e+00 0.0000000000000000e+00
216 1.0381678508394825e-01 9.3165153945089196e-01 -8.9328686893955969e-02 -8.0095435492366640e-18 0.0000000000000000e+00 0.0000000000000000e+00 0.0000000000000000e+00 0.0000000000000000e+00
217 1.2885261164259851e-01 8.9776710982667629e-01 -1.1138205782278089e-01 -7.3183646642771549e-19 0.0000000000000000e+00 0.0000000000000000e+00 0.0000000000000000e+00 0.0000000000000000e+00
218 -1.0368523268060797e-01 9.9576880091001918e-01 1.5307825504513717e-01 -8.2534890380459025e-18 0.0000000000000000e+00 0.0000000000000000e+00 0.0000000000000000e+00 0.0000000000000000e+00
219 -7.8993578602170156e-02 1.0462771955646077e+00 1.3075992405172540e-01 -6.9626108264303488e-18 0.0000000000000000e+00 0.0000000000000000e+00 0.0000000000000000e+00 0.0000000000000000e+00
220 -4.2503472385873556e-02 1.0170070274612049e+00 5.1004903894684886e-02 -1.7957098481791167e-19 0.0000000000000000e+00 0.0000000000000000e+00 0.0000000000000000e+00 0.0000000000000000e+00
221 2.0208737083346465e-01 7.3896183780847746e-01 4.4255245682454161e-02 2.2768245622195593e-18 0.0000000000000000e+00 0.0000000000000000e+00 0.0000000000000000e+00 0.0000000000000000e+00
222 2.8218304255100490e-01 5.7453547976532016e-01 1.1316556399489919e-01 -4.3801767768414379e-17 0.0000000000000000e+00 0.0000000000000000e+00 0.0000000000000000e+00 0.0000000000000000e+00
223 1.9423019370498978e-01 7.6269551611874420e-01 9.0185826699067689e-02 -1.1058862159352145e-17 0.0000000000000000e+00 0.0000000000000000e+00 0.0000000000000000e+00 0.0000000000000000e+00
224 3.2840268078072077e-01 7.1153074189892562e-01 5.7384255247914651e-01 4.1156314467549748e-16 0.0000000000000000e+00 0.0000000000000000e+00 0.0000000000000000e+00 0.0000000000000000e+00
215 5.9397228791196223e-02 9.9501221911747340e-01 6.4025570736134879e-02 4.2825985813177425e-18 0.0000000000000000e+00 0.0000000000000000e+00 0.0000000000000000e+00 0.0000000000000000e+00
226 2.6462990564725741e-01 6.0371787205035954e-01 -2.0196011775419333e-02 -8.0230960763927328e-18 0.0000000000000000e+00 0.0000000000000000e+00 0.0000000000000000e+00 0.0000000000000000e+00
227 1.6249565154305304e-01 8.4478006475286926e-01 1.3905210615261368e-01 -1.1275702593849246e-17 0.0000000000000000e+00 0.0000000000000000e+00 0.0000000000000000e+00 0.0000000000000000e+00
228 1.5267435022684725e-01 8.3727762944613515e-01 7.3018308088280429e-02 -6.9388939039072284e-18 0.0000000000000000e+00 0.0000000000000000e+00 0.0000000000000000e+00 0.0000000000000000e+00
229 1.2945541011501577e-01 8.6962589419661929e-01 4.3806606538432859e-02 -1.6263032587282567e-18 0.0000000000000000e+00 0.0000000000000000e+00 0.0000000000000000e+00 0.0000000000000000e+00
230 2.6149530218036637e-01 9.2486099673987543e-01 5.4306075896330097e-01 -4.9916668021232624e-16 0.0000000000000000e+00 0.0000000000000000e+00 0.0000000000000000e+00 0.0000000000000000e+00
231 1.8144067268454184e-01 1.1916805478198202e+00 4.4586039020933621e-01 1.6277127215524878e-15 0.0000000000000000e+00 0.0000000000000000e+00 0.0000000000000000e+00 0.0000000000000000e+00
232 -4.3836140581670319e-02 1.0708349841716684e+00 -7.3072127002632506e-02 3.5236570605778894e-19 0.0000000000000000e+00 0.0000000000000000e+00 0.0000000000000000e+00 0.0000000000000000e+00
233 -5.6074763823805801e-02 1.0298898846358018e+00 7.9300078522943560e-02 -6.2206099646355817e-18 0.0000000000000000e+00 0.0000000000000000e+00 0.0000000000000000e+00 0.0000000000000000e+00
234 1.1606873324965569e-01 8.8661478104097269e-01 2.1413470010274060e-02 -8.2399365108898337e-18 0.0000000000000000e+00 0.0000000000000000e+00 0.0000000000000000e+00 0.0000000000000000e+00
225 2.5825082421087175e-01 7.4467161139942584e-01 3.7016948068061711e-01 4.5536491244391186e-17 0.0000000000000000e+00 0.0000000000000000e+00 0.0000000000000000e+00 0.0000000000000000e+00
236 -1.1216315740927099e-01 1.0418312984505440e+00 2.0199056997944176e-01 -1.7008421580866351e-17 0.0000000000000000e+00 0.0000000000000000e+00 0.0000000000000000e+00 0.0000000000000000e+00
237 5.4150550103529940e-02 1.0084304659682968e+00 -6.4482458076534868e-02 -1.2400562347802957e-18 0.0000000000000000e+00 0.0000000000000000e+00 0.0000000000000000e+00 0.0000000000000000e+00
238 -3.6569671498674919e-02 1.0307303500306946e+00 4.8089745614935384e-02 -1.0638733817514012e-18 0.0000000000000000e+00 0.0000000000000000e+00 0.0000000000000000e+00 0.0000000000000000e+00
239 -2.6149530218036660e-01 9.2486099673987499e-01 5.4306075896330064e-01 1.9186990321204411e-16 0.0000000000000000e+00 0.0000000000000000e+00 0.0000000000000000e+00 0.0000000000000000e+00
240 -2.0680824341631662e-01 8.9340917769504735e-01 3.5250132017099833e-01 -7.3861273000574990e-17 0.0000000000000000e+00 0.0000000000000000e+00 0.0000000000000000e+00 0.0000000000000000e+00
241 4.5278963078505978e-02 1.0057019334709434e+00 -4.8843094209305826e-02 -1.5111067779016718e-18 0.0000000000000000e+00 0.0000000000000000e+00 0.0000000000000000e+00 0.0000000000000000e+00
242 4.2503472385873570e-02 1.0170070274612049e+00 -5.1004903894684872e-02 3.8285889215894375e-19 0.0000000000000000e+00 0.0000000000000000e+00 0.0000000000000000e+00 0.0000000000000000e+00
243 -1.6249565154305276e-01 8.4478006475286893e-01 1.3905210615261379e-01 -1.2241320153719149e-17 0.0000000000000000e+00 0.0000000000000000e+00 0.0000000000000000e+00 0.0000000000000000e+00
244 -1.7814453600531524e-01 8.4038482192919695e-01 1.9161185493849117e-01 -1.8478870777299816e-17 0.0000000000000000e+00 0.0000000000000000e+00 0.0000000000000000e+00 0.0000000000000000e+00
245 -1.6127194867581757e-01 8.4319249243952066e-01 -1.3084864128462936e-01 -1.2624179045878092e-17 0.0000000000000000e+00 0.0000000000000000e+00 0.0000000000000000e+00 0.0000000000000000e+00
246 -1.1710619109809564e-01 9.0220733626018734e-01 -7.9307197599981713e-02 -7.6097439981326342e-18 0.0000000000000000e+00 0.0000000000000000e+00 0.0000000000000000e+00 0.0000000000000000e+00
247 6.9858662492298260e-02 1.0794874932422645e+00 -1.2637173471455773e-01 3.2322777267224101e-18 0.0000000000000000e+00 0.0000000000000000e+00 0.0000000000000000e+00 0.0000000000000000e+00
248 -2.1646631597744184e-03 1.1340470585835742e+00 4.2700843436361165e-03 4.6078592330633938e-19 0.0000000000000000e+00 0.0000000000000000e+00 0.0000000000000000e+00 0.0000000000000000e+00
249 -1.7969164618162242e-01 8.6930872174468266e-01 2.3710523192205676e-01 -1.8153610125554165e-17 0.0000000000000000e+00 0.0000000000000000e+00 0.0000000000000000e+00 0.0000000000000000e+00
250 3.8049703036854515e-01 1.8739754743535397e-01 -5.8900816930615152e-01 1.5781863663133500e-14 0.0000000000000000e+00 0.0000000000000000e+00 0.0000000000000000e+00 0.0000000000000000e+00
251 3.2029786331539356e-01 5.1835644209956522e-01 -2.6838111730248604e-01 4.4289658746032856e-17 0.0000000000000000e+00 0.0000000000000000e+00 0.0000000000000000e+00 0.0000000000000000e+00
252 -1.3721413640736566e-01 9.4495265040014020e-01 1.9299868337846571e-01 -1.0774259089074700e-17 0.0000000000000000e+00 0.0000000000000000e+00 0.0000000000000000e+00 0.0000000000000000e+00
253 -6.0830322733412441e-02 9.7201339981747814e-01 -4.3801019138900173e-02 1.3959102970750870e-18 0.0000000000000000e+00 0.0000000000000000e+00 0.0000000000000000e+00 0.0000000000000000e+00
254 -9.7528948995477455e-02 9.2049215606796753e-01 -4.8085645267338314e-02 -6.2544912825257537e-18 0.0000000000000000e+00 0.0000000000000000e+00 0.0000000000000000e+00 0.0000000000000000e+00
255 -1.1681512692830384e-01 8.9457360069927527e-01 -5.9737528594016417e-02 -5.2753211954997825e-18 0.0000000000000000e+00 0.0000000000000000e+00 0.0000000000000000e+00 0.0000000000000000e+00
256 -1.9714965248278479e-01 8.0126528492255200e-01 -2.0214236831038981e-01 -4.3049602511252560e-17 0.0000000000000000e+00 0.0000000000000000e+00 0.0000000000000000e+00 0.0000000000000000e+00
257 3.6807051477297424e-02 1.1202998714968948e+00 7.1153786207837522e-02 7.5352050987742558e-18 0.0000000000000000e+00 0.0000000000000000e+00 0.0000000000000000e+00 0.0000000000000000e+00
258 4.1690035796757827e-02 1.0454184220821143e+00 -6.1410690053117417e-02 -3.9912192474622632e-18 0.0000000000000000e+00 0.0000000000000000e+00 0.0000000000000000e+00 0.0000000000000000e+00
259 2.7116726583919008e-02 1.0446655657057200e+00 -3.8279690648572270e-02 -9.8933448239302280e-19 0.0000000000000000e+00 0.0000000000000000e+00 0.0000000000000000e+00 0.0000000000000000e+00
260 -4.7890088775710396e-02 9.8721528362847721e-01 3.8354291716797148e-02 -2.1362170929753455e-18 0.0000000000000000e+00 0.0000000000000000e+00 0.0000000000000000e+00 0.0000000000000000e+00
261 4.1088731863581840e-01 1.2687706001802257e-01 -3.9732354425574812e-01 -8.6314527573960742e-14 0.0000000000000000e+00 0.0000000000000000e+00 0.0000000000000000e+00 0.0000000000000000e+00
262 -1.4507519156116224e-02 1.0553523013589567e+00 -2.1424992320756384e-02 -8.9446679230054116e-19 0.0000000000000000e+00 0.0000000000000000e+00 0.0000000000000000e+00 0.0000000000000000e+00
263 -2.8324632324830026e-02 1.0603815703799335e+00 -4.3832103469179783e-02 3.8353651851674719e-18 0.0000000000000000e+00 0.0000000000000000e+00 0.0000000000000000e+00 0.0000000000000000e+00
264 -1.0219698070872725e-01 9.9226070559263313e-01 -1.4715255297919091e-01 -6.0173220572945496e-18 0.0000000000000000e+00 0.0000000000000000e+00 0.0000000000000000e+00 0.0000000000000000e+00
265 -3.2700936142965320e-13 1.0593952278469558e+00 -4.9048073003273018e-13 -1.5991982044161190e-18 0.0000000000000000e+00 0.0000000000000000e+00 0.0000000000000000e+00 0.0000000000000000e+00
266 4.5734429660137285e-02 1.0628964200741602e+00 7.4084668914931123e-02 -9.2157184661267877e-19 0.0000000000000000e+00 0.0000000000000000e+00 0.0000000000000000e+00 0.0000000000000000e+00
267 -6.2732440056729816e-02 1.0866056405001328e+00 1.1433163930261282e-01 -2.9476746564449652e-18 0.0000000000000000e+00 0.0000000000000000e+00 0.0000000000000000e+00 0.0000000000000000e+00
268 9.3454314578054934e-02 1.3487609779976633e+00 -2.6293459105284450e-01 7.6295577928348068e-15 0.0000000000000000e+00 0.0000000000000000e+00 0.0000000000000000e+00 0.0000000000000000e+00
269 -1.5024922629152632e-01 8.3221779910238158e-01 2.4318942808389827e-02 -7.5928033391875482e-18 0.0000000000000000e+00 0.0000000000000000e+00 0.0000000000000000e+00 0.0000000000000000e+00
270 7.2450241878259367e-02 9.5806752382257498e-01 -4.8845010380108668e-02 -3.4355656340634422e-18 0.0000000000000000e+00 0.0000000000000000e+00 0.0000000000000000e+00 0.0000000000000000e+00
271 7.7343241426170009e-02 9.6080572077827742e-01 -6.4029381482292425e-02 -1.1993986533120893e-18 0.0000000000000000e+00 0.0000000000000000e+00 0.0000000000000000e+00 0.0000000000000000e+00
272 8.9901583762452303e-02 9.4093894523889388e-01 -6.5740951493853103e-02 -4.3368086899420177e-18 0.0000000000000000e+00 0.0000000000000000e+00 0.0000000000000000e+00 0.0000000000000000e+00
273 -4.5621469730971927e-02 9.9756849829249827e-01 4.3799946160963055e-02 -1.9668105035244854e-18 0.0000000000000000e+00 0.0000000000000000e+00 0.0000000000000000e+00 0.0000000000000000e+00
274 -1.0554556284688711e-01 9.5816830429729150e-01 -1.2553097759639148e-01 -4.5400965972830498e-18 0.0000000000000000e+00 0.0000000000000000e+00 0.0000000000000000e+00 0.0000000000000000e+00
275 -1.0812595826465096e-01 9.3828977632559096e-01 -1.0978909522941344e-01 -7.5690864166644278e-18 0.0000000000000000e+00 0.0000000000000000e+00 0.0000000000000000e+00 0.0000000000000000e+00
276 -1.2885261164259840e-01 8.9776710982667618e-01 -1.1138205782278093e-01 -9.6087417536527830e-18 0.0000000000000000e+00 0.0000000000000000e+00 0.0000000000000000e+00 0.0000000000000000e+00
277 8.7659361202806815e-03 1.1967262088422921e+00 1.9575269916407505e-02 1.3444106938820255e-17 0.0000000000000000e+00 0.0000000000000000e+00 0.0000000000000000e+00 0.0000000000000000e+00
278 -1.1606873324965566e-01 8.8661478104097258e-01 2.1413470010274063e-02 -7.0744191754679164e-18 0.0000000000000000e+00 0.0000000000000000e+00 0.0000000000000000e+00 0.0000000000000000e+00
279 2.8026841733277491e-01 5.8284431317525176e-01 -1.3031615326147655e-01 -2.9165038439860069e-17 0.0000000000000000e+00 0.0000000000000000e+00 0.0000000000000000e+00 0.0000000000000000e+00
280 1.4507519156116266e-02 1.0553523013589567e+00 -2.1424992320756443e-02 -1.7584403984999275e-18 0.0000000000000000e+00 0.0000000000000000e+00 0.0000000000000000e+00 0.0000000000000000e+00
281 1.0847727821444857e-01 9.0108649385604034e-01 -3.8268029787433031e-02 -3.6862873864507151e-18 0.0000000000000000e+00 0.0000000000000000e+00 0.0000000000000000e+00 0.0000000000000000e+00
282 -9.3454315019645573e-02 1.3487609773297735e+00 2.6293459245524758e-01 -2.3838895267525029e-16 0.0000000000000000e+00 0.0000000000000000e+00 0.0000000000000000e+00 0.0000000000000000e+00
283 -1.1201107762978234e-01 1.1919823330816801e+00 2.6734017537005156e-01 -3.2268567158599826e-17 0.0000000000000000e+00 0.0000000000000000e+00 0.0000000000000000e+00 0.0000000000000000e+00
284 -1.4771710046597863e-01 1.0630787768259957e+00 3.0466102535392242e-01 -3.6137813661657470e-17 0.0000000000000000e+00 0.0000000000000000e+00 0.0000000000000000e+00 0.0000000000000000e+00
285 -1.8144067268454189e-01 1.1916805478198198e+00 4.4586039020933593e-01 -1.4324479102878485e-15 0.0000000000000000e+00 0.0000000000000000e+00 0.0000000000000000e+00 0.0000000000000000e+00
286 -1.4131771963500567e-01 8.6597798366591761e-01 9.5521577357957604e-02 -7.0811954390459508e-18 0.0000000000000000e+00 0.0000000000000000e+00 0.0000000000000000e+00 0.0000000000000000e+00
287 8.5013971625823803e-02 9.4047636484001684e-01 -5.1006025290624514e-02 -3.6320772778264399e-18 0.0000000000000000e+00 0.0000000000000000e+00 0.0000000000000000e+00 0.0000000000000000e+00
288 4.1906757566488256e-01 1.8672494022460595e-01 2.3689936731047245e-13 9.6644914293619877e-14 0.0000000000000000e+00 0.0000000000000000e+00 0.0000000000000000e+00 0.0000000000000000e+00
289 -1.0862768090434019e-01 1.1845676439549861e+00 -2.5574829718595193e-01 -5.4318528841523772e-17 0.0000000000000000e+00 0.0000000000000000e+00 0.0000000000000000e+00 0.0000000000000000e+00
290 -8.8695287677898457e-02 9.8466998861899602e-01 -1.1190534985670343e-01 -2.8595832299305179e-18 0.0000000000000000e+00 0.0000000000000000e+00 0.0000000000000000e+00 0.0000000000000000e+00
291 -1.1879770103061033e-01 8.8121373030290728e-01 4.9016420398473662e-13 -6.6204095157396115e-18 0.0000000000000000e+00 0.0000000000000000e+00 0.0000000000000000e+00 0.0000000000000000e+00
292 -1.3561821232690696e-01 8.5554817764633506e-01 -1.3715194586672785e-02 -6.7220534694101275e-18 0.0000000000000000e+00 0.0000000000000000e+00 0.0000000000000000e+00 0.0000000000000000e+00
293 6.2732440056729857e-02 1.0866056405001328e+00 1.1433163930261292e-01 -7.4267848815257054e-18 0.0000000000000000e+00 0.0000000000000000e+00 0.0000000000000000e+00 0.0000000000000000e+00
294 1.0862768090434015e-01 1.1845676439549859e+00 -2.5574829718595221e-01 4.4249001164564650e-17 0.0000000000000000e+00 0.0000000000000000e+00 0.0000000000000000e+00 0.0000000000000000e+00
295 -4.1088731863581812e-01 1.2687706001802368e-01 -3.9732354425574778e-01 8.6597965126902765e-14 0.0000000000000000e+00 0.0000000000000000e+00 0.0000000000000000e+00 0.0000000000000000e+00
296 -8.5013971625823900e-02 9.4047636484001684e-01 5.1006025290624459e-02 -4.3046214379463543e-18 0.0000000000000000e+00 0.0000000000000000e+00 0.0000000000000000e+00 0.0000000000000000e+00
297 4.1378483073269141e-02 1.0421148764628418e+00 5.9747898141689168e-02 1.4636729328554310e-18 0.0000000000000000e+00 0.0000000000000000e+00 0.0000000000000000e+00 0.0000000000000000e+00
298 -9.3454314578054809e-02 1.3487609779976664e+00 -2.6293459105284356e-01 -7.5290522514454006e-15 0.0000000000000000e+00 0.0000000000000000e+00 0.0000000000000000e+00 0.0000000000000000e+00
299 -4.2004335008946174e-02 9.8949829592439653e-01 3.1505061776699872e-02 -1.7127006193481953e-18 0.0000000000000000e+00 0.0000000000000000e+00 0.0000000000000000e+00 0.0000000000000000e+00
300 -1.3921579178328722e-01 9.8766743175052929e-01 2.3371171597587626e-01 -4.6823981324217723e-18 0.0000000000000000e+00 0.0000000000000000e+00 0.0000000000000000e+00 0.0000000000000000e+00
301 6.8174711615800077e-02 9.7828454036631718e-01 -6.5149622465449392e-02 -3.4016843161732702e-18 0.0000000000000000e+00 0.0000000000000000e+00 0.0000000000000000e+00 0.0000000000000000e+00
302 -1.1357010798877115e-01 1.0189614471164210e+00 -1.9138657550112914e-01 -2.8121493848842771e-17 0.0000000000000000e+00 0.0000000000000000e+00 0.0000000000000000e+00 0.0000000000000000e+00
303 5.7955668283535093e-02 1.1945855442825972e+00 1.3230511127064948e-01 7.0473141211557788e-18 0.0000000000000000e+00 0.0000000000000000e+00 0.0000000000000000e+00 0.0000000000000000e+00
304 5.0640341802472816e-02 9.8229633156855145e-01 -3.7646802554422175e-02 -2.7308342219478643e-18 0.0000000000000000e+00 0.0000000000000000e+00 0.0000000000000000e+00 0.0000000000000000e+00
305 6.4279374118706184e-02 9.7405249516834325e-01 -5.3115854532449380e-02 -1.4026865606531214e-18 0.0000000000000000e+00 0.0000000000000000e+00 0.0000000000000000e+00 0.0000000000000000e+00
306 3.6569671498674940e-02 1.0307303500306946e+00 -4.8089745614935411e-02 -6.2341624917916505e-19 0.0000000000000000e+00 0.0000000000000000e+00 0.0000000000000000e+00 0.0000000000000000e+00
307 -1.1606873324965560e-01 8.8661478104097258e-01 -2.1413470010274039e-02 1.3552527156068805e-20 0.0000000000000000e+00 0.0000000000000000e+00 0.0000000000000000e+00 0.0000000000000000e+00
308 1.1201107762978246e-01 1.1919823330816801e+00 2.6734017537005184e-01 4.0657581468206416e-17 0.0000000000000000e+00 0.0000000000000000e+00 0.0000000000000000e+00 0.0000000000000000e+00
309 -2.6149530092830975e-01 9.2486099568054025e-01 -5.4306075861865943e-01 1.2715929654724678e-15 0.0000000000000000e+00 0.0000000000000000e+00 0.0000000000000000e+00 0.0000000000000000e+00
310 9.3454315019645573e-02 1.3487609773297733e+00 2.6293459245524803e-01 6.5691809630896714e-16 0.0000000000000000e+00 0.0000000000000000e+00 0.0000000000000000e+00 0.0000000000000000e+00
311 -1.6913553890773869e-17 1.4011885510061095e+00 2.9815559743351372e-18 -5.5484046176945689e-16 0.0000000000000000e+00 0.0000000000000000e+00 0.0000000000000000e+00 0.0000000000000000e+00
312 -7.2450241878259353e-02 9.5806752382257487e-01 -4.8845010380108717e-02 -3.5202689287888722e-18 0.0000000000000000e+00 0.0000000000000000e+00 0.0000000000000000e+00 0.0000000000000000e+00
313 6.0830322733412420e-02 9.7201339981747825e-01 -4.3801019138900110e-02 -1.6534083130403943e-18 0.0000000000000000e+00 0.0000000000000000e+00 0.0000000000000000e+00 0.0000000000000000e+00
314 4.2004335008946160e-02 9.8949829592439653e-01 -3.1505061776699872e-02 8.3686855188724873e-19 0.0000000000000000e+00 0.0000000000000000e+00 0.0000000000000000e+00 0.0000000000000000e+00
315 -8.5013971625823775e-02 9.4047636484001684e-01 -5.1006025290624438e-02 -5.3972939399044018e-18 0.0000000000000000e+00 0.0000000000000000e+00 0.0000000000000000e+00 0.0000000000000000e+00
235 -6.4279374118706253e-02 9.7405249516834325e-01 -5.3115854532449366e-02 -3.0730355326386016e-18 0.0000000000000000e+00 0.0000000000000000e+00 0.0000000000000000e+00 0.0000000000000000e+00
