162 2 BEM3DMeshData
0 2.5430892095578206e-01 -5.2573111204972622e-01
1 3.3471898751802398e-01 -6.8684504713636929e-01
2 2.1002940363978184e-01 -4.3910933826935877e-01
3 -2.1002940363978212e-01 4.3910933826935872e-01
4 -3.3471898751802398e-01 6.8684504713636929e-01
5 -2.8369337647119253e-01 5.8773450819963280e-01
6 -1.7862546188226099e-17 1.4100675660340333e-17
7 -1.4918238562850783e-01 3.0901699445650371e-01
8 -7.7062400889950547e-02 1.5310908837789799e-01
9 -3.3151243004324010e-01 6.8122354203880808e-01
10 -3.9056455604415624e-01 8.0901699436057495e-01
11 -2.8369337647119236e-01 5.8773450819963269e-01
12 1.2751309545053416e-01 -2.6975086852293406e-01
13 1.2751309545053419e-01 -2.6975086852293417e-01
14 -2.3488996598708407e-17 1.8789848740465952e-17
15 8.9385228454047484e-18 4.6974621851164881e-18
16 1.3296700270676501e-01 -2.8600024990730483e-01
17 7.7372854012522779e-02 -1.5126843439006205e-01
18 -3.3983471368039281e-01 7.1049383409029487e-01
19 -4.1689711459036899e-01 8.6360292239741410e-01
20 -3.3151243004324038e-01 6.8122354203880808e-01
21 -1.2468958391295538e-01 2.4773570891434249e-01
22 -7.7062400889950436e-02 1.5310908837789799e-01
23 -1.2286844036785680e-17 2.8163917684561911e-17
24 3.9056455604415613e-01 -8.0901699436057484e-01
25 3.3471898751802426e-01 -6.8684504713636929e-01
26 2.8369337647119264e-01 -5.8773450819963291e-01
27 2.0632052246761406e-01 -4.3646607387451791e-01
28 3.3151243004324027e-01 -6.8122354203880797e-01
29 2.5270500302358057e-01 -5.1450833675716778e-01
30 3.3983471368039281e-01 -7.1049383409029487e-01
31 2.4138217042803958e-01 -4.9999999997285072e-01
32 -1.2751309545053416e-01 2.6975086852293412e-01
33 -1.2751309545053416e-01 2.6975086852293417e-01
34 -4.9134689082382250e-17 4.4625890758606633e-17
35 3.9056455604415646e-01 -8.0901699436057484e-01
36 4.1120647190388665e-01 -8.5748537678923309e-01
37 3.3471898751802437e-01 -6.8684504713636940e-01
38 3.3151243004324055e-01 -6.8122354203880797e-01
39 -1.6785104464654847e-17 1.8776929649951671e-17
40 -1.2468958391295544e-01 2.4773570891434252e-01
41 -1.2751309545053410e-01 2.6975086852293417e-01
42 2.0632052246761418e-01 -4.3646607387451791e-01
43 2.8369337647119275e-01 -5.8773450819963302e-01
44 3.3151243004324038e-01 -6.8122354203880797e-01
45 -1.3296700270676506e-01 2.8600024990730488e-01
46 -7.7372854012522724e-02 1.5126843439006210e-01
47 -1.8412141676949274e-17 1.4100675660340333e-17
48 -1.4918238562850777e-01 3.0901699445650371e-01
49 -7.7062400889950450e-02 1.5310908837789799e-01
50 -2.0632052246761426e-01 4.3646607387451786e-01
51 -2.8369337647119275e-01 5.8773450819963302e-01
52 7.7372854012522849e-02 -1.5126843439006205e-01
53 -2.8369337647119253e-01 5.8773450819963302e-01
54 -2.0632052246761401e-01 4.3646607387451786e-01
55 -3.3151243004324094e-01 6.8122354203880797e-01
56 -3.3983471368039253e-01 7.1049383409029487e-01
57 -2.4138217042803964e-01 4.9999999997285083e-01
58 2.0632052246761429e-01 -4.3646607387451786e-01
59 -3.1248581202458126e-17 1.4100675660340336e-17
60 7.7062400889950547e-02 -1.5310908837789799e-01
61 3.3151243004324021e-01 -6.8122354203880808e-01
62 4.1689711459036904e-01 -8.6360292239741410e-01
63 3.3983471368039281e-01 -7.1049383409029487e-01
64 -4.5902552549031511e-01 9.5097441063800559e-01
65 -4.8276434089690962e-01 1.0000000000000000e+00
66 -4.5902552549031544e-01 9.5097441063800559e-01
67 -1.2751309545053421e-01 2.6975086852293417e-01
68 -2.5270500302358062e-01 5.1450833675716778e-01
69 -2.5430892095578234e-01 5.2573111204972622e-01
70 -2.1002940363978204e-01 4.3910933826935877e-01
71 1.4918238562850794e-01 -3.0901699445650371e-01
72 -4.5902552549031517e-01 9.5097441063800559e-01
73 -4.6452429760788805e-01 9.5822954298693974e-01
74 -4.1689711459036899e-01 8.6360292239741421e-01
75 -2.4138217042803981e-01 4.9999999997285077e-01
76 3.9056455604415630e-01 -8.0901699436057484e-01
77 1.4918238562850777e-01 -3.0901699445650371e-01
78 4.1148047780759212e-01 -8.5065080839493612e-01
79 3.3983471368039292e-01 -7.1049383409029487e-01
80 3.3983471368039275e-01 -7.1049383409029487e-01
81 4.1120647190388665e-01 -8.5748537678923298e-01
82 4.5902552549031517e-01 -9.5097441063800559e-01
83 4.5902552549031500e-01 -9.5097441063800559e-01
84 -7.7372854012522668e-02 1.5126843439006210e-01
85 4.1148047780759156e-01 -8.5065080839493612e-01
86 4.6452429760788766e-01 -9.5822954298693963e-01
87 4.1689711459036916e-01 -8.6360292239741410e-01
88 7.7372854012522668e-02 -1.5126843439006205e-01
89 -2.8277247078245507e-18 3.2882235295815415e-17
90 -7.7372854012522682e-02 1.5126843439006207e-01
91 3.3471898751802409e-01 -6.8684504713636940e-01
92 -4.1689711459036943e-01 8.6360292239741410e-01
93 -4.5902552549031528e-01 9.5097441063800559e-01
94 -3.9056455604415602e-01 8.0901699436057484e-01
95 2.0632052246761423e-01 -4.3646607387451786e-01
96 2.4138217042803983e-01 -4.9999999997285077e-01
97 -2.5430892095578234e-01 5.2573111204972622e-01
98 -3.3471898751802426e-01 6.8684504713636929e-01
99 -2.1002940363978187e-01 4.3910933826935877e-01
100 -4.1120647190388659e-01 8.5748537678923309e-01
101 -3.3471898751802381e-01 6.8684504713636929e-01
102 4.1689711459036893e-01 -8.6360292239741410e-01
103 -3.9056455604415657e-01 8.0901699436057495e-01
104 2.4138217042803947e-01 -4.9999999997285077e-01
105 2.5270500302358023e-01 -5.1450833675716778e-01
106 1.4918238562850780e-01 -3.0901699445650371e-01
107 4.6452429760788755e-01 -9.5822954298693974e-01
108 4.8276434089690923e-01 -1.0000000000000000e+00
109 -3.3151243004324038e-01 6.8122354203880808e-01
110 -3.3983471368039281e-01 7.1049383409029487e-01
111 -2.4138217042803975e-01 4.9999999997285077e-01
112 -2.5270500302358045e-01 5.1450833675716767e-01
113 -2.4138217042803964e-01 4.9999999997285072e-01
114 -2.0632052246761412e-01 4.3646607387451786e-01
115 7.7062400889950478e-02 -1.5310908837789799e-01
116 -4.1120647190388665e-01 8.5748537678923309e-01
117 1.2751309545053410e-01 -2.6975086852293406e-01
118 7.7813338576248114e-18 2.8165394474927507e-17
119 -1.2468958391295562e-01 2.4773570891434252e-01
120 -2.8610816063679182e-17 1.8776929649951671e-17
121 -2.0632052246761426e-01 4.3646607387451786e-01
122 -1.2468958391295534e-01 2.4773570891434252e-01
123 -4.1689711459036910e-01 8.6360292239741410e-01
124 1.2468958391295541e-01 -2.4773570891434243e-01
125 -8.9385228454047484e-18 3.3796701221474289e-17
126 -4.6452429760788744e-01 9.5822954298693963e-01
127 2.8369337647119253e-01 -5.8773450819963291e-01
128 2.1002940363978184e-01 -4.3910933826935872e-01
129 2.1002940363978184e-01 -4.3910933826935872e-01
130 4.1689711459036888e-01 -8.6360292239741421e-01
131 -3.2786249144879261e-17 1.6429813443707712e-17
132 -4.7169418801923870e-17 2.8163917684561905e-17
133 -7.7062400889950491e-02 1.5310908837789799e-01
134 7.7062400889950478e-02 -1.5310908837789799e-01
135 -3.7406502723434364e-17 2.8163917684561905e-17
136 2.4138217042803967e-01 -4.9999999997285083e-01
137 1.2468958391295532e-01 -2.4773570891434243e-01
138 -4.1148047780759173e-01 8.5065080839493612e-01
139 -1.4918238562850780e-01 3.0901699445650371e-01
140 1.3296700270676501e-01 -2.8600024990730477e-01
141 7.7372854012522807e-02 -1.5126843439006205e-01
142 2.8369337647119219e-01 -5.8773450819963302e-01
143 1.4918238562850772e-01 -3.0901699445650371e-01
144 2.5430892095578228e-01 -5.2573111204972622e-01
145 2.1002940363978198e-01 -4.3910933826935877e-01
146 1.2468958391295550e-01 -2.4773570891434249e-01
147 7.7062400889950505e-02 -1.5310908837789799e-01
148 -4.1148047780759156e-01 8.5065080839493612e-01
149 -3.3983471368039259e-01 7.1049383409029487e-01
150 4.5902552549031528e-01 -9.5097441063800559e-01
151 1.2751309545053424e-01 -2.6975086852293412e-01
152 1.2468958391295538e-01 -2.4773570891434243e-01
153 -3.3471898751802448e-01 6.8684504713636940e-01
154 -1.4918238562850775e-01 3.0901699445650371e-01
155 -7.7372854012522793e-02 1.5126843439006207e-01
156 -1.0059463076726190e-17 2.3501126100567222e-17
157 3.9056455604415580e-01 -8.0901699436057495e-01
158 4.5902552549031572e-01 -9.5097441063800559e-01
159 -3.9056455604415602e-01 8.0901699436057495e-01
160 -1.3296700270676520e-01 2.8600024990730483e-01
161 -2.1002940363978173e-01 4.3910933826935877e-01
