815 8 BEM3DMeshData
1 -0.0312933 0.204883 -0.234515 0.13094 -0.0192519 0.0533493 0 0
0 -0.0371069 0.442859 0.147386 0.0319694 0.0139234 -0.00805153 0 0
2 -0.0335284 0.205816 -0.22903 0.128483 -0.0189981 0.0533465 0 0
3 -0.0752577 0.810446 0.682444 0.00626804 0.135446 -0.00104357 0 0
4 -0.0778079 0.436169 0.17414 0.00791786 0.00449819 0.021883 0 0
6 0.0556575 -0.209553 -0.00215059 0.0229359 -0.00348348 0.0257702 0 0
7 0.0561209 -0.23176 0.220006 -0.088769 0.015105 -0.0181905 0 0
5 -0.0747184 0.812328 0.709305 -0.0167906 0.123141 0.0332301 0 0
8 0.0545026 -0.228664 0.186802 -0.0709058 0.0118522 -0.0101944 0 0
9 -0.0624833 0.137516 -0.214382 0.111358 -0.00769175 -1.93881e-05 0 0
10 -0.0595691 0.12955 -0.256103 0.128344 -0.00792792 0.042831 0 0
11 -0.0532176 0.0829036 -0.245322 0.119408 -0.000132725 -1.32268e-05 0 0
12 -0.0656662 0.222057 -0.218742 0.127065 -0.0215943 -0.0529729 0 0
13 -0.0557441 0.126241 -0.289415 0.141893 -0.00929941 -0.0618525 0 0
14 -0.0634105 0.212044 -0.226148 0.126429 -0.0198934 -0.0531299 0 0
15 -0.0330445 0.0347637 -0.274533 0.128456 0.00676521 -0.0459755 0 0
16 -0.0445773 0.0839218 -0.287561 0.137291 -0.00119756 -0.0553406 0 0
17 -0.0369264 0.0389775 -0.268285 0.126057 0.0060463 -0.0382182 0 0
18 0.04077 -0.164627 -0.244923 0.126147 -0.0107092 0.0758102 0 0
19 0.0256777 -0.125855 -0.380201 0.178115 -0.00611657 0.103351 0 0
20 0.0261364 -0.121458 -0.391753 0.181833 -0.00432004 0.10552 0 0
21 0.00277657 -0.0431922 -0.191475 0.0909615 0.0130719 -0.037736 0 0
23 -0.00864239 0.00613945 -0.261062 0.121477 0.0103421 -0.0489675 0 0
24 0.0298814 -0.223864 0.152877 -0.0529349 0.00889405 0.00653074 0 0
25 0.0245849 -0.185308 -0.110684 0.0691369 -0.00726465 0.064994 0 0
26 0.0270824 -0.185308 -0.121521 0.0745743 -0.00754552 0.0594248 0 0
27 0.0268878 -0.224844 0.160325 -0.0578402 0.00901036 -0.0184161 0 0
28 0.0219863 -0.223246 0.117599 -0.0371993 0.00321564 -0.0683541 0 0
29 0.0167765 -0.243155 0.334083 -0.152118 0.0255837 0.0211502 0 0
30 0.0583275 -0.208033 -0.0237129 0.0332345 -0.00475528 -0.0271889 0 0
31 0.0575188 -0.228611 0.18413 -0.0695877 0.0118559 0.0130108 0 0
32 0.0589478 -0.231632 0.21422 -0.0854488 0.0145676 0.0164327 0 0
33 -0.00645982 -0.0217175 -0.2361 0.110329 0.0134473 -0.0453855 0 0
34 -0.0159755 0.00426619 -0.261117 0.121332 0.0110133 -0.0512822 0 0
35 -0.0169754 0.00960795 -0.26553 0.123414 0.0104275 -0.0506879 0 0
36 0.0404206 -0.160856 -0.276639 0.140812 -0.0110156 -0.0638104 0 0
37 0.0521345 -0.187455 -0.1528 0.0902176 -0.0100274 -0.0425397 0 0
38 0.0518673 -0.187519 -0.164883 0.096022 -0.0104764 -0.0370355 0 0
39 0.0300694 -0.243176 0.357342 -0.167992 0.0294156 -0.0477915 0 0
40 0.0315318 -0.243176 0.354476 -0.166277 0.0291825 -0.0485757 0 0
41 0.00270046 -0.0479621 -0.191976 0.0910909 0.0139412 0.0402267 0 0
42 -0.00438158 -0.0225291 -0.231821 0.10831 0.0132974 0.0479489 0 0
43 0.00242403 -0.0446656 -0.194614 0.0922095 0.0135437 0.0402419 0 0
44 0.0231704 -0.0665917 -0.178625 0.0860727 0.0150762 0.0355885 0 0
45 0.0127024 -0.064471 -0.214323 0.102375 0.0167746 0.0260526 0 0
46 0.00137536 -0.046362 -0.215833 0.102282 0.0148844 0.030549 0 0
47 0.00268996 -0.0479621 -0.191987 0.0910952 0.0139425 -0.0402429 0 0
48 0.015201 -0.0643599 -0.16397 0.0792677 0.013926 -0.0357081 0 0
49 0.00241167 -0.0446656 -0.194621 0.0922117 0.0135449 -0.040265 0 0
50 0.00363729 -0 -0.109762 0.0318675 0.142735 0 0 0
51 0.00833436 -0 -0.123094 0.0391367 0.139081 0 0 0
52 0.008966 -0 -0.0929063 0.0233069 0.144194 0 0 0
53 0.00606342 0 -0.0498941 -0.00286994 0.16424 0 0 0
54 0.0062136 0 -0.0156725 -0.0285613 0.19455 0 0 0
55 0.00819716 0 -0.0336374 -0.0142314 0.176255 0 0 0
56 -0.00461922 -0.0780832 -0.46388 0.213311 0.00406686 -9.38629e-06 0 0
57 0.0193656 -0.116648 -0.408415 0.192045 -0.00429922 -0.0509802 0 0
22 0.00277818 -0.041578 -0.190066 0.0902284 0.0127102 -0.0360974 0 0
59 -0.00606788 -0.0217175 -0.234657 0.109621 0.0134165 -0.046794 0 0
60 0.00299556 -0.0431922 -0.178117 0.0850552 0.0120468 -0.032887 0 0
61 0.0113141 -0.0643599 -0.141374 0.0690539 0.0120864 -0.0302123 0 0
62 -0.0291763 0.177884 -0.685627 0.287853 0.114255 0.164169 0 0
63 -0.0276452 0.177736 -0.687366 0.288496 0.11439 0.16436 0 0
64 -0.0450261 0.533425 -0.156565 0.207072 0.229829 0.10966 0 0
65 -0.0141316 0.0118393 -0.26821 0.124533 0.0100779 0.0534841 0 0
66 -0.00545039 -0.0217175 -0.238167 0.111167 0.0135877 0.0473564 0 0
67 -0.0149021 0.0118393 -0.268318 0.124553 0.0100876 0.0540546 0 0
68 0.0393315 -0.160862 -0.28401 0.144548 -0.0111907 -0.0543761 0 0
69 -0.000877254 -0.0165874 -0.596052 0.252946 0.0312147 -0.148585 0 0
70 -0.019883 0.171459 -0.697419 0.29183 0.114313 -0.17105 0 0
71 -0.000753218 -0.0165874 -0.597339 0.253386 0.0313018 -0.149149 0 0
72 -0.000565639 -0.0165874 -0.599185 0.254039 0.0314568 -0.149748 0 0
73 -0.0164271 0.168173 -0.710978 0.296785 0.115116 -0.173092 0 0
74 -0.000451683 -0.016845 -0.598055 0.253719 0.0313264 -0.148749 0 0
75 -0.0154447 0.00754146 -0.262798 0.121965 0.0103951 -0.0551991 0 0
76 -0.0149189 0.0118393 -0.268355 0.124571 0.0100897 -0.0540301 0 0
77 -0.0333691 0.0813814 -0.291174 0.138145 -0.000986609 -0.0608647 0 0
78 0.00359818 -0.0220011 -0.0932158 0.0454235 0.00540051 -0.0129357 0 0
79 0.00479516 -0.0400599 -0.145229 0.0701912 0.00929886 -0.0122006 0 0
80 0.00514654 -0.0447279 -0.0801967 0.0396225 0.00635875 -0.0247807 0 0
81 -0.00164939 -0.0165874 -0.595785 0.253026 0.0310509 -0.147129 0 0
82 -0.0248046 0.175697 -0.68884 0.28883 0.114217 -0.167279 0 0
83 -0.00140859 -0.0165874 -0.59449 0.252478 0.0310603 -0.147377 0 0
84 -0.0210565 0.172536 -0.694065 0.290659 0.114135 -0.169958 0 0
85 -0.0747976 0.812328 0.709339 -0.0164633 0.123186 -0.0335315 0 0
86 -0.0624533 0.943221 0.851033 -0.0545249 0.126209 -0.0360663 0 0
87 -0.0658325 0.940952 0.949538 -0.0928914 0.138323 -0.000358122 0 0
88 -0.0225491 0.623483 -0.117702 0.190694 0.225864 -0.0439153 0 0
89 -0.0262975 0.812121 0.591395 0.0475354 0.156299 0.0648051 0 0
90 -0.0124171 0.491142 -0.0927825 0.168513 0.140199 0.0427101 0 0
91 -0.0183518 0.00245372 -0.253601 0.118107 0.0109254 -0.0481498 0 0
92 -0.0285236 0.0326188 -0.27765 0.129173 0.00690617 -0.0582241 0 0
93 -0.0297096 0.0350891 -0.284022 0.132294 0.00693887 -0.0538566 0 0
94 -0.0300294 0.797734 0.652666 0.0160792 0.162556 -0.0270541 0 0
95 -0.0315516 0.446516 0.120226 0.0451064 0.00870179 -0.0131306 0 0
96 -0.0345365 0.444671 0.158627 0.0361241 0.0116874 -0.007693 0 0
97 0.0500997 -0.187316 -0.138405 0.0828166 -0.00950415 -0.0514322 0 0
98 0.0398798 -0.160316 -0.260219 0.132314 -0.010462 -0.0757007 0 0
99 0.0392617 -0.160854 -0.258121 0.131726 -0.0105257 -0.0778794 0 0
100 -0.00102837 -0.0165874 -0.595031 0.252606 0.0311412 -0.148067 0 0
101 -0.0279712 0.0393239 -0.297065 0.138 0.00668219 -0.0588518 0 0
102 -0.0164687 -0.0190716 -0.231942 0.109436 0.0120308 -3.21512e-05 0 0
103 -0.012312 -0.0216934 -0.231982 0.109297 0.0125603 0.0200759 0 0
104 -0.00391215 -0.0399109 -0.227396 0.107711 0.0142198 -7.05982e-05 0 0
105 0.00892914 -0.209022 0.0150574 0.00555162 -0.00649477 -0.136653 0 0
106 0.00879165 -0.229509 0.0618878 -0.0134657 -0.00463787 -0.137232 0 0
107 -0.0349543 0.536465 -0.161965 0.207989 0.234147 -0.114006 0 0
108 -0.0331133 0.542678 -0.160542 0.206548 0.23581 -0.113396 0 0
109 -0.0486691 0.130019 -0.30735 0.149955 -0.00990299 -0.0659718 0 0
110 -0.0572717 0.224421 -0.223425 0.132005 -0.0226037 -0.0542791 0 0
111 -0.05923 0.211329 -0.233659 0.129929 -0.0201816 -0.0539472 0 0
112 -0.0349417 0.536465 -0.161974 0.207989 0.234149 0.113977 0 0
113 -0.0368292 0.532372 -0.162417 0.208783 0.232754 0.11405 0 0
114 -0.0222555 0.173602 -0.691447 0.289747 0.114048 0.168931 0 0
115 0.0220219 -0.223246 0.117966 -0.0373911 0.00324286 0.0683271 0 0
116 0.026924 -0.224844 0.160602 -0.0579887 0.00903435 0.0183281 0 0
117 0.016805 -0.243155 0.334272 -0.152234 0.0256051 -0.0212031 0 0
118 -0.0125543 -0.0145345 -0.558735 0.24285 0.0273761 0.104652 0 0
119 -0.045063 0.177884 -0.594421 0.257715 0.100161 0.132644 0 0
120 -0.0166039 -0.0127218 -0.530533 0.233393 0.0251984 0.0788674 0 0
121 -0.0371288 0.0501347 -0.445382 0.199718 0.040878 -6.43291e-05 0 0
122 -0.0500772 0.154189 -0.408669 0.189256 0.0621841 -6.36163e-05 0 0
123 -0.0474832 0.173891 -0.517139 0.227669 0.0895637 -0.114355 0 0
124 -0.0752745 0.810446 0.682135 0.00650499 0.135446 0.00120244 0 0
125 -0.0778283 0.436169 0.17344 0.00825291 0.00424426 -0.0220204 0 0
126 0.0595667 -0.208867 -0.0311732 0.0371321 -0.00504388 0.021078 0 0
127 0.060068 -0.229099 0.17949 -0.0670352 0.011606 -0.0146444 0 0
128 0.0589209 -0.208972 -0.0198487 0.0315311 -0.00441755 0.0229456 0 0
129 -0.00750321 0.00613945 -0.259889 0.121148 0.0102148 -0.0445598 0 0
130 -0.0235049 0.174656 -0.689676 0.289122 0.114078 0.168063 0 0
131 -0.0247996 0.175697 -0.68878 0.288813 0.114206 0.167247 0 0
132 -0.00140458 -0.0165874 -0.594453 0.252468 0.0310572 0.147338 0 0
133 0.0125875 -0.122222 -0.29861 0.140725 -0.00303238 -0.112558 0 0
134 0.00515346 -0.137273 -0.150334 0.0731503 -0.00509503 -0.138981 0 0
135 0.0206718 -0.185258 -0.0814196 0.0512877 -0.00693439 -0.105683 0 0
136 -0.0270788 0.444432 0.0732037 0.0741695 0.00628912 0.0587439 0 0
137 -0.0125197 0.36312 -0.204173 0.155962 0.0778896 0.0586904 0 0
138 -0.0131436 0.501784 -0.0303217 0.144497 0.0972992 0.0676891 0 0
139 -0.0615887 0.225155 -0.218661 0.129803 -0.0226139 0.0554181 0 0
140 -0.0524879 0.130057 -0.301991 0.147679 -0.00976033 0.06469 0 0
141 -0.0634048 0.212044 -0.22617 0.126439 -0.0198939 0.0531237 0 0
142 0.00301913 -0.0481539 -0.194642 0.0923128 0.0141092 0.0398539 0 0
143 0.017097 -0.0643599 -0.165938 0.0801836 0.0140467 0.035323 0 0
144 0.00315138 -0.0486013 -0.194307 0.0923124 0.0141533 0.0397306 0 0
145 0.0384581 -0.180212 -0.169989 0.0958903 -0.00985253 -0.0642137 0 0
146 0.0443805 -0.208867 -0.0150409 0.0289206 -0.00447478 -0.0337091 0 0
147 0.0401993 -0.180212 -0.169263 0.0955656 -0.00981487 -0.0640504 0 0
148 0.045423 -0.230672 0.209674 -0.0836064 0.0140531 0.0119242 0 0
149 0.0464921 -0.208867 -0.0137311 0.0282824 -0.00438619 -0.0334687 0 0
150 -0.0740751 0.806986 0.668484 0.0120382 0.146815 0.0129458 0 0
151 -0.0718467 0.804467 0.661576 0.0151525 0.160409 0.0196321 0 0
152 -0.0642533 0.594435 -0.0671157 0.167737 0.209552 -0.0796143 0 0
153 -0.0524951 0.130057 -0.302045 0.147701 -0.00976095 -0.064715 0 0
154 -0.0257977 0.0810668 -0.291304 0.138142 -0.000854031 0.0603617 0 0
155 -0.0273032 0.0810668 -0.289529 0.137355 -0.000857115 0.0604591 0 0
156 -0.0377407 0.206363 -0.222493 0.125575 -0.0185904 0.0527721 0 0
157 -0.0112311 0.0070898 -0.259646 0.120726 0.0101647 0.0521138 0 0
158 -0.00439319 -0.0225291 -0.231829 0.108313 0.0132983 -0.0479675 0 0
159 -0.0112444 0.0070898 -0.259647 0.120725 0.0101651 -0.0521372 0 0
160 -0.0120771 0.0118393 -0.267433 0.124203 0.0100298 -0.0532289 0 0
161 0.0271944 -0.126274 -0.380921 0.178962 -0.0061587 0.097274 0 0
162 0.0402427 -0.160854 -0.258 0.131913 -0.0105054 0.0742583 0 0
163 0.0269119 -0.126473 -0.378266 0.177519 -0.00613208 0.101193 0 0
164 0.0315312 -0.243176 0.35463 -0.166363 0.0291892 0.0484415 0 0
165 0.0329836 -0.243176 0.345246 -0.160291 0.0279613 0.0435977 0 0
166 -0.0670035 0.616839 0.0794689 0.112437 0.175853 -0.0873333 0 0
167 0.0474456 -0.187612 -0.134291 0.0810894 -0.00943059 0.0555762 0 0
168 0.0488597 -0.187932 -0.133155 0.0808012 -0.00940768 0.051462 0 0
169 -0.00961568 -0.0205023 -0.234156 0.109781 0.0129896 0.0376065 0 0
170 -0.020899 0.00346664 -0.253206 0.118279 0.0106479 0.0399959 0 0
171 -0.0194396 0.0027647 -0.25459 0.118687 0.0108365 0.0450893 0 0
172 -0.0407688 0.529266 -0.161535 0.209068 0.230934 -0.112998 0 0
173 -0.0387738 0.530056 -0.162227 0.209101 0.231711 -0.113739 0 0
174 0.0386023 -0.209542 -0.00803154 0.0252883 -0.00430611 0.0413108 0 0
175 0.033133 -0.184408 -0.135862 0.0807625 -0.00820129 0.0642083 0 0
176 0.0349473 -0.180212 -0.169834 0.0957841 -0.00984651 0.0648378 0 0
177 0.0345157 -0.224718 0.164371 -0.0591265 0.010165 0.000413405 0 0
178 0.0311709 -0.185308 -0.125968 0.0767566 -0.00766349 0.0577762 0 0
179 0.0368677 -0.227258 0.185669 -0.0715682 0.0120439 0.000932689 0 0
180 0.0245322 -0.185308 -0.111196 0.0693651 -0.00729052 -0.0652313 0 0
181 0.0143053 -0.122371 -0.351479 0.165356 -0.0032225 -0.103529 0 0
182 -0.0318034 0.0810668 -0.289235 0.137265 -0.000825892 -0.0596764 0 0
183 -0.0302727 0.0810668 -0.289195 0.137224 -0.000837816 -0.0601402 0 0
184 -0.0439396 0.206363 -0.220731 0.12482 -0.0184042 -0.0519292 0 0
185 -0.00577798 -0.0217175 -0.236857 0.110566 0.0135379 0.0476915 0 0
186 0.0033286 -0.0486013 -0.194988 0.0926328 0.0141879 0.0394276 0 0
187 -0.00605527 -0.0217175 -0.234533 0.109567 0.0134092 0.0467508 0 0
188 0.0419672 -0.180212 -0.167678 0.0948058 -0.0097419 -0.064575 0 0
189 0.0484773 -0.208867 -0.0103691 0.026638 -0.00416802 -0.032962 0 0
190 -0.0235119 0.174656 -0.689703 0.289127 0.114085 -0.168091 0 0
191 -0.0398547 0.177884 -0.647624 0.276167 0.107641 -0.14635 0 0
192 -0.0591473 0.576157 -0.109348 0.185938 0.223121 -0.0968462 0 0
193 -0.0372325 0.15312 -0.675796 0.283741 0.101541 -0.154819 0 0
194 -0.0711784 0.644926 0.549411 -0.0944364 0.0661859 -0.000325971 0 0
195 -0.0240242 0.00233058 -0.506044 0.225603 0.0277788 -3.54558e-05 0 0
196 -0.0474718 0.173891 -0.516615 0.227481 0.0894671 0.114273 0 0
197 0.0484726 -0.208867 -0.0105797 0.026743 -0.00417941 0.0329287 0 0
198 0.0492533 -0.230498 0.209882 -0.0837477 0.0141038 -0.0130937 0 0
199 0.0473787 -0.231001 0.215552 -0.0863424 0.0145644 -0.0135506 0 0
200 -0.0702667 0.227278 -0.099546 0.0728762 -0.0160611 -6.78849e-05 0 0
201 -0.0727429 0.286105 0.0360134 0.0213328 -0.0136324 -0.000113598 0 0
202 -0.025914 0.202964 -0.256786 0.14122 -0.0195353 0.0428914 0 0
203 -0.0269002 0.444432 0.0740763 0.073631 0.00703662 -0.0602916 0 0
204 -0.0242513 0.0810668 -0.293616 0.139153 -0.000851101 0.0605008 0 0
205 -0.0356634 0.206363 -0.225058 0.126711 -0.0187844 0.05308 0 0
206 0.00279972 -0.041578 -0.190021 0.0902099 0.0127057 0.0360393 0 0
207 0.00302177 -0.0431922 -0.178006 0.0850069 0.012038 0.0328135 0 0
208 0.0113334 -0.0643599 -0.141335 0.0690373 0.0120818 0.0301712 0 0
209 -0.0728896 0.415354 0.219208 -0.0270587 0.00349415 -0.00011114 0 0
210 -0.0242668 0.0810668 -0.293609 0.139148 -0.000851712 -0.0605315 0 0
211 -0.0226748 0.0810668 -0.295888 0.140163 -0.000845866 -0.0603021 0 0
212 -0.0335479 0.205816 -0.229023 0.128478 -0.0190024 -0.0533914 0 0
213 -0.0387664 0.530056 -0.162201 0.209097 0.231691 0.113716 0 0
214 -0.021188 0.202224 -0.264296 0.147188 -0.0135236 -0.0187671 0 0
215 -0.0104702 -0.0218363 -0.233029 0.109512 0.012909 0.0299496 0 0
216 -0.0259636 0.202964 -0.256984 0.14128 -0.0196393 -0.0436507 0 0
217 -0.0213403 0.202224 -0.266197 0.148048 -0.0137222 0.0178339 0 0
218 -0.0443063 0.433473 0.144581 0.0331322 0.012499 -0.00578011 0 0
219 -0.0397986 0.206363 -0.221094 0.12496 -0.0184762 0.0524974 0 0
220 -0.0466827 0.431478 0.142166 0.0342641 0.0117305 -0.00522358 0 0
221 0.00300028 -0.049418 -0.198838 0.0945296 0.0144198 0.0360534 0 0
222 0.0218507 -0.0643599 -0.171367 0.0827235 0.0143561 0.0337588 0 0
223 -0.0288608 0.203932 -0.243113 0.134832 -0.0195981 0.0518478 0 0
224 -0.0209596 0.0810668 -0.298147 0.14121 -0.000837829 0.0592468 0 0
225 -0.0255128 0.0331972 -0.28944 0.134293 0.00708483 0.0603924 0 0
226 -0.0154252 0.00754146 -0.26276 0.121948 0.0103924 0.0551945 0 0
227 -0.0159599 0.00426619 -0.261039 0.121299 0.0110099 0.0512568 0 0
228 0.0121264 -0.081551 -0.515798 0.227678 0.00573619 -0.126768 0 0
229 0.0269134 -0.126473 -0.378772 0.177729 -0.00614442 -0.101262 0 0
230 0.0271956 -0.126274 -0.380804 0.178914 -0.00615522 -0.097245 0 0
231 0.0257014 -0.126473 -0.37889 0.17753 -0.00614317 -0.104087 0 0
232 0.0372218 -0.160854 -0.257126 0.131047 -0.0105249 -0.0812552 0 0
233 0.0383714 -0.160854 -0.259349 0.132234 -0.0105685 -0.078449 0 0
234 -0.00164813 -0.0165874 -0.595719 0.253004 0.0310469 0.147092 0 0
235 -0.00197578 -0.015484 -0.603916 0.255675 0.0321547 0.150869 0 0
236 0.0245011 -0.118362 -0.399518 0.183973 -0.00336518 0.113539 0 0
237 0.0443858 -0.208867 -0.0150713 0.0289365 -0.00447562 0.0336795 0 0
238 0.0454274 -0.230672 0.209633 -0.0835838 0.0140508 -0.011947 0 0
239 0.0434679 -0.230955 0.213125 -0.0849631 0.0142982 -0.0123131 0 0
240 -0.0669523 0.616839 0.0803898 0.112156 0.175391 0.0871938 0 0
241 0.0216603 -0.122371 -0.369191 0.17299 -0.00337726 0.103401 0 0
242 0.0225878 -0.122371 -0.368865 0.172853 -0.00337097 0.103374 0 0
243 0.0402024 -0.180212 -0.169295 0.0955827 -0.00981562 0.0640075 0 0
244 0.0528815 -0.231001 0.217655 -0.0875759 0.014852 -0.0160821 0 0
245 0.0331158 -0.184408 -0.135861 0.0807591 -0.00820229 -0.0642568 0 0
246 0.018766 -0.122371 -0.370848 0.173593 -0.0033941 -0.1046 0 0
247 0.0177274 -0.122371 -0.370255 0.173296 -0.00337633 -0.105083 0 0
248 -0.00120557 -0.0165874 -0.594424 0.252416 0.0310886 -0.147655 0 0
249 -0.0222647 0.173602 -0.691462 0.289748 0.114055 -0.168962 0 0
250 0.0207148 -0.122371 -0.369676 0.173171 -0.00338235 -0.10371 0 0
251 0.00822326 -0.242226 0.131482 -0.0469771 0.000386398 0.136389 0 0
252 0.0166017 -0.24177 0.214948 -0.0855064 0.0102061 0.0748796 0 0
253 0.00593247 -0.250411 0.300229 -0.133785 0.0177044 0.0903836 0 0
254 -0.0526185 0.206363 -0.220223 0.124618 -0.0184431 0.0507125 0 0
255 -0.0504196 0.206453 -0.220999 0.124986 -0.018386 0.0504659 0 0
256 -0.0351509 0.0909228 -0.304371 0.144687 -0.00215327 0.0622065 0 0
257 0.0132573 -0.0643599 -0.156813 0.0760909 0.0132885 0.032704 0 0
258 0.00279425 -0.0431922 -0.191456 0.0909542 0.0130694 0.0376967 0 0
259 0.0604209 -0.219399 0.0495903 -0.000794739 -0.000281312 -0.0112643 0 0
260 0.0598222 -0.209243 -0.0285451 0.0361125 -0.00488261 -0.0189193 0 0
261 -0.0515326 0.429445 0.137868 0.0363084 0.0105121 0.00472937 0 0
262 -0.0540226 0.429249 0.136116 0.0371425 0.0100846 0.00486932 0 0
263 -0.0460492 0.206363 -0.221126 0.125013 -0.0184009 -0.051521 0 0
264 -0.0177123 0.00747038 -0.259669 0.120687 0.0102493 -0.0528873 0 0
265 -0.0378095 0.0787732 -0.29419 0.138179 -0.000827801 -0.064113 0 0
266 -0.00694141 -0.021557 -0.236459 0.110502 0.013443 -0.0451823 0 0
267 -0.00656385 -0.0224729 -0.233158 0.109102 0.0133795 -0.0434345 0 0
268 0.0510462 -0.227961 0.180681 -0.0675824 0.0111791 -0.00716944 0 0
269 0.0283812 -0.243176 0.357384 -0.167924 0.029329 -0.0463581 0 0
270 -0.0075455 -0 -0.396589 0.169999 0.104108 0 0 0
271 -0.00759184 -0 -0.351357 0.145273 0.132862 0 0 0
272 -0.0101078 -0 -0.477662 0.197918 0.140344 0 0 0
273 -0.0307746 0.177884 -0.687038 0.288621 0.114155 0.162573 0 0
274 -0.00296997 -0.0109817 -0.617367 0.261225 0.033041 0.149035 0 0
275 0.0414244 -0.23088 0.210884 -0.0842617 0.01412 0.0110104 0 0
276 0.0403237 -0.208867 -0.0150357 0.0288866 -0.00451196 -0.0347325 0 0
277 0.0392997 -0.230498 0.206824 -0.0814012 0.0135288 0.00852843 0 0
278 -0.0345722 0.444671 0.158673 0.0361083 0.011641 0.00750956 0 0
279 -0.031608 0.446516 0.120317 0.0450906 0.0084892 0.012358 0 0
280 -0.0300927 0.797734 0.653652 0.0156783 0.162115 0.0262768 0 0
281 0.0362381 -0.16262 -0.252053 0.128662 -0.010487 0.086593 0 0
282 0.0363324 -0.158492 -0.265896 0.134806 -0.0104237 0.0810966 0 0
283 0.0458396 -0.186893 -0.135867 0.081605 -0.00948883 0.0570099 0 0
284 -0.00460386 -0.0217175 -0.235576 0.110005 0.0134628 0.0474321 0 0
285 -0.00487022 -0.0217175 -0.236519 0.110421 0.0135134 0.0475511 0 0
286 -0.0127591 0.0118393 -0.267347 0.124134 0.0100462 0.0538385 0 0
287 0.0244694 -0.243176 0.354592 -0.166021 0.0288728 0.0434922 0 0
288 0.0221991 -0.243176 0.347431 -0.161389 0.0279205 0.0395014 0 0
289 -0.0357615 0.15312 -0.682273 0.288335 0.105801 -0.166924 0 0
290 0.0121265 -0.081551 -0.51576 0.227665 0.00573569 0.126741 0 0
291 -0.0045392 -0.00289194 -0.644799 0.271431 0.0356337 0.1512 0 0
292 0.0113415 -0.0809133 -0.515374 0.227763 0.00582014 0.123424 0 0
293 -0.0618705 0.663857 0.41559 0.00831989 0.0911141 -0.000291865 0 0
294 0.00242277 0 -0.174882 0.0646247 0.13543 0 0 0
295 0.00161101 0 -0.150787 0.0535822 0.13365 0 0 0
296 0.00702603 0 -0.172871 0.0617053 0.144617 0 0 0
297 -0.00621231 -0.00917966 -0.599548 0.255831 0.0315421 -0.134098 0 0
298 -0.00540086 -0.00178506 -0.637553 0.26866 0.0357564 -0.150325 0 0
299 -0.00265679 -0.003016 -0.640765 0.269491 0.0356888 0.154051 0 0
300 0.00348196 -0.0409992 -0.168251 0.0807087 0.0107918 -0.021799 0 0
301 -0.00583346 0.00613945 -0.254007 0.118942 0.00982334 -0.0332206 0 0
302 0.0588808 -0.230902 0.208129 -0.0823357 0.0141921 -0.0181461 0 0
303 0.0574859 -0.207758 -0.0205473 0.0317617 -0.00453637 0.0271339 0 0
304 -0.00334264 -0 -0.233887 0.0932235 0.129766 0 0 0
305 -0.00503972 -0 -0.220793 0.0878325 0.126568 0 0 0
306 -0.00740512 -0 -0.266775 0.106295 0.13932 0 0 0
307 -0.0391191 0.776149 0.664132 -0.0015746 0.163137 -0.0261228 0 0
308 -0.0419404 0.436229 0.146938 0.0320429 0.0133198 -0.00653302 0 0
309 -0.041279 0.776739 0.664022 -0.000970749 0.164167 -0.0258298 0 0
310 0.00324188 -0.0483084 -0.195819 0.0928519 0.0141925 0.0396516 0 0
311 -0.061015 0.53805 -0.202666 0.193284 0.211192 -0.0951646 0 0
312 -0.0294982 0.00596994 -0.243699 0.114837 0.00955332 -1.84114e-05 0 0
313 -0.0254651 0.00302007 -0.244409 0.114908 0.0100092 -0.0206254 0 0
314 -0.0591431 0.576157 -0.109281 0.185924 0.223086 0.096836 0 0
315 -0.0610105 0.53805 -0.202636 0.19327 0.211189 0.095165 0 0
316 -0.0398517 0.177884 -0.647582 0.276152 0.107635 0.146344 0 0
317 -0.00119895 -0.0165874 -0.594412 0.252415 0.0310863 0.147623 0 0
318 -0.0472907 0.538431 -0.152656 0.20519 0.22971 0.107582 0 0
319 -0.0496531 0.544425 -0.148571 0.203272 0.229409 0.104749 0 0
320 -0.0125565 -0.0145345 -0.55878 0.242868 0.0273781 -0.104659 0 0
321 0.0230972 -0.118717 -0.399122 0.187802 -0.00502335 -0.0678714 0 0
322 -0.0276549 0.579119 -0.148388 0.196068 0.24205 0.10499 0 0
323 -0.0347888 0.778803 0.663443 0.000239011 0.160591 -0.0256933 0 0
324 -0.0294813 0.56341 -0.153074 0.200688 0.239473 0.109462 0 0
325 -0.00579139 0.00613945 -0.253679 0.118803 0.00981053 0.0329957 0 0
326 -0.0028477 0.00622122 -0.222349 0.105301 0.00843889 0.0028893 0 0
327 0.003513 -0.0409992 -0.168022 0.0806058 0.0107758 0.0217068 0 0
328 0.0488604 -0.187329 -0.13611 0.0819914 -0.00946469 -0.0531071 0 0
329 0.0555743 -0.208879 -0.00708542 0.0251718 -0.00376933 -0.0268719 0 0
330 -0.0150795 0.167553 -0.710853 0.297586 0.114139 -0.167955 0 0
331 -0.000237435 -0.0177634 -0.587723 0.250273 0.0303892 -0.143561 0 0
332 -0.0540147 0.429249 0.13607 0.0371652 0.0100716 -0.00486032 0 0
333 -0.0460399 0.206363 -0.221169 0.125031 -0.0184039 0.0515287 0 0
334 -0.0482115 0.207013 -0.213969 0.125178 -0.018482 0.0510379 0 0
335 -0.061758 0.431185 0.131497 0.0394053 0.00868249 -0.00470528 0 0
336 -0.0591454 0.430174 0.133578 0.038347 0.00928114 -0.00497105 0 0
337 -0.0369217 0.0389775 -0.268322 0.126075 0.00604714 0.038194 0 0
338 -0.0464008 0.0771883 -0.273191 0.130402 0.000240518 0.0473787 0 0
339 -0.0445709 0.0839218 -0.28756 0.13729 -0.0011972 0.0553477 0 0
340 0.00306277 -0.0830832 -0.181089 0.0829649 0.00285921 0.123874 0 0
341 0.0126895 -0.122222 -0.296174 0.139686 -0.00302243 0.112201 0 0
342 0.00522351 -0.137273 -0.149172 0.0726047 -0.00506881 0.13898 0 0
343 0.023097 -0.118717 -0.399079 0.187784 -0.00502273 0.0678696 0 0
344 0.0368975 -0.1609 -0.298273 0.15152 -0.0114998 0.0366164 0 0
345 0.0393286 -0.160862 -0.283605 0.144369 -0.0111754 0.0543846 0 0
346 0.0235322 -0.122089 -0.370241 0.173664 -0.00318905 0.107422 0 0
347 -0.0662238 0.60143 -0.0198678 0.14981 0.194539 0.0795921 0 0
348 0.0260329 -0.116193 -0.409284 0.189675 -0.00401179 0.0892226 0 0
349 0.040416 -0.160856 -0.276399 0.140713 -0.0110047 0.0636943 0 0
350 0.0408037 -0.160855 -0.269501 0.137443 -0.010811 0.0674933 0 0
351 -0.0424247 0.177884 -0.629551 0.270272 0.10468 0.139481 0 0
352 -0.0642472 0.594435 -0.0670449 0.167708 0.209535 0.0796258 0 0
353 -0.0692525 0.770072 0.640439 -0.000492037 0.137125 -0.0247633 0 0
354 -0.067672 0.799096 0.667713 0.00953822 0.15535 -0.0155024 0 0
355 -0.0720227 0.437857 0.139117 0.035593 0.00837354 -0.00131803 0 0
356 -0.0434588 0.77776 0.663741 -5.51704e-05 0.164966 -0.025525 0 0
357 -0.00758362 -0.0157966 -0.582479 0.249796 0.0299575 -0.130083 0 0
358 0.0260341 -0.116193 -0.409347 0.1897 -0.00401273 -0.0892353 0 0
359 0.0250291 -0.118846 -0.399042 0.186618 -0.00403522 -0.0879751 0 0
360 -0.0574591 0.788767 0.660506 0.00805024 0.166276 -0.0239116 0 0
361 0.0143768 -0.122371 -0.350718 0.165087 -0.00322748 0.102857 0 0
362 -0.0372293 0.15312 -0.675762 0.283727 0.101538 0.154824 0 0
363 -0.00758172 -0.0157966 -0.58244 0.249781 0.0299562 0.130076 0 0
364 0.0291507 -0.185308 -0.124813 0.0762013 -0.00762748 -0.0580025 0 0
365 0.0155279 -0.122371 -0.364819 0.171007 -0.00331348 -0.104587 0 0
366 0.0270421 -0.185308 -0.121705 0.0746509 -0.00755719 -0.059609 0 0
367 -0.0311839 0.0350882 -0.278393 0.129914 0.00682149 -0.0515879 0 0
368 -0.0424154 0.0759016 -0.29609 0.139615 0.000331172 -0.0580573 0 0
369 -0.0690717 0.221597 -0.164269 0.102463 -0.0178042 0.0445335 0 0
370 -0.0123525 0.081246 -0.288413 0.138885 0.000972916 -0.00666467 0 0
371 0.0120606 -0.0787907 -0.516438 0.228138 0.0055248 -0.123685 0 0
372 0.0261117 -0.120042 -0.3983 0.184441 -0.00424663 -0.106047 0 0
373 -0.00297471 -0.0109817 -0.617253 0.261185 0.0330402 -0.14899 0 0
374 0.00828936 -0.193565 -0.0222282 0.0203396 -0.00696389 -0.143225 0 0
375 -0.0479261 0.780659 0.662922 0.00225269 0.166308 0.0249287 0 0
376 -0.0456783 0.77909 0.663387 0.00103192 0.165673 0.0252031 0 0
377 -0.000511276 0 -0.155945 0.0603128 0.112186 0 0 0
378 -0.0165305 0.0810668 -0.304793 0.144771 -0.000608613 0.0445465 0 0
379 0.0504731 -0.187407 -0.185684 0.105841 -0.0111967 -0.02573 0 0
380 0.0368982 -0.1609 -0.298297 0.151531 -0.0115004 -0.0366075 0 0
381 -0.0187359 0.170372 -0.701398 0.293226 0.114566 -0.17215 0 0
382 -0.0368386 0.532372 -0.162421 0.20878 0.232765 -0.114075 0 0
383 0.00879165 0 -0.0628961 0.00596155 0.154875 0 0 0
384 0.0458622 -0.187329 -0.134195 0.0809008 -0.00946978 -0.0570547 0 0
385 0.0504395 -0.208867 -0.00609823 0.0245719 -0.00385853 -0.031349 0 0
386 0.0522968 -0.208867 -0.00492344 0.0240373 -0.00373069 -0.0295835 0 0
387 -0.00503972 0.127693 -0.16523 0.0858477 -0.00135431 -0.0576783 0 0
388 -0.00282362 0.0633408 -0.182824 0.0888497 0.00289357 -0.0349009 0 0
389 -0.0285107 0.0326188 -0.277798 0.129238 0.00691024 0.0582264 0 0
390 -0.0183335 0.00245372 -0.253887 0.118233 0.0109375 0.0481821 0 0
391 -0.0296984 0.0350891 -0.284138 0.132345 0.00694205 0.053868 0 0
392 -0.0325385 0.177884 -0.687194 0.288918 0.113976 0.160843 0 0
393 0.0265124 -0.243176 0.356406 -0.167241 0.0291542 -0.0451202 0 0
394 -0.0134329 0.0118393 -0.267579 0.124237 0.0100571 0.0538295 0 0
395 -0.028778 0.0810668 -0.289097 0.137166 -0.00084925 0.0604332 0 0
396 -0.0175692 0.169276 -0.706087 0.294907 0.114887 0.173034 0 0
397 -0.0187158 0.170372 -0.701457 0.293255 0.114565 0.172099 0 0
398 -0.000632353 -0.0165874 -0.598534 0.253807 0.0313872 0.149563 0 0
399 -0.0371319 0.442859 0.147387 0.0319733 0.0139026 0.00796528 0 0
400 -0.0313162 0.204883 -0.234515 0.130935 -0.0192644 -0.0534425 0 0
401 -0.051524 0.429445 0.13782 0.0363318 0.0104975 -0.00472094 0 0
402 -0.0479189 0.780659 0.662909 0.00227238 0.166281 -0.0249258 0 0
403 -0.0490845 0.430163 0.139872 0.0353519 0.011053 -0.00485883 0 0
404 0.0120619 -0.0835407 -0.503895 0.222296 0.00579341 0.132988 0 0
405 -0.0443186 0.433473 0.144612 0.0331173 0.0125013 0.00576376 0 0
406 -0.0419554 0.436229 0.146969 0.0320283 0.0133182 0.00650524 0 0
407 -0.0412915 0.776739 0.664051 -0.000988448 0.164157 0.0258122 0 0
408 -0.0357613 0.15312 -0.682143 0.288288 0.105786 0.166916 0 0
409 0.0187823 -0.122371 -0.370866 0.173605 -0.00339467 0.104554 0 0
410 -0.000736917 -0.0165874 -0.597365 0.253401 0.0313003 0.149105 0 0
411 0.0197664 -0.122371 -0.370328 0.17342 -0.00338959 0.104052 0 0
412 0.00331781 -0.0486013 -0.195923 0.0931077 0.0142037 0.0380935 0 0
413 0.00319251 -0.0487843 -0.196988 0.0934738 0.0142466 0.0373882 0 0
414 -0.0662337 0.60143 -0.020227 0.149959 0.194614 -0.0794889 0 0
415 -0.00546204 -0.0217175 -0.238255 0.111207 0.0135918 -0.047352 0 0
416 -0.0141435 0.0118393 -0.26824 0.124548 0.0100791 -0.053463 0 0
417 -0.000535467 -0.0165874 -0.599249 0.254078 0.0314533 0.149639 0 0
418 -0.00788752 0 -0.414642 0.178494 0.0992561 0 0 0
419 -0.0103781 0 -0.493728 0.205834 0.133874 0 0 0
420 -0.00783542 0 -0.3583 0.148808 0.130259 0 0 0
421 0.0473771 -0.231001 0.215624 -0.086382 0.0145694 0.0135341 0 0
422 -0.0644701 0.432501 0.127972 0.0410739 0.00791628 -0.00570387 0 0
423 -0.0672247 0.434077 0.126505 0.0417688 0.00646646 -0.00341973 0 0
424 -0.0627576 0.793736 0.655876 0.0131763 0.159644 -0.0252585 0 0
425 -0.0718423 0.804467 0.661585 0.0151484 0.160407 -0.019625 0 0
426 0.0504304 -0.208867 -0.00634341 0.0246923 -0.00387438 0.0313873 0 0
427 0.052292 -0.208867 -0.00506552 0.0241064 -0.00374118 0.0296312 0 0
428 0.01981 -0.243176 0.337667 -0.155284 0.0267983 0.0367592 0 0
429 0.0298501 -0.223864 0.152713 -0.0528473 0.00887764 -0.00663307 0 0
430 -0.0101771 0.00485255 -0.623495 0.265324 0.0357431 -0.13055 0 0
431 0.00452273 -0.0773974 -0.502029 0.223921 0.00624145 -0.10298 0 0
432 -0.0194562 0.0027647 -0.254323 0.11857 0.010825 -0.0450521 0 0
433 0.000911798 -0 -0.178973 0.067196 0.132327 0 0 0
434 0.00522351 -0 -0.189942 0.0675576 0.154449 0 0 0
435 0.00248236 -0 -0.174087 0.0642224 0.135561 0 0 0
436 0.0511116 -0.18774 -0.137455 0.0828617 -0.00946217 0.0498265 0 0
437 0.0407113 -0.160854 -0.261462 0.133658 -0.0105908 0.0710351 0 0
438 0.0517913 -0.187137 -0.147031 0.0873336 -0.00982894 0.0464772 0 0
439 -0.0165797 0.0810668 -0.305064 0.144872 -0.000626021 -0.0450425 0 0
440 0.00813405 -0.0721561 -0.523021 0.231549 0.00701624 0.111878 0 0
441 -0.00621078 -0.00917966 -0.599494 0.255807 0.0315417 0.134121 0 0
442 -0.0489903 0.0748335 -0.259224 0.124508 0.0007129 0.0331195 0 0
443 -0.0413693 0.0401528 -0.252278 0.119685 0.00560351 -1.3195e-05 0 0
444 0.0322569 -0.225499 0.168113 -0.0619317 0.0105969 -0.000290951 0 0
445 0.0561066 -0.230979 0.215255 -0.086281 0.0147449 0.0177899 0 0
446 0.0544896 -0.228392 0.18525 -0.0701249 0.0117561 0.0104907 0 0
447 0.00702603 -0.161406 -0.0854644 0.0437655 -0.00650779 -0.153415 0 0
448 -0.00517246 -0.0217175 -0.237188 0.110724 0.0135448 -0.0474816 0 0
449 0.018849 -0.0643599 -0.167649 0.0809794 0.0141515 0.0349895 0 0
450 -0.0391346 0.776149 0.664173 -0.00159279 0.163132 0.0260921 0 0
451 -0.0395779 0.439816 0.148729 0.0312426 0.0140706 0.00748682 0 0
452 0.0170905 -0.0643599 -0.165967 0.0801967 0.0140493 -0.0353367 0 0
453 0.00314227 -0.0486013 -0.194354 0.0923332 0.0141565 -0.0397378 0 0
454 0.0188445 -0.0643599 -0.167698 0.081001 0.0141555 -0.0350028 0 0
455 0.0394852 -0.160714 -0.257752 0.131704 -0.0105057 0.0776802 0 0
456 -0.0223108 0.623483 -0.124733 0.193099 0.227977 0.0430209 0 0
457 -0.0125709 0.168428 -0.658877 0.287959 0.101533 0.120207 0 0
458 -0.0102794 0.313604 -0.35333 0.194394 0.131815 0.00156946 0 0
459 0.0122403 -0.0838922 -0.507098 0.223718 0.00577812 0.132226 0 0
460 -0.0574578 0.129714 -0.280626 0.138738 -0.00909326 -0.0564658 0 0
461 -0.0464053 0.0771883 -0.273175 0.130394 0.000240179 -0.047397 0 0
462 0.00828936 0 -0.123532 0.0393685 0.138988 0 0 0
463 0.0216545 -0.122371 -0.369182 0.172983 -0.00337678 -0.103436 0 0
464 -0.0313039 0.551468 -0.157655 0.204197 0.23761 -0.112004 0 0
465 -0.029507 0.56341 -0.152941 0.200633 0.239454 -0.109529 0 0
466 -0.0466932 0.431478 0.142199 0.0342483 0.0117368 0.00521794 0 0
467 -0.043469 0.77776 0.663765 -7.31695e-05 0.164971 0.0255138 0 0
468 -0.0504294 0.206453 -0.220932 0.124957 -0.0183805 -0.0504415 0 0
469 -0.0591528 0.430174 0.133613 0.038328 0.00929097 0.00498755 0 0
470 -0.0526283 0.206363 -0.220135 0.12458 -0.0184373 -0.0506921 0 0
471 0.00606342 -0.0624438 -0.0181487 0.0102632 0.00291661 -0.0316211 0 0
472 0.00774682 -0.060778 -0.0634254 0.0325424 0.005547 -0.0203517 0 0
473 0.00582773 -0.0740122 0.0257835 -0.0103968 -0.000610934 -0.0205052 0 0
474 -0.0312849 0.551468 -0.157722 0.204227 0.237614 0.111962 0 0
475 -0.00346738 0 -0.237226 0.0948543 0.129266 0 0 0
476 -0.00110828 0 -0.204869 0.0797933 0.129913 0 0 0
477 0.000259752 0 -0.241166 0.0959328 0.132899 0 0 0
478 -0.045031 0.533425 -0.156643 0.207097 0.229861 -0.109679 0 0
479 -0.0525825 0.784377 0.661615 0.00499574 0.167039 0.0246339 0 0
480 -0.0428406 0.529819 -0.160213 0.208698 0.23024 -0.11162 0 0
481 -0.0578508 0.622829 -0.107793 0.173059 0.237121 0.0927799 0 0
482 -0.00233996 0 -0.273577 0.113148 0.120056 0 0 0
483 -0.00567647 0 -0.280584 0.114539 0.129304 0 0 0
484 -0.000864784 -0.0165874 -0.596064 0.252955 0.0312133 0.148551 0 0
485 -0.0210447 0.172536 -0.694049 0.290659 0.114127 0.169925 0 0
486 -0.00101899 -0.0165874 -0.595035 0.252611 0.0311395 0.148037 0 0
487 -0.0439299 0.206363 -0.22076 0.124833 -0.0184062 0.0519331 0 0
488 0.00482829 -0.0400599 -0.144901 0.0700399 0.00927818 0.0121414 0 0
489 -0.0134433 0.0118393 -0.267591 0.124243 0.0100575 -0.0538267 0 0
490 -0.0428354 0.529819 -0.160137 0.208675 0.230206 0.111597 0 0
491 -0.0261595 0.176724 -0.688693 0.288839 0.114376 0.166209 0 0
492 -0.00953553 0.00613945 -0.261359 0.121556 0.0103814 0.0501204 0 0
493 0.00260484 -0.042006 -0.197804 0.0936841 0.013315 0.0372372 0 0
494 -0.0104079 0.00613945 -0.259548 0.120744 0.010315 0.0502762 0 0
495 -0.0482207 0.207013 -0.213927 0.125159 -0.0184783 -0.0510249 0 0
496 -0.0565697 0.429511 0.134798 0.0377616 0.0097168 0.00503439 0 0
497 0.00882199 -0.229509 0.0622058 -0.0136285 -0.00461377 0.137224 0 0
498 -0.0565621 0.429511 0.134748 0.037787 0.00970131 -0.00501904 0 0
499 -0.0549952 0.786493 0.661114 0.00643869 0.166808 -0.0242779 0 0
500 -0.00644753 -0.0217175 -0.235795 0.110193 0.0134304 0.0453657 0 0
501 0.00336413 -0.0484353 -0.195892 0.0929186 0.0141825 0.0387182 0 0
502 -0.0325969 0.790362 0.659362 0.00687449 0.164708 -0.0228286 0 0
503 -0.00586857 -0.0244481 -0.230462 0.108005 0.0134128 -0.0402257 0 0
504 0.00298111 -0.049418 -0.199518 0.0948515 0.0144468 -0.0356677 0 0
505 -0.0330985 0.542678 -0.160575 0.206562 0.235811 0.113365 0 0
506 0.00165837 -0.00417989 -0.137368 0.0661916 0.00624457 -0.00268623 0 0
507 0.00363729 -0.0220011 -0.0928239 0.0452382 0.00537808 0.0128714 0 0
508 -0.0489925 0.0748335 -0.259224 0.124508 0.000712435 -0.0331427 0 0
509 0.0587185 -0.20671 -0.0929646 0.0663528 -0.00825312 6.89562e-08 0 0
510 0.047164 -0.18443 -0.221497 0.121639 -0.0121736 6.67375e-06 0 0
511 0.0569179 -0.208822 -0.0103721 0.026811 -0.00391301 -0.0253092 0 0
512 -0.0276925 0.579119 -0.148111 0.195958 0.242008 -0.105133 0 0
513 -0.0348151 0.778803 0.663543 0.000202092 0.160558 0.0256097 0 0
514 -0.032635 0.790362 0.659593 0.006795 0.164628 0.022651 0 0
515 -0.0258107 0.0810668 -0.291296 0.138138 -0.000854371 -0.060382 0 0
516 -0.0273146 0.0810668 -0.289522 0.137351 -0.000857223 -0.0604708 0 0
517 0.00287797 -0.0486013 -0.19251 0.0914891 0.0140475 -0.0399276 0 0
518 0.0344958 -0.224718 0.16434 -0.0591093 0.0101601 -0.000469879 0 0
519 -0.0690758 0.221597 -0.164407 0.102525 -0.0178196 -0.0445683 0 0
520 0.057497 -0.228725 0.185326 -0.0702329 0.0120187 -0.0147359 0 0
521 -0.0129236 0.168428 -0.659142 0.287993 0.101391 -0.121772 0 0
522 -0.00788752 0.303878 -0.337917 0.185214 0.0894777 -0.0285686 0 0
523 -0.00542742 0.127229 -0.383085 0.17641 0.0464253 -0.062748 0 0
524 -0.00928845 -0 -0.324998 0.129079 0.155244 0 0 0
525 -0.00550291 -0 -0.274491 0.111586 0.130357 0 0 0
526 -0.0502225 0.782429 0.662325 0.00357671 0.166862 0.0247464 0 0
527 0.00833436 -0.193565 -0.0217395 0.0200975 -0.006938 0.143222 0 0
528 0.00708112 -0.161406 -0.0847332 0.0434139 -0.00648213 0.1534 0 0
529 0.020728 -0.185258 -0.0806218 0.0509117 -0.00689898 0.105602 0 0
530 0.0225859 -0.122371 -0.36887 0.172851 -0.00337062 -0.103422 0 0
531 -0.0345497 0.177884 -0.6892 0.292573 0.116226 -0.162758 0 0
532 -0.0644776 0.432501 0.127996 0.0410616 0.00792225 0.00571139 0 0
533 -0.054747 0.206816 -0.230584 0.127432 -0.0191967 -0.0528723 0 0
534 -0.0617652 0.431185 0.13153 0.0393875 0.00868723 0.0047094 0 0
535 -0.0333579 0.0813814 -0.291242 0.138173 -0.00098665 0.0608984 0 0
536 -0.019036 0.0810668 -0.301176 0.142706 -0.000806095 0.0558594 0 0
537 -0.00747158 0.00613945 -0.259792 0.12111 0.0102098 0.0444371 0 0
538 -0.0086181 0.00613945 -0.26103 0.121467 0.0103399 0.0488918 0 0
539 0.0385884 -0.209542 -0.00803266 0.0252874 -0.00430735 -0.0413478 0 0
540 -0.0410321 0.0852618 -0.299685 0.142379 -0.00142642 -0.0609544 0 0
541 0.036711 -0.180212 -0.170371 0.096051 -0.00987318 0.0644813 0 0
542 0.042507 -0.208867 -0.015584 0.0291746 -0.00452413 0.0341556 0 0
543 0.040335 -0.208867 -0.0150441 0.0288916 -0.00451141 0.0347021 0 0
544 0.0193658 -0.116648 -0.408394 0.192036 -0.00429921 0.0509768 0 0
545 0.0367011 -0.180212 -0.170356 0.0960424 -0.00987312 -0.0645114 0 0
546 -0.0261628 0.176724 -0.688786 0.288868 0.114391 -0.166244 0 0
547 -0.0276477 0.177736 -0.687482 0.288535 0.114406 -0.164386 0 0
548 -0.0279516 0.0393239 -0.297113 0.13802 0.00668207 0.0588537 0 0
549 -0.0169589 0.00960795 -0.265549 0.12342 0.0104291 0.0507401 0 0
550 -0.036292 0.0308004 -0.254637 0.120261 0.00681141 -0.0219414 0 0
551 -0.020912 0.00346664 -0.253009 0.118191 0.0106404 -0.0400128 0 0
552 -0.0104865 -0.0218363 -0.232449 0.10925 0.012881 -0.0300254 0 0
553 -0.00964732 -0.0205023 -0.233313 0.109407 0.012943 -0.0375052 0 0
554 0.0207237 -0.122371 -0.369686 0.173178 -0.00338281 0.103679 0 0
555 0.0384649 -0.180212 -0.170007 0.0959008 -0.00985279 0.0641825 0 0
556 -0.0176908 0.00747038 -0.259902 0.120788 0.0102596 0.0529466 0 0
557 -0.0065264 -0.0224729 -0.232754 0.10892 0.0133564 0.0434628 0 0
558 -0.0615953 0.225155 -0.218634 0.129791 -0.0226118 -0.0554144 0 0
559 -0.0697859 0.435875 0.128467 0.0407836 0.00602693 0.00164801 0 0
560 -0.0254612 0.00302007 -0.244452 0.114928 0.01001 0.0205835 0 0
561 -0.0556677 0.615112 -0.0191901 0.178776 0.235341 -0.0853372 0 0
562 -0.0578551 0.622829 -0.107969 0.173088 0.237225 -0.0928177 0 0
563 0.0329722 -0.243176 0.344787 -0.16 0.0279063 -0.0434379 0 0
564 0.0612222 -0.230573 0.179425 -0.0658606 0.0107057 0.00319178 0 0
565 0.037408 -0.245642 0.368163 -0.171903 0.0280136 5.87639e-05 0 0
566 -0.00518498 -0 -0.317112 0.134765 0.107889 0 0 0
567 -0.000661154 -0.0424398 -0.231844 0.109668 0.0150078 0.0165055 0 0
568 -0.0107384 0 -0.51749 0.220541 0.105312 0 0 0
569 0.0113415 -0.0809133 -0.51532 0.22774 0.005819 -0.123429 0 0
570 -0.0574671 0.788767 0.660505 0.008061 0.166322 0.0239039 0 0
571 -0.0600044 0.791187 0.658935 0.0102108 0.165312 0.024169 0 0
572 0.0540047 -0.208726 -0.0066146 0.0249356 -0.00378324 0.0280984 0 0
573 -0.0113444 0 -0.418884 0.168181 0.164067 0 0 0
574 0.000265795 -0.0184766 -0.522417 0.226932 0.0252648 -0.116713 0 0
575 0.000259752 -0.0417361 -0.270333 0.122642 0.0091215 -0.10587 0 0
576 0.0601351 -0.229963 0.185824 -0.0703781 0.0122597 0.0189413 0 0
577 0.0218488 -0.0643599 -0.171303 0.0826965 0.014349 -0.0337009 0 0
578 0.0231705 -0.0665917 -0.179206 0.086335 0.0151188 -0.0356495 0 0
579 0.0571624 -0.211319 0.00676507 0.0186591 -0.00285566 0.0219993 0 0
580 -0.00454044 -0.00289194 -0.644805 0.27143 0.0356367 -0.151233 0 0
581 -0.0325418 0.177884 -0.687244 0.288934 0.113985 -0.16086 0 0
582 -0.00376055 -0.003016 -0.643958 0.270998 0.0355948 -0.152085 0 0
583 -0.00289803 0.00622122 -0.223064 0.105623 0.00846303 -0.00303991 0 0
584 -0.0369616 0.776196 0.663914 -0.0015719 0.161704 -0.0263523 0 0
585 0.0122352 -0.0838922 -0.506912 0.223634 0.00577957 -0.132298 0 0
58 0.0131914 -0.127476 -0.395979 0.189536 -0.00725898 -1.09987e-06 0 0
587 -0.0104237 0.00613945 -0.259551 0.120744 0.0103156 -0.0503089 0 0
588 -0.00955478 0.00613945 -0.261368 0.121558 0.0103824 -0.0501684 0 0
589 -0.0119668 0.491142 -0.0898166 0.162782 0.150625 -0.0436812 0 0
590 0.00937349 -0.0644283 -0.101774 0.0509845 0.00857579 -0.0168154 0 0
591 -0.00488019 -0.0217175 -0.236533 0.110427 0.0135142 -0.0475564 0 0
592 -0.0127696 0.0118393 -0.267351 0.124135 0.0100465 -0.0538459 0 0
593 0.0253674 -0.0743123 -0.202144 0.097662 0.017334 -4.88271e-05 0 0
594 0.00761721 -0.0595541 -0.236912 0.112632 0.017062 -9.33202e-05 0 0
595 0.0627501 -0.225147 0.0576082 -0.00370449 0.000505223 5.13063e-05 0 0
596 0.0597486 -0.208849 -0.0499657 0.0463209 -0.0061156 0.0184681 0 0
597 -0.00690901 -0.021557 -0.235912 0.11026 0.0134109 0.0451502 0 0
598 0.0349341 -0.180212 -0.169823 0.0957771 -0.00984682 -0.0648745 0 0
599 -0.0522117 0.551314 -0.14694 0.202861 0.228656 -0.100036 0 0
600 -0.0496575 0.544425 -0.148649 0.203289 0.22945 -0.104762 0 0
601 -0.00944452 0.283908 -0.144329 0.103513 -0.00823973 0.0956646 0 0
602 -0.0113444 0.379643 -0.113873 0.113347 -0.0153607 0.0986606 0 0
603 -0.00375838 -0.003016 -0.64399 0.271013 0.035594 0.152068 0 0
604 0.0424988 -0.208867 -0.0155663 0.029165 -0.00452401 -0.0341831 0 0
605 -0.0287885 0.0810668 -0.289092 0.137163 -0.000849185 -0.0604361 0 0
606 -0.0398098 0.206363 -0.221073 0.12495 -0.0184759 -0.0525079 0 0
607 -0.0390529 0.0761256 -0.302232 0.142116 0.000269753 -0.0618716 0 0
608 -0.012439 0.081246 -0.290092 0.139628 0.000946911 0.00622372 0 0
609 -0.00513112 0.127693 -0.167173 0.0867646 -0.00141029 0.0573825 0 0
610 -0.0075268 0.176565 -0.20103 0.107978 -0.00405192 0.0696752 0 0
611 0.0197544 -0.122371 -0.370315 0.173411 -0.00338904 -0.104087 0 0
612 -0.0120656 0.0118393 -0.267431 0.124203 0.0100295 0.0532136 0 0
613 0.0166436 -0.122371 -0.36868 0.172626 -0.00334897 -0.105019 0 0
614 -0.0675634 0.221989 -0.202478 0.119731 -0.0206664 -0.0522101 0 0
615 -0.0780558 0.441795 0.153145 0.0277555 0.00569705 -0.00744167 0 0
616 0.0518176 -0.187334 -0.166286 0.0966305 -0.0105365 0.0369593 0 0
617 -0.0572635 0.224421 -0.223475 0.132027 -0.0226068 0.0542796 0 0
618 -0.0486599 0.130019 -0.30741 0.149981 -0.00990413 0.0659723 0 0
619 -0.0592231 0.211329 -0.233707 0.129951 -0.0201846 0.0539497 0 0
620 -0.0368608 0.0982632 -0.303497 0.144918 -0.00348302 0.0655116 0 0
621 -0.0377971 0.0787732 -0.294286 0.138222 -0.0008272 0.0641123 0 0
622 -0.000406274 -0.016845 -0.598149 0.253786 0.0313173 0.148506 0 0
623 -0.0163862 0.168173 -0.711175 0.296885 0.115112 0.172912 0 0
624 0.0539994 -0.208867 -0.00568854 0.0244571 -0.0037206 -0.0279618 0 0
625 -0.000679781 -0.0424398 -0.23157 0.109541 0.0150041 -0.01678 0 0
626 0.00259012 -0.042006 -0.197813 0.0936872 0.0133166 -0.0372675 0 0
627 -0.0599984 0.791187 0.658936 0.0102129 0.165278 -0.0241657 0 0
628 -0.039559 0.439816 0.148697 0.0312568 0.014078 -0.00753302 0 0
629 -0.00516232 -0.0217175 -0.237152 0.110707 0.0135431 0.0474834 0 0
630 -0.067679 0.799096 0.667732 0.00955495 0.15538 0.0154674 0 0
631 -0.0655122 0.796386 0.660905 0.012067 0.152494 0.0205537 0 0
632 -0.0209842 0.0810668 -0.298118 0.141193 -0.000838879 -0.0593252 0 0
633 -0.0190699 0.0810668 -0.301217 0.142718 -0.000808675 -0.0559925 0 0
634 0.0464933 -0.208867 -0.0138027 0.0283188 -0.0043893 0.0334317 0 0
635 0.0419639 -0.180212 -0.167762 0.0948492 -0.00974476 0.0644857 0 0
636 -0.0557392 0.126241 -0.289432 0.141901 -0.00929907 0.0618418 0 0
637 -0.0656614 0.222057 -0.21874 0.127065 -0.0215936 0.052966 0 0
638 0.0408072 -0.160855 -0.26933 0.137351 -0.0108112 -0.0677572 0 0
639 0.0518047 -0.186793 -0.150308 0.0883906 -0.00991022 -0.0469966 0 0
640 0.000477445 -0.0184766 -0.516834 0.224788 0.0249681 0.11552 0 0
641 -0.00217691 0.0501424 -0.279744 0.128076 0.025388 0.0744311 0 0
642 -0.00518498 0.127229 -0.371261 0.171634 0.0449537 0.0611706 0 0
643 0.00288763 -0.0486013 -0.192492 0.0914817 0.0140459 0.0399164 0 0
644 0.00322481 -0.0487843 -0.197584 0.0937464 0.0142751 -0.0373421 0 0
645 0.0521243 -0.18733 -0.154219 0.0908406 -0.0101029 0.0431163 0 0
646 0.032282 -0.225499 0.168185 -0.0619714 0.0106062 0.000207315 0 0
647 0.0198309 -0.243176 0.337729 -0.155325 0.0268083 -0.0368243 0 0
648 -0.0351657 0.0909228 -0.304274 0.144646 -0.00215213 -0.0621594 0 0
649 -0.0255309 0.0331972 -0.2894 0.134277 0.00708467 -0.0603662 0 0
650 -0.0576546 0.33452 -0.244903 0.137955 0.094693 -0.000219634 0 0
651 0.0474541 -0.187329 -0.135177 0.0814785 -0.00945657 -0.0547048 0 0
652 0.00335889 -0.0484353 -0.19596 0.0929452 0.0141901 -0.0388324 0 0
653 0.00331983 -0.0486013 -0.195062 0.092665 0.0141933 -0.0394577 0 0
654 0.00517947 -0 -0.0807048 0.0163242 0.14845 0 0 0
655 0.00882199 -0 -0.0626204 0.00580915 0.154937 0 0 0
656 0.00609153 -0 -0.0446091 -0.00677667 0.169088 0 0 0
657 0.028378 -0.243176 0.357445 -0.167962 0.0293353 0.0463637 0 0
658 0.0265065 -0.243176 0.356445 -0.167264 0.0291571 0.0451065 0 0
659 -0.0101751 0.00485255 -0.623459 0.26531 0.0357415 0.130545 0 0
660 -0.0766208 0.441795 0.140998 0.034256 0.00725856 -0.00108795 0 0
661 -0.0740676 0.806986 0.668532 0.0119989 0.146809 -0.0129234 0 0
662 0.036852 -0.227258 0.185661 -0.0715636 0.0120413 -0.000975826 0 0
663 0.008966 -0.209022 0.0154216 0.00536897 -0.00647199 0.136645 0 0
664 0.0492545 -0.230498 0.209991 -0.0838084 0.0141123 0.0130905 0 0
665 0.0612407 -0.230645 0.17965 -0.0659687 0.0107514 -0.00249932 0 0
666 0.0439127 -0.183644 -0.150929 0.0876532 -0.00944805 0.0659783 0 0
667 -0.0522067 0.551314 -0.146861 0.202845 0.228612 0.100015 0 0
668 -0.0345482 0.177884 -0.689149 0.292559 0.116217 0.162719 0 0
669 -0.026097 0.812121 0.589757 0.0481735 0.158365 -0.0662476 0 0
670 0.0393122 -0.230498 0.206822 -0.0814003 0.0135301 -0.00855815 0 0
671 -0.0675591 0.221989 -0.202439 0.119714 -0.0206624 0.0521979 0 0
672 0.043934 -0.183898 -0.149816 0.0871674 -0.00942922 -0.0660048 0 0
673 0.0235352 -0.122038 -0.37055 0.173789 -0.00317106 -0.107716 0 0
674 -0.000453771 -0 -0.155167 0.0599127 0.112353 0 0 0
675 -0.0330364 0.0347637 -0.274629 0.128498 0.00676718 0.045985 0 0
676 -0.0228303 0.00389546 -0.24973 0.116974 0.0103603 0.0330388 0 0
677 -0.0311735 0.0350882 -0.278588 0.13 0.00682549 0.0515949 0 0
678 0.016575 -0.24177 0.214619 -0.0853241 0.0101762 -0.074894 0 0
679 0.00819716 -0.242226 0.131121 -0.0467858 0.000355129 -0.1364 0 0
680 0.0059137 -0.250411 0.299845 -0.13356 0.0176656 -0.0904019 0 0
681 -0.0490939 0.430163 0.139911 0.0353327 0.0110627 0.00485905 0 0
682 -0.0418659 0.206363 -0.220638 0.124766 -0.0184227 -0.0522525 0 0
683 0.000381245 -0.0417361 -0.266904 0.121124 0.00904031 0.105779 0 0
684 -0.0627654 0.793736 0.655864 0.0132082 0.159702 0.0252469 0 0
685 -0.0672308 0.434077 0.126438 0.0417982 0.00643649 0.00340741 0 0
686 0.0166737 -0.122371 -0.368681 0.172637 -0.00334965 0.104901 0 0
687 0.0177491 -0.122371 -0.37027 0.173308 -0.00337694 0.105015 0 0
688 -0.0780481 0.441795 0.153325 0.0276656 0.00573123 0.00746456 0 0
689 -0.0525763 0.784377 0.661607 0.0050096 0.167006 -0.0246294 0 0
690 -0.0502156 0.782429 0.662315 0.00359094 0.16683 -0.0247454 0 0
691 -0.0407625 0.529266 -0.161484 0.209052 0.23091 0.112975 0 0
692 0.0434607 -0.230955 0.213147 -0.084975 0.0142989 0.0122913 0 0
693 -0.00289627 0 -0.187291 0.0741017 0.117188 0 0 0
694 0.00084031 0 -0.180115 0.0677698 0.132149 0 0 0
695 0.0152104 -0.0643599 -0.163961 0.0792641 0.0139246 0.0356903 0 0
696 0.00777415 -0.060778 -0.0631373 0.0324051 0.00552439 0.0203105 0 0
697 0.00517947 -0.0447279 -0.0798928 0.0394791 0.00633738 0.024723 0 0
698 -0.0418557 0.206363 -0.220658 0.124775 -0.0184238 0.05225 0 0
699 -0.0368762 0.0982632 -0.303367 0.144862 -0.00348224 -0.06549 0 0
700 -0.03629 0.0308004 -0.254651 0.120268 0.00681163 0.021913 0 0
701 -0.0410228 0.0852618 -0.299756 0.142411 -0.00142536 0.0609391 0 0
702 -0.0390424 0.0761256 -0.3023 0.142146 0.000270196 0.06187 0 0
703 -0.00461447 -0.0217175 -0.235586 0.110009 0.0134637 -0.0474438 0 0
704 0.0132437 -0.0643599 -0.15682 0.0760932 0.0132902 -0.0327312 0 0
705 0.0120608 -0.0787907 -0.516133 0.227998 0.00552868 0.123835 0 0
706 0.0405718 -0.160854 -0.259243 0.132958 -0.0105577 -0.0721339 0 0
707 -0.0075455 0.303878 -0.318967 0.17788 0.0853426 0.0253038 0 0
708 0.0300652 -0.243176 0.357305 -0.167971 0.0294135 0.0478147 0 0
709 -0.0720286 0.437857 0.139113 0.0355946 0.00836808 0.00131218 0 0
710 0.0360926 -0.16275 -0.251548 0.1284 -0.0104264 -0.0878864 0 0
711 -0.00583335 -0.0244481 -0.230763 0.108129 0.0134357 0.0404824 0 0
712 -0.0766264 0.441795 0.140962 0.0342738 0.00725362 0.00109478 0 0
713 -0.0743472 0.439984 0.137786 0.0361257 0.00889751 0.00491143 0 0
714 0.0597472 -0.208693 -0.0506288 0.0466507 -0.00616357 -0.0188034 0 0
715 0.00813349 -0.0721561 -0.523011 0.231548 0.00701413 -0.111846 0 0
716 0.0120688 -0.0835407 -0.504214 0.222417 0.00579486 -0.133074 0 0
717 0.00514654 0 -0.0809955 0.0164835 0.148383 0 0 0
718 -0.0456694 0.77909 0.663368 0.0010472 0.165651 -0.025211 0 0
719 -0.0550011 0.786493 0.661112 0.00643217 0.166846 0.024286 0 0
720 -0.0472949 0.538431 -0.152753 0.205213 0.229756 -0.107592 0 0
721 0.00333316 -0.0486013 -0.19619 0.0932235 0.0142219 -0.0382456 0 0
722 0.0510487 -0.227961 0.180796 -0.067646 0.0111896 0.0072027 0 0
723 -0.0595716 0.12955 -0.256129 0.128355 -0.00792984 -0.0428554 0 0
724 0.0504714 -0.187407 -0.185578 0.105789 -0.0111969 0.0258708 0 0
725 0.0024503 -0.0485202 -0.204054 0.0968471 0.0144927 0.0319818 0 0
726 -0.00513112 0 -0.222721 0.0888203 0.126066 0 0 0
727 -0.000453771 0.034271 -0.136846 0.0665906 0.00325673 -0.0181442 0 0
728 -0.0369814 0.776196 0.663974 -0.00159478 0.161691 0.0263028 0 0
729 -0.0624533 0.615954 0.434371 -0.0415655 0.0650098 0.102744 0 0
730 -0.0424285 0.177884 -0.629614 0.270296 0.104687 -0.139483 0 0
731 -0.0198677 0.171459 -0.697447 0.291846 0.11431 0.171014 0 0
732 0.0501021 -0.188026 -0.132356 0.080521 -0.00924484 0.0496907 0 0
733 0.051118 -0.187508 -0.139014 0.0839443 -0.00958722 -0.0492422 0 0
734 -0.00289627 0.0633408 -0.183998 0.0893954 0.00290209 0.0347334 0 0
735 -0.000511276 0.034271 -0.137644 0.0669662 0.00327672 0.0180191 0 0
736 -0.0123215 -0.0216934 -0.231851 0.109237 0.0125558 -0.0201438 0 0
737 -0.000654054 -0.0165874 -0.598493 0.253782 0.0313892 -0.149627 0 0
738 -0.00540751 -0.00178506 -0.637596 0.268676 0.035754 0.150333 0 0
739 -0.0307777 0.177884 -0.687059 0.288628 0.114161 -0.16258 0 0
740 -0.029179 0.177884 -0.685692 0.287877 0.114264 -0.164172 0 0
741 -0.00197461 -0.015484 -0.604002 0.255704 0.0321603 -0.150909 0 0
742 0.0245046 -0.118437 -0.399011 0.183813 -0.003392 -0.113236 0 0
743 -0.0166061 -0.0127218 -0.530615 0.233425 0.0252038 -0.078887 0 0
744 -0.00542742 0 -0.329384 0.140336 0.106967 0 0 0
745 -0.0547379 0.206816 -0.230652 0.127462 -0.0192005 0.0528795 0 0
746 -0.01226 0.36312 -0.19399 0.150526 0.0813301 -0.0602754 0 0
747 -0.0111334 0.379643 -0.107727 0.110398 -0.0138777 -0.100399 0 0
748 -0.057454 0.129714 -0.280623 0.138738 -0.00909239 0.0564505 0 0
749 -0.0150071 0.167553 -0.711525 0.297994 0.114079 0.166834 0 0
750 0.00609153 -0.0624438 -0.0178204 0.0101045 0.00288933 0.0315597 0 0
751 -0.0256413 0.59894 -0.138947 0.189722 0.24109 -0.0941709 0 0
752 -0.0692588 0.770072 0.640454 -0.000487187 0.137146 0.0247455 0 0
753 -0.0743424 0.439984 0.137779 0.0361288 0.00889861 -0.00491752 0 0
754 0.00297345 -0.0830832 -0.183007 0.0838466 0.00286962 -0.123926 0 0
755 0.0319338 -0.157142 -0.322763 0.162001 -0.0115131 1.43006e-06 0 0
756 -0.0175968 0.169276 -0.70598 0.294855 0.114886 -0.173117 0 0
757 0.0222132 -0.243176 0.347438 -0.161395 0.0279234 -0.039538 0 0
758 -0.0107384 0.515628 -0.254658 0.186413 0.148799 -0.00530917 0 0
759 0.00515346 0 -0.191003 0.0680874 0.154311 0 0 0
760 0.00297345 0 -0.21205 0.0802201 0.143888 0 0 0
761 -0.0356791 0.206363 -0.225037 0.1267 -0.018786 -0.0531111 0 0
762 0.00452391 -0.0773974 -0.50199 0.223905 0.00624113 0.102974 0 0
763 0.0250284 -0.118846 -0.398976 0.186591 -0.00403416 0.087968 0 0
764 -0.000156222 -0.0177634 -0.586891 0.250118 0.0302459 0.14211 0 0
765 -0.0377537 0.206363 -0.222472 0.125565 -0.0185909 -0.0527917 0 0
766 0.00306277 -0 -0.210279 0.0793592 0.144064 0 0 0
767 0.00165837 -0 -0.150233 0.0532964 0.133755 0 0 0
768 0.00323259 -0.0483084 -0.195894 0.0928852 0.0141974 -0.0396631 0 0
769 -0.00282362 -0 -0.186076 0.0734815 0.117463 0 0 0
770 -0.00101701 -0 -0.20299 0.0788628 0.130196 0 0 0
771 -0.00579168 -0.0217175 -0.236987 0.110623 0.0135447 -0.0477115 0 0
772 -0.0111334 -0 -0.414149 0.165535 0.166879 0 0 0
773 -0.0288968 0.203932 -0.243135 0.134835 -0.0196169 -0.0520122 0 0
774 0.0270164 -0.125102 -0.385538 0.18122 -0.0060232 -0.0919822 0 0
775 0.0155724 -0.122371 -0.364734 0.170993 -0.00331434 0.104341 0 0
776 0.0311486 -0.185308 -0.125978 0.0767578 -0.00766559 -0.0578464 0 0
777 -0.0317921 0.0810668 -0.289277 0.137283 -0.0008259 0.0596943 0 0
778 0.00708112 -0 -0.172203 0.0613645 0.14473 0 0 0
779 0.00234195 -0.0485202 -0.204152 0.0968977 0.0144987 -0.0317532 0 0
780 0.00129701 -0.046362 -0.215414 0.102083 0.0148776 -0.0308623 0 0
781 -0.0026561 -0.003016 -0.640921 0.269553 0.0356925 -0.154043 0 0
782 0.00822326 -0 -0.0185648 -0.0261273 0.191294 0 0 0
783 0.00300989 -0.0481539 -0.194669 0.0923249 0.0141113 -0.039861 0 0
784 0.00359818 0 -0.110138 0.0320677 0.142657 0 0 0
785 0.00892914 0 -0.0932251 0.0234802 0.144119 0 0 0
786 0.00939759 -0.0644283 -0.101615 0.0509109 0.00856223 0.0167713 0 0
787 -0.0127998 0.501784 -0.0203376 0.138204 0.107194 -0.069099 0 0
788 -0.0226557 0.0810668 -0.295898 0.14017 -0.000845264 0.060261 0 0
789 -0.0556667 0.615112 -0.0189165 0.178738 0.235174 0.0853317 0 0
790 -0.0424164 0.0759016 -0.2961 0.139621 0.000334778 0.0580354 0 0
791 0.0528815 -0.231001 0.217753 -0.0876326 0.0148633 0.0161577 0 0
792 -0.0302621 0.0810668 -0.289204 0.137228 -0.000838061 0.0601475 0 0
793 0.0204464 -0.0643599 -0.169036 0.0816382 0.0142184 0.0343194 0 0
794 0.0270149 -0.125102 -0.386071 0.181446 -0.00603721 0.0919947 0 0
795 -0.00233996 0.0501424 -0.28621 0.130873 0.0258577 -0.0748348 0 0
796 -0.00217691 -0 -0.267628 0.110394 0.120426 0 0 0
797 0.000381245 -0 -0.237995 0.094433 0.133131 0 0 0
798 0.0204429 -0.0643599 -0.168963 0.0816038 0.0142148 -0.0343512 0 0
799 -0.0697809 0.435875 0.128514 0.0407639 0.00606018 -0.00168288 0 0
800 -0.0075268 0 -0.269835 0.1079 0.138255 0 0 0
801 0.0291804 -0.185308 -0.124762 0.076183 -0.00762271 0.0578908 0 0
802 -0.022839 0.00389546 -0.249637 0.116931 0.0103573 -0.0330699 0 0
803 -0.00928845 0.283908 -0.13948 0.101186 -0.00759573 -0.0966079 0 0
804 -0.00740512 0.176565 -0.198113 0.106616 -0.00387524 -0.0701596 0 0
805 0.0126849 -0.064471 -0.214587 0.102486 0.0168034 -0.026318 0 0
806 0.0592178 -0.242559 0.299732 -0.131786 0.0201595 9.69237e-05 0 0
807 0.0414342 -0.23088 0.210873 -0.084256 0.0141204 -0.0110367 0 0
808 0.0244787 -0.243176 0.35458 -0.166015 0.0288731 -0.0435142 0 0
809 -0.00944452 0 -0.329429 0.131502 0.153112 0 0 0
810 -0.025576 0.59894 -0.140136 0.190151 0.241278 0.0934407 0 0
811 -0.065498 0.796386 0.660924 0.0119784 0.1524 -0.0206043 0 0
812 0.00161101 -0.00417989 -0.137885 0.0664329 0.00626807 0.00260257 0 0
813 0.00584647 -0.0740122 0.0261163 -0.010562 -0.000640354 0.0204575 0 0
814 0.00531806 -0 0.0114449 -0.0519712 0.224288 0 0 0
586 -0.0450683 0.177884 -0.594546 0.257764 0.100174 -0.132636 0 0
